Wavelength (nm),Brightness (photons/cm^2/s/nm),Brightness error (photons/cm^2/s/nm)
201.68304,0.0,0.0
201.69507,0.0,0.0
201.70708,0.0,0.0
201.7191,0.0,0.0
201.73112,0.0,0.0
201.74316,0.0,0.0
201.75519,0.0,0.0
201.76721,0.0,0.0
201.77924,0.0,0.0
201.79126,0.0,0.0
201.80328,0.0,0.0
201.81532,0.0,0.0
201.82735,0.0,0.0
201.83939,0.0,0.0
201.85141,0.0,0.0
201.86345,0.0,0.0
201.87547,0.0,0.0
201.88751,0.0,0.0
201.89954,0.0,0.0
201.91158,0.0,0.0
201.92361,0.0,0.0
201.93564,0.0,0.0
201.94768,0.0,0.0
201.95972,0.0,0.0
201.97176,0.0,0.0
201.9838,0.0,0.0
201.99583,0.0,0.0
202.00787,0.0,0.0
202.01991,0.0,0.0
202.03195,0.0,0.0
202.04399,0.0,0.0
202.05603,0.0,0.0
202.06807,0.0,0.0
202.08012,0.0,0.0
202.09216,0.0,0.0
202.1042,0.0,0.0
202.11626,0.0,0.0
202.1283,0.0,0.0
202.14035,0.0,0.0
202.15239,0.0,0.0
202.16444,0.0,0.0
202.17648,0.0,0.0
202.18854,0.0,0.0
202.20059,0.0,0.0
202.21263,0.0,0.0
202.22469,0.0,0.0
202.23674,0.0,0.0
202.24879,0.0,0.0
202.26085,0.0,0.0
202.2729,0.0,0.0
202.28496,0.0,0.0
202.29701,0.0,0.0
202.30907,0.0,0.0
202.32112,0.0,0.0
202.33318,0.0,0.0
202.34523,0.0,0.0
202.35728,0.0,0.0
202.36935,0.0,0.0
202.38141,0.0,0.0
202.39346,0.0,0.0
202.40553,0.0,0.0
202.41759,0.0,0.0
202.42966,0.0,0.0
202.44171,0.0,0.0
202.45378,0.0,0.0
202.46584,0.0,0.0
202.47791,0.0,0.0
202.48997,0.0,0.0
202.50204,0.0,0.0
202.5141,0.0,0.0
202.52617,0.0,0.0
202.53824,0.0,0.0
202.55031,0.0,0.0
202.56238,0.0,0.0
202.57445,0.0,0.0
202.58652,0.0,0.0
202.59859,0.0,0.0
202.61066,0.0,0.0
202.62273,0.0,0.0
202.63481,0.0,0.0
202.64688,0.0,0.0
202.65895,0.0,0.0
202.67104,0.0,0.0
202.68311,0.0,0.0
202.69518,0.0,0.0
202.70726,0.0,0.0
202.71933,0.0,0.0
202.73141,0.0,0.0
202.7435,0.0,0.0
202.75557,0.0,0.0
202.76765,0.0,0.0
202.77974,0.0,0.0
202.79181,0.0,0.0
202.80389,0.0,0.0
202.81598,0.0,0.0
202.82806,0.0,0.0
202.84015,0.0,0.0
202.85223,0.0,0.0
202.86432,0.0,0.0
202.8764,0.0,0.0
202.88849,0.0,0.0
202.90057,0.0,0.0
202.91267,0.0,0.0
202.92476,0.0,0.0
202.93684,0.0,0.0
202.94894,0.0,0.0
202.96103,0.0,0.0
202.97311,0.0,0.0
202.98521,0.0,0.0
202.9973,3867213577.979857,4560883699.381957
203.0094,0.0,0.0
203.02148,0.0,0.0
203.03358,0.0,0.0
203.04568,0.0,0.0
203.05779,0.0,0.0
203.06987,7034635075.14851,14371679094.483816
203.08197,5355194495.4755335,10066109628.24221
203.09407,0.0,0.0
203.10617,0.0,0.0
203.11827,0.0,0.0
203.13037,0.0,0.0
203.14247,749347932.3181204,1971650146.7892573
203.15457,4079099590.402637,18865188847.475662
203.16667,2800613720.4485083,17030159408.980053
203.17877,1811967776.646184,7864615473.140981
203.19087,3959382786.304479,11364884588.203144
203.20299,11106567457.060946,17459830843.19659
203.21509,5165798434.340923,4976864482.824086
203.22719,375509682.3734679,1147579993.2134578
203.2393,226494216.17356488,1853371791.406377
203.2514,0.0,0.0
203.26352,0.0,0.0
203.27562,0.0,0.0
203.28773,752160844.3054188,1667182917.2735505
203.29984,0.0,0.0
203.31195,0.0,0.0
203.32405,349915144.75260496,793912631.4762756
203.33617,0.0,0.0
203.34828,0.0,0.0
203.3604,0.0,0.0
203.37251,0.0,0.0
203.38463,0.0,0.0
203.39673,0.0,0.0
203.40884,0.0,0.0
203.42096,0.0,0.0
203.43309,0.0,0.0
203.44521,1312312563.5276103,3860612396.775159
203.45732,0.0,0.0
203.46944,0.0,0.0
203.48155,0.0,0.0
203.49368,0.0,0.0
203.5058,0.0,0.0
203.51791,0.0,0.0
203.53004,0.0,0.0
203.54216,0.0,0.0
203.55429,0.0,0.0
203.56641,0.0,0.0
203.57854,0.0,0.0
203.59065,0.0,0.0
203.60278,0.0,0.0
203.61491,0.0,0.0
203.62704,0.0,0.0
203.63916,396906386.12444896,1302221974.2466967
203.65129,98434465.70546757,198579788.23646316
203.66342,250702057.10288528,448491669.3071303
203.67555,0.0,0.0
203.68768,0.0,0.0
203.69981,0.0,0.0
203.71194,0.0,0.0
203.72408,579721259.4058611,1634740292.1359024
203.73621,0.0,0.0
203.74835,0.0,0.0
203.76048,4014058676.963824,10650477281.58848
203.77261,6039615848.079369,13456970032.396185
203.78474,25847087303.204502,76275081464.3998
203.79689,84206011127.93654,533475206651.6355
203.80902,46553706289.749504,193047288585.67093
203.82117,13985347002.997364,26272403270.45797
203.8333,1119377381.2218225,1747377119.9938843
203.84544,0.0,0.0
203.85757,0.0,0.0
203.86972,0.0,0.0
203.88187,0.0,0.0
203.894,0.0,0.0
203.90614,0.0,0.0
203.91829,0.0,0.0
203.93044,0.0,0.0
203.94258,0.0,0.0
203.95473,0.0,0.0
203.96687,0.0,0.0
203.97902,0.0,0.0
203.99117,0.0,0.0
204.00331,743557221.6410805,2025732075.0318892
204.01546,1956110918.4606955,7630519948.98016
204.0276,3705444617.314353,19435393484.643585
204.03975,0.0,0.0
204.05191,1865346622.5975409,3721503365.9690495
204.06406,911367007.125409,1908490737.8635323
204.0762,0.0,0.0
204.08836,0.0,0.0
204.10051,0.0,0.0
204.11267,0.0,0.0
204.12482,0.0,0.0
204.13698,0.0,0.0
204.14912,0.0,0.0
204.16129,0.0,0.0
204.17345,0.0,0.0
204.18561,48237964.89856893,198295447.7282909
204.19775,0.0,0.0
204.20992,0.0,0.0
204.22208,0.0,0.0
204.23424,0.0,0.0
204.2464,0.0,0.0
204.25856,0.0,0.0
204.27072,0.0,0.0
204.28288,253312924.345244,433962872.6000172
204.29504,0.0,0.0
204.30722,0.0,0.0
204.31938,0.0,0.0
204.33154,245145776.34983703,2028857979.449093
204.3437,0.0,0.0
204.35588,0.0,0.0
204.36804,0.0,0.0
204.38022,0.0,0.0
204.39238,0.0,0.0
204.40456,784984337.0657508,2543849167.769794
204.41672,286057816.7063153,1537988902.4704635
204.42889,218006815.58389577,793428470.0692682
204.44107,5062896993.390067,7765329411.667809
204.45323,15150103775.307812,19083569905.5758
204.46541,30572139857.942383,74003111167.38805
204.47758,15394233338.4455,49888230801.2859
204.48976,0.0,0.0
204.50194,0.0,0.0
204.51411,0.0,0.0
204.52629,0.0,0.0
204.53847,0.0,0.0
204.55064,0.0,0.0
204.56282,0.0,0.0
204.575,0.0,0.0
204.58717,0.0,0.0
204.59937,0.0,0.0
204.61154,0.0,0.0
204.62372,0.0,0.0
204.63591,354761075.945572,1975572367.8890977
204.64809,0.0,0.0
204.66026,1156492486.5855875,3005941140.56839
204.67245,0.0,0.0
204.68465,0.0,0.0
204.69682,0.0,0.0
204.70901,0.0,0.0
204.72119,0.0,0.0
204.73338,0.0,0.0
204.74557,0.0,0.0
204.75777,0.0,0.0
204.76996,0.0,0.0
204.78215,0.0,0.0
204.79433,0.0,0.0
204.80652,37024565.159751005,55672569.32118371
204.81873,0.0,0.0
204.83092,1191393623.3259876,2504108252.767761
204.84311,0.0,0.0
204.8553,595909298.9996011,757993605.7034643
204.86749,0.0,0.0
204.87968,0.0,0.0
204.89189,0.0,0.0
204.90408,0.0,0.0
204.91628,296457241.0083935,679390357.2852467
204.92848,2578680287.011016,4887303798.664486
204.94067,1874886551.4311795,6089968077.2266245
204.95288,0.0,0.0
204.96507,0.0,0.0
204.97728,274827047.3784621,474199856.9989951
204.98949,1230028737.35999,2017228413.3096623
205.00168,2874421349.0359755,3340364092.4685683
205.01389,2596907478.921285,5048368133.848127
205.02609,7211191942.830647,12872420705.075172
205.0383,20141075935.99836,95937676465.77972
205.05051,9738470810.87059,53534987851.84489
205.06271,578982738.3277462,2211575811.917393
205.07492,1669565976.6574414,5097567330.028171
205.08713,0.0,0.0
205.09933,449527834.7441623,846052987.1334659
205.11154,0.0,0.0
205.12375,0.0,0.0
205.13596,0.0,0.0
205.14816,0.0,0.0
205.16039,0.0,0.0
205.17259,0.0,0.0
205.1848,0.0,0.0
205.19702,0.0,0.0
205.20923,0.0,0.0
205.22145,0.0,0.0
205.23366,0.0,0.0
205.24588,764754514.0525831,260027643.19626623
205.25809,2025888296.6861024,1321021389.3362746
205.27031,1417694853.840834,1225095732.7509634
205.28253,0.0,0.0
205.29474,0.0,0.0
205.30696,0.0,0.0
205.31918,1509901782.8148887,3821385719.666852
205.33141,0.0,0.0
205.34363,0.0,0.0
205.35585,0.0,0.0
205.36807,0.0,0.0
205.38029,0.0,0.0
205.39252,0.0,0.0
205.40474,0.0,0.0
205.41696,0.0,0.0
205.4292,0.0,0.0
205.44142,0.0,0.0
205.45364,0.0,0.0
205.46588,2950437608.1749697,3762483043.347441
205.4781,0.0,0.0
205.49034,0.0,0.0
205.50256,0.0,0.0
205.5148,0.0,0.0
205.52702,0.0,0.0
205.53926,1259719855.7440538,2191143187.3423743
205.5515,0.0,0.0
205.56372,0.0,0.0
205.57596,0.0,0.0
205.5882,0.0,0.0
205.60043,1092344044.7544036,5919560434.280418
205.61267,0.0,0.0
205.62491,0.0,0.0
205.63715,157450703.45050392,283806972.50507635
205.64938,0.0,0.0
205.66162,1128246628.6802378,2081348815.4502008
205.67386,489848627.51121897,1610796668.8975177
205.6861,0.0,0.0
205.69833,0.0,0.0
205.71059,0.0,0.0
205.72282,0.0,0.0
205.73506,0.0,0.0
205.74731,0.0,0.0
205.75955,0.0,0.0
205.7718,0.0,0.0
205.78404,0.0,0.0
205.7963,0.0,0.0
205.80853,0.0,0.0
205.82079,0.0,0.0
205.83304,0.0,0.0
205.84528,0.0,0.0
205.85753,0.0,0.0
205.86978,0.0,0.0
205.88203,0.0,0.0
205.89429,0.0,0.0
205.90654,239430208.56024507,857795246.2596418
205.91879,0.0,0.0
205.93105,0.0,0.0
205.9433,0.0,0.0
205.95555,0.0,0.0
205.9678,0.0,0.0
205.98007,0.0,0.0
205.99232,0.0,0.0
206.00458,0.0,0.0
206.01685,0.0,0.0
206.0291,0.0,0.0
206.04135,0.0,0.0
206.05362,0.0,0.0
206.06589,0.0,0.0
206.07814,0.0,0.0
206.09041,0.0,0.0
206.10266,5510916505.672695,12782999823.222725
206.11493,324599440.3012121,488320354.49104464
206.1272,0.0,0.0
206.13947,0.0,0.0
206.15173,0.0,0.0
206.164,0.0,0.0
206.17625,0.0,0.0
206.18852,0.0,0.0
206.20081,0.0,0.0
206.21307,0.0,0.0
206.22534,0.0,0.0
206.23761,0.0,0.0
206.24988,0.0,0.0
206.26215,0.0,0.0
206.27443,0.0,0.0
206.2867,0.0,0.0
206.29897,0.0,0.0
206.31125,0.0,0.0
206.32352,0.0,0.0
206.3358,0.0,0.0
206.34808,0.0,0.0
206.36035,0.0,0.0
206.37263,0.0,0.0
206.38492,0.0,0.0
206.39719,442803948.5631798,1385256840.8319054
206.40947,845589291.6979887,1833723144.9754088
206.42175,0.0,0.0
206.43404,0.0,0.0
206.44632,196631855.13833657,434087903.0261733
206.4586,0.0,0.0
206.47089,0.0,0.0
206.48317,0.0,0.0
206.49545,0.0,0.0
206.50774,0.0,0.0
206.52002,0.0,0.0
206.53232,0.0,0.0
206.5446,0.0,0.0
206.55688,0.0,0.0
206.56918,0.0,0.0
206.58147,0.0,0.0
206.59375,0.0,0.0
206.60605,0.0,0.0
206.61835,1134678555.6007211,668498660.0716169
206.63063,195657104.045188,200900793.10806307
206.64293,525992259.96451193,380018628.4576448
206.65523,0.0,0.0
206.66751,0.0,0.0
206.67981,0.0,0.0
206.69211,0.0,0.0
206.70441,1606425358.442168,8541561423.27544
206.71671,1080436475.1802216,8589300750.320412
206.729,1345057316.7963488,5599840753.178478
206.7413,598318417.6088334,2417327174.2972155
206.7536,2846606207.058923,16550272106.37044
206.7659,2215650521.0553894,13488537336.737013
206.7782,0.0,0.0
206.7905,0.0,0.0
206.8028,0.0,0.0
206.81511,0.0,0.0
206.82741,0.0,0.0
206.83971,0.0,0.0
206.85202,0.0,0.0
206.86432,0.0,0.0
206.87663,0.0,0.0
206.88893,7325479905.329247,10880859883.51259
206.90125,37426683349.14912,44403425905.10917
206.91354,28399871824.423805,36662847297.31388
206.92586,13676555294.654278,11184581898.55837
206.93817,36461884292.96989,40494900458.63316
206.95049,49267307781.22231,92307189667.99902
206.9628,22984295990.22983,54850496037.54328
206.9751,3388145645.790616,8990234955.996132
206.98741,2694576123.767272,1734081919.214512
206.99973,956286969.061106,1743150069.7211218
207.01204,1744447234.6081717,2967308476.789192
207.02435,6704944248.73877,7890031757.84831
207.03667,28963036145.00143,29011899274.981613
207.04898,29187444460.1236,34088377006.3386
207.06131,8726151791.249182,10172918032.79234
207.07362,1334196137.2062984,1140327210.5670836
207.08594,294885525.8033521,204412937.15199664
207.09825,0.0,0.0
207.11058,969361651.605897,1015068434.3572502
207.12289,833130739.9500706,426071412.6046524
207.13522,198059644.45224676,95654613.6222003
207.14754,1063507679.2547166,1056272024.6617224
207.15987,1883474734.5701077,3653373119.67432
207.17218,1359190772.5059414,2484569967.622341
207.18451,0.0,0.0
207.19684,0.0,0.0
207.20915,0.0,0.0
207.22148,0.0,0.0
207.23381,0.0,0.0
207.24614,0.0,0.0
207.25847,0.0,0.0
207.2708,0.0,0.0
207.28313,0.0,0.0
207.29546,0.0,0.0
207.30779,0.0,0.0
207.32011,0.0,0.0
207.33244,0.0,0.0
207.34477,0.0,0.0
207.3571,0.0,0.0
207.36945,0.0,0.0
207.38177,306685549.8833349,7733294669.730475
207.39412,963497742.296631,29272551701.511936
207.40645,1114650955.5154607,25964939297.537567
207.41878,0.0,0.0
207.43112,0.0,0.0
207.44347,0.0,0.0
207.4558,0.0,0.0
207.46814,659044573.0488878,3517407782.1787715
207.48048,0.0,0.0
207.49281,0.0,0.0
207.50516,0.0,0.0
207.5175,0.0,0.0
207.52985,0.0,0.0
207.54219,0.0,0.0
207.55453,0.0,0.0
207.56688,0.0,0.0
207.57922,992889947.82595,1437531563.6718884
207.59157,0.0,0.0
207.60391,0.0,0.0
207.61626,0.0,0.0
207.62862,0.0,0.0
207.64096,0.0,0.0
207.65331,0.0,0.0
207.66566,0.0,0.0
207.67801,0.0,0.0
207.69037,0.0,0.0
207.70271,0.0,0.0
207.71507,0.0,0.0
207.72742,0.0,0.0
207.73978,472775365.3236628,1182696956.2884903
207.75214,975751127.3973008,2111574949.2673693
207.76448,996687531.3832684,1983599229.980264
207.77684,138807332.56041393,252014265.46039405
207.7892,0.0,0.0
207.80156,0.0,0.0
207.81392,0.0,0.0
207.82628,134215368.97338045,402048659.7863541
207.83864,0.0,0.0
207.851,0.0,0.0
207.86336,0.0,0.0
207.87572,252319119.9889224,1008775826.676069
207.88808,1132062229.9365091,4735684474.331971
207.90045,141245343.19960046,241506776.71224055
207.91281,0.0,0.0
207.92517,1040252664.390676,1388193481.694951
207.93755,0.0,0.0
207.94991,0.0,0.0
207.96228,0.0,0.0
207.97464,0.0,0.0
207.98701,4734450522.405479,32435090516.27154
207.99937,170389493.59682542,1525145151.8698246
208.01175,1191268339.6276767,25883274113.76409
208.02412,0.0,0.0
208.03648,0.0,0.0
208.04886,0.0,0.0
208.06123,0.0,0.0
208.07361,0.0,0.0
208.08598,0.0,0.0
208.09836,4820673341.556812,18875990259.023613
208.11073,0.0,0.0
208.12311,0.0,0.0
208.13548,1127045124.3759608,5485353160.438672
208.14786,64427554.69985488,157768686.40415677
208.16023,0.0,0.0
208.17262,0.0,0.0
208.185,8052329343.62285,7135352393.808952
208.19737,50041609174.2926,37980379801.74324
208.20976,79069425716.36897,90494569985.33289
208.22214,12743425941.06612,15916372423.036016
208.23453,0.0,0.0
208.2469,0.0,0.0
208.25929,5041553766.977182,31023065008.25445
208.27167,738025339.8407831,4931683563.399747
208.28406,0.0,0.0
208.29645,0.0,0.0
208.30882,0.0,0.0
208.32121,0.0,0.0
208.3336,0.0,0.0
208.34599,0.0,0.0
208.35838,0.0,0.0
208.37077,0.0,0.0
208.38316,0.0,0.0
208.39555,0.0,0.0
208.40794,0.0,0.0
208.42033,940926001.6378696,4613649883.581908
208.43272,0.0,0.0
208.44513,0.0,0.0
208.45752,0.0,0.0
208.46991,722941508.6548775,4033573113.463439
208.48232,0.0,0.0
208.49471,0.0,0.0
208.50711,0.0,0.0
208.5195,0.0,0.0
208.53191,0.0,0.0
208.5443,0.0,0.0
208.5567,1122312030.7725816,7980955802.818611
208.56911,499835597.6098532,3345684218.8120427
208.58151,0.0,0.0
208.5939,0.0,0.0
208.60631,0.0,0.0
208.61871,0.0,0.0
208.63112,103659929.8390984,445033589.9092758
208.64352,236276594.89454523,691987154.798646
208.65593,0.0,0.0
208.66833,0.0,0.0
208.68074,0.0,0.0
208.69315,0.0,0.0
208.70557,0.0,0.0
208.71797,0.0,0.0
208.73038,0.0,0.0
208.7428,0.0,0.0
208.7552,1160793123.533868,939985671.6031884
208.76761,28407735.014527503,35020613.52435386
208.78003,0.0,0.0
208.79243,0.0,0.0
208.80486,1315670680.462567,1919176896.8519664
208.81728,133040383.88319916,356790314.3416656
208.82968,0.0,0.0
208.8421,2467007821.4492927,5198421483.70722
208.85452,14318575377.10484,18189793478.780743
208.86694,3249642967.3699465,3925819015.321641
208.87935,858840112.291689,1321578190.8790329
208.89177,190120278.03101885,524231698.9019761
208.90419,297001190.35140777,1043563065.1486518
208.91661,0.0,0.0
208.92903,0.0,0.0
208.94145,7412646797.472035,10518244947.0127
208.95387,19869361326.02772,51925450567.252365
208.96631,16871150764.55499,43196774282.091255
208.97873,3271533555.7762794,4426934201.739995
208.99115,0.0,0.0
209.00357,0.0,0.0
209.01601,0.0,0.0
209.02843,209472260.2059501,282540482.6821339
209.04086,250513172.6189736,646786627.0133934
209.05328,2013460844.1854975,7633097394.985055
209.06572,735173343.0128217,2043527874.144048
209.07814,0.0,0.0
209.09058,0.0,0.0
209.10301,0.0,0.0
209.11543,0.0,0.0
209.12787,0.0,0.0
209.1403,0.0,0.0
209.15274,0.0,0.0
209.16518,0.0,0.0
209.17761,0.0,0.0
209.19005,0.0,0.0
209.20248,0.0,0.0
209.21492,1184712214.677666,403626586.658474
209.22736,0.0,0.0
209.23979,0.0,0.0
209.25223,0.0,0.0
209.26468,0.0,0.0
209.27711,0.0,0.0
209.28955,0.0,0.0
209.302,1343266103.2172768,2448813770.102936
209.31444,874607547.5543331,1761495054.502095
209.32689,0.0,0.0
209.33932,0.0,0.0
209.35178,503050678.5744601,1200687347.899499
209.36423,0.0,0.0
209.37666,0.0,0.0
209.38911,0.0,0.0
209.40157,0.0,0.0
209.41402,0.0,0.0
209.42645,0.0,0.0
209.4389,0.0,0.0
209.45135,0.0,0.0
209.46381,0.0,0.0
209.47626,0.0,0.0
209.48872,0.0,0.0
209.50117,0.0,0.0
209.51363,0.0,0.0
209.52608,0.0,0.0
209.53853,0.0,0.0
209.55099,0.0,0.0
209.56345,0.0,0.0
209.57591,0.0,0.0
209.58836,0.0,0.0
209.60083,1339324163.6763763,2899887706.547141
209.61328,0.0,0.0
209.62575,0.0,0.0
209.6382,0.0,0.0
209.65067,0.0,0.0
209.66313,0.0,0.0
209.6756,0.0,0.0
209.68806,0.0,0.0
209.70052,0.0,0.0
209.71298,0.0,0.0
209.72545,454248556.468199,1389277960.3919904
209.73792,0.0,0.0
209.75038,0.0,0.0
209.76286,0.0,0.0
209.77533,0.0,0.0
209.7878,0.0,0.0
209.80026,0.0,0.0
209.81274,0.0,0.0
209.82521,0.0,0.0
209.83768,0.0,0.0
209.85016,0.0,0.0
209.86263,0.0,0.0
209.87511,0.0,0.0
209.88757,0.0,0.0
209.90005,0.0,0.0
209.91254,0.0,0.0
209.925,0.0,0.0
209.93748,0.0,0.0
209.94997,569422907.8890082,1127642308.052184
209.96245,379724291.1056659,988039452.1453356
209.97493,0.0,0.0
209.98741,0.0,0.0
209.99989,0.0,0.0
210.01237,0.0,0.0
210.02486,1207752956.4169383,1429485060.4893205
210.03734,0.0,0.0
210.04982,0.0,0.0
210.0623,0.0,0.0
210.0748,0.0,0.0
210.08728,0.0,0.0
210.09976,0.0,0.0
210.11226,0.0,0.0
210.12474,0.0,0.0
210.13724,0.0,0.0
210.14972,0.0,0.0
210.16222,0.0,0.0
210.17471,0.0,0.0
210.18719,586946988.5124007,317667946.35723
210.19969,0.0,0.0
210.21219,0.0,0.0
210.22469,0.0,0.0
210.23718,0.0,0.0
210.24968,0.0,0.0
210.26218,0.0,0.0
210.27467,0.0,0.0
210.28717,0.0,0.0
210.29967,0.0,0.0
210.31216,0.0,0.0
210.32466,0.0,0.0
210.33716,889679279.4595011,3058583804.3928146
210.34967,0.0,0.0
210.36217,0.0,0.0
210.37466,0.0,0.0
210.38718,0.0,0.0
210.39967,0.0,0.0
210.41219,567871403.8946239,1013836593.205904
210.42468,0.0,0.0
210.43719,0.0,0.0
210.44971,0.0,0.0
210.4622,697240024.6052294,704262926.4648206
210.47472,2854704836.114581,5117329708.144234
210.48723,0.0,0.0
210.49974,0.0,0.0
210.51225,0.0,0.0
210.52477,5030025991.261226,9716376232.328394
210.53728,0.0,0.0
210.54979,0.0,0.0
210.5623,0.0,0.0
210.57481,0.0,0.0
210.58733,0.0,0.0
210.59985,1932511611.9149847,14659137529.51912
210.61237,891501931.783761,3962921168.493627
210.62488,0.0,0.0
210.63741,0.0,0.0
210.64992,0.0,0.0
210.66243,961803735.829832,2312461355.189367
210.67496,0.0,0.0
210.68747,0.0,0.0
210.7,0.0,0.0
210.71252,0.0,0.0
210.72504,0.0,0.0
210.73756,0.0,0.0
210.75009,0.0,0.0
210.76262,846349155.695758,1342899767.698898
210.77515,1320741925.374724,1110527402.3576353
210.78767,372765374.6359369,280700017.81176144
210.8002,0.0,0.0
210.81273,0.0,0.0
210.82526,0.0,0.0
210.83778,0.0,0.0
210.85031,0.0,0.0
210.86284,0.0,0.0
210.87538,1210290374.2971218,1491291439.408827
210.88791,495402464.1129029,662587938.8054394
210.90044,0.0,0.0
210.91298,0.0,0.0
210.92551,907655583.8660724,2019800272.850883
210.93805,13730177.988398662,27714521.20313406
210.95058,0.0,0.0
210.96312,2201121623.168848,3900484695.0265865
210.97565,0.0,0.0
210.98819,213332753.82815412,348075603.21596086
211.00073,3218442786.311179,5178792180.363819
211.01326,0.0,0.0
211.0258,0.0,0.0
211.03835,0.0,0.0
211.05089,0.0,0.0
211.06343,1449246653.645869,4262461763.287406
211.07597,1125972474.8784204,2099584323.1829848
211.08852,0.0,0.0
211.10106,0.0,0.0
211.1136,0.0,0.0
211.12616,31037975.25008836,33382340.34002345
211.1387,0.0,0.0
211.15125,0.0,0.0
211.16379,190918368.46185687,163702782.7772321
211.17635,1537394980.1103945,1945601082.4758687
211.18889,0.0,0.0
211.20145,0.0,0.0
211.21399,0.0,0.0
211.22655,0.0,0.0
211.23909,459379658.6079253,574478739.5805464
211.25165,0.0,0.0
211.26421,1756271447.7250702,2221780125.33379
211.27676,0.0,0.0
211.28931,793796604.953353,1567857232.1819682
211.30186,0.0,0.0
211.31442,434441330.3404952,759768464.887209
211.32698,0.0,0.0
211.33954,0.0,0.0
211.3521,0.0,0.0
211.36465,48146430.54498057,70598750.9248322
211.37721,0.0,0.0
211.38979,0.0,0.0
211.40234,0.0,0.0
211.4149,0.0,0.0
211.42746,0.0,0.0
211.44003,0.0,0.0
211.45259,0.0,0.0
211.46516,0.0,0.0
211.47772,0.0,0.0
211.4903,0.0,0.0
211.50285,0.0,0.0
211.51543,0.0,0.0
211.528,0.0,0.0
211.54056,556571821.9480153,3747271447.440545
211.55313,0.0,0.0
211.5657,0.0,0.0
211.57828,0.0,0.0
211.59085,2128290476.5804417,9130248484.33166
211.60342,0.0,0.0
211.616,0.0,0.0
211.62857,0.0,0.0
211.64114,0.0,0.0
211.65372,1131713508.3741782,1732068963.5204809
211.66631,0.0,0.0
211.67888,0.0,0.0
211.69145,0.0,0.0
211.70404,0.0,0.0
211.71661,0.0,0.0
211.72919,0.0,0.0
211.74178,0.0,0.0
211.75435,0.0,0.0
211.76694,0.0,0.0
211.77953,0.0,0.0
211.7921,0.0,0.0
211.80469,0.0,0.0
211.81728,0.0,0.0
211.82986,0.0,0.0
211.84245,0.0,0.0
211.85504,0.0,0.0
211.86763,0.0,0.0
211.88022,0.0,0.0
211.89281,0.0,0.0
211.9054,627810886.5436366,1009631768.6941872
211.91798,4586357132.763574,3272605234.8190746
211.93057,2545105745.15569,2362589633.047776
211.94316,2561668022.89252,2212935276.228015
211.95576,0.0,0.0
211.96835,0.0,0.0
211.98094,0.0,0.0
211.99355,0.0,0.0
212.00613,0.0,0.0
212.01874,1116646359.0186367,3205759843.4836664
212.03133,1556223746.0532303,5125437561.487955
212.04393,0.0,0.0
212.05653,0.0,0.0
212.06914,0.0,0.0
212.08173,0.0,0.0
212.09433,1449936708.6810524,2196321363.834043
212.10693,488000052.3888165,2261083183.7751274
212.11954,0.0,0.0
212.13214,1151414680.1165316,2289459033.7488823
212.14474,2861172797.3519416,4770342720.588434
212.15735,26379604995.69252,69939570325.80064
212.16995,38137638637.76152,95907373643.63838
212.18256,21732653796.558563,13365973782.36394
212.19516,0.0,0.0
212.20778,0.0,0.0
212.22038,0.0,0.0
212.23299,0.0,0.0
212.24561,0.0,0.0
212.25821,0.0,0.0
212.27083,0.0,0.0
212.28343,0.0,0.0
212.29605,0.0,0.0
212.30865,0.0,0.0
212.32127,1765696730.9964645,3457377147.9831777
212.33389,344926982.4051158,476080520.2762669
212.34651,8451531192.963944,10900167862.610155
212.35912,0.0,0.0
212.37173,0.0,0.0
212.38435,0.0,0.0
212.39697,0.0,0.0
212.40959,0.0,0.0
212.42221,0.0,0.0
212.43483,0.0,0.0
212.44745,0.0,0.0
212.46008,0.0,0.0
212.4727,0.0,0.0
212.48532,0.0,0.0
212.49796,0.0,0.0
212.51057,523202470.3390291,1386769618.7144616
212.52319,0.0,0.0
212.53583,0.0,0.0
212.54845,0.0,0.0
212.56108,0.0,0.0
212.57372,0.0,0.0
212.58633,1964117432.6280143,2405570351.8067217
212.59897,1283425170.4721518,1561238954.503236
212.6116,0.0,0.0
212.62424,0.0,0.0
212.63686,0.0,0.0
212.64949,0.0,0.0
212.66212,0.0,0.0
212.67476,0.0,0.0
212.68739,0.0,0.0
212.70004,0.0,0.0
212.71268,0.0,0.0
212.72531,0.0,0.0
212.73795,0.0,0.0
212.75058,0.0,0.0
212.76323,0.0,0.0
212.77586,0.0,0.0
212.78851,0.0,0.0
212.80115,348821029.920011,1126347820.5509791
212.8138,1440063452.7254677,9474496772.69708
212.82643,0.0,0.0
212.83908,0.0,0.0
212.85172,0.0,0.0
212.86436,0.0,0.0
212.87701,0.0,0.0
212.88966,11358886879.408022,75450099865.06009
212.90231,59846697032.29295,228280329179.75644
212.91496,57422872126.37648,34710928073.19772
212.92761,18626505532.150883,10862849349.354353
212.94026,1879407680.2600603,812656722.4304962
212.95291,0.0,0.0
212.96556,0.0,0.0
212.97821,0.0,0.0
212.99086,0.0,0.0
213.00351,0.0,0.0
213.01617,0.0,0.0
213.02882,0.0,0.0
213.04147,5363618.881450273,8490211.371184386
213.05414,1994637797.4263184,4114312427.727973
213.06679,4116097811.646504,6908792846.075202
213.07945,1377987695.084119,2584543096.7820883
213.0921,0.0,0.0
213.10477,2215181379.179691,11249665361.792372
213.11743,3814560448.647504,6322183972.042498
213.13008,2785106708.700124,6180272290.312575
213.14275,0.0,0.0
213.15541,0.0,0.0
213.16808,0.0,0.0
213.18074,140997280.17564997,233005068.745046
213.19341,97674968.55996642,240329452.86462945
213.20607,362840836.14950806,1686668932.9713964
213.21873,0.0,0.0
213.2314,0.0,0.0
213.24406,0.0,0.0
213.25673,0.0,0.0
213.26941,0.0,0.0
213.28207,0.0,0.0
213.29474,2756246523.002933,3634193156.508613
213.30742,1562850359.857303,4862104960.128248
213.32008,162517166.88632008,714150406.9610915
213.33276,0.0,0.0
213.34543,1266515427.8214345,2620070626.623867
213.35811,0.0,0.0
213.37077,0.0,0.0
213.38345,0.0,0.0
213.39613,387718634.41963553,1524491144.662012
213.4088,914803812.5633245,4914145187.049727
213.42148,0.0,0.0
213.43416,1950221954.5657053,8935374034.741707
213.44684,0.0,0.0
213.45952,0.0,0.0
213.4722,1631557502.8707964,9048991224.91229
213.48488,2959612876.072573,11274053355.40691
213.49756,0.0,0.0
213.51024,0.0,0.0
213.52293,2245309741.539825,1583112887.7329185
213.53561,677237427.1542311,1253927655.4614477
213.54829,0.0,0.0
213.56099,0.0,0.0
213.57367,0.0,0.0
213.58635,256330256.03010792,362083025.1265487
213.59904,0.0,0.0
213.61172,0.0,0.0
213.62442,0.0,0.0
213.63712,0.0,0.0
213.6498,1479954010.4073036,3655240472.3636894
213.66249,3995392.660052017,5389164.350414432
213.67519,0.0,0.0
213.68788,4556658964.223358,10177561045.11432
213.70058,0.0,0.0
213.71327,0.0,0.0
213.72595,1670615514.9355626,3691763120.723738
213.73866,257227667.50935563,426016946.57405794
213.75136,395540633.3390784,583683121.3772194
213.76405,0.0,0.0
213.77675,0.0,0.0
213.78944,0.0,0.0
213.80214,0.0,0.0
213.81485,0.0,0.0
213.82755,99721498.74898086,186002024.635505
213.84024,0.0,0.0
213.85295,3038407059.669632,14623178781.22696
213.86565,0.0,0.0
213.87836,0.0,0.0
213.89107,0.0,0.0
213.90376,0.0,0.0
213.91647,1852778419.624705,2181666514.428528
213.92918,2438206998.9417124,2633970091.0175786
213.94188,3032962483.1017013,8336333973.247892
213.95459,0.0,0.0
213.9673,0.0,0.0
213.98001,0.0,0.0
213.99272,0.0,0.0
214.00543,0.0,0.0
214.01814,5500631456.698435,13776502190.414534
214.03085,45137139778.76495,60866355845.58674
214.04358,43948928205.6745,31038319750.508564
214.05629,72342339485.54881,69573394322.09216
214.069,29428253949.57249,38857124718.2645
214.08171,0.0,0.0
214.09444,0.0,0.0
214.10715,0.0,0.0
214.11987,0.0,0.0
214.13258,0.0,0.0
214.14531,0.0,0.0
214.15802,439102874.09149903,413452795.1623656
214.17075,0.0,0.0
214.18347,3377902056.3139305,2329540487.639157
214.1962,9096177959.956934,9863655003.0811
214.20891,17882287776.70029,27554401230.840736
214.22163,29370079417.866238,84351818340.76073
214.23436,17760462608.64103,64331449084.054985
214.24709,0.0,0.0
214.25981,0.0,0.0
214.27254,0.0,0.0
214.28526,4578568464.330253,6999683154.738803
214.29799,0.0,0.0
214.31073,1088766960.302481,1877643482.258785
214.32346,2673368454.897955,6163016304.043511
214.33618,989071982.1435837,4054503397.902618
214.34891,1644367803.1763957,6628660724.525231
214.36165,6444288691.784155,6222817044.179619
214.37437,5797824583.940588,13247291757.899237
214.38712,0.0,0.0
214.39984,0.0,0.0
214.41258,0.0,0.0
214.42531,494260345.5519452,1033539400.1919266
214.43805,238427967.15199903,443760566.2461364
214.45079,0.0,0.0
214.46353,0.0,0.0
214.47626,1186269828.6053896,290174115.33268386
214.489,0.0,0.0
214.50174,0.0,0.0
214.51448,0.0,0.0
214.52722,0.0,0.0
214.53996,959310982.361995,1978403373.5234733
214.5527,855255818.35181,1452088694.542887
214.56546,691245271.0589919,1235341570.2687888
214.5782,0.0,0.0
214.59094,0.0,0.0
214.60368,0.0,0.0
214.61644,0.0,0.0
214.62918,4771651057.239442,11586731112.172174
214.64194,2506702979.894068,7516439670.382209
214.65468,1537353937.0672655,2872610105.558877
214.66743,534857459.2344286,345016513.2778903
214.68018,0.0,0.0
214.69293,0.0,0.0
214.70569,1726782200.486389,2843955145.79124
214.71843,1917039131.3135457,3960207248.856525
214.73119,533331613.1166268,1918343860.7577796
214.74394,0.0,0.0
214.7567,0.0,0.0
214.76945,0.0,0.0
214.78221,0.0,0.0
214.79497,927985786.137546,1374433167.894134
214.80772,0.0,0.0
214.82048,0.0,0.0
214.83324,0.0,0.0
214.84599,0.0,0.0
214.85876,546025837.0498207,1933462867.4046257
214.87152,405872894.102259,1396690999.1956162
214.88428,0.0,0.0
214.89705,0.0,0.0
214.90981,0.0,0.0
214.92258,0.0,0.0
214.93533,0.0,0.0
214.9481,1559737439.6929877,1820102152.38322
214.96088,0.0,0.0
214.97363,0.0,0.0
214.9864,0.0,0.0
214.99918,0.0,0.0
215.01195,835536275.00214,3843146831.631833
215.02472,0.0,0.0
215.03749,0.0,0.0
215.05026,0.0,0.0
215.06303,0.0,0.0
215.07581,0.0,0.0
215.08858,1624809702.2228785,3794711380.00108
215.10135,0.0,0.0
215.11412,11147700389.05788,7942501509.131177
215.12691,28737486852.33222,12675632149.58928
215.13968,16555274554.089483,22149050240.13987
215.15245,5905296307.378892,9942174765.282726
215.16524,4966436142.543698,7362737729.030035
215.17801,2165130194.8025923,4889186378.454624
215.1908,4086157738.420685,9678659149.465776
215.20358,149191488.02657208,382219506.207739
215.21635,4290870738.2505217,12804398968.747513
215.22914,66832318.21504132,49758389.155962296
215.24193,2925483541.979671,614940392.1346878
215.2547,3941703711.011141,2311298410.947659
215.26749,0.0,0.0
215.28027,0.0,0.0
215.29306,8189683857.672393,25353377018.79788
215.30585,32379348873.350395,169045418290.99844
215.31863,31265608368.212887,192279626503.3321
215.33142,0.0,0.0
215.34421,0.0,0.0
215.35699,0.0,0.0
215.3698,0.0,0.0
215.38258,699633001.9322184,2852362957.3691945
215.39537,238157613.5656032,831544292.180953
215.40817,227244056.8322102,553583252.9943554
215.42096,1195981862.6817927,2151726060.8311887
215.43376,0.0,0.0
215.44655,0.0,0.0
215.45935,11660254679.306818,67717338128.24923
215.47214,6810214609.812838,52418408493.47873
215.48494,5414556384.647692,24343887625.18092
215.49774,3565944262.422874,8015301829.059648
215.51053,0.0,0.0
215.52333,0.0,0.0
215.53613,0.0,0.0
215.54893,0.0,0.0
215.56174,0.0,0.0
215.57454,0.0,0.0
215.58734,0.0,0.0
215.60014,0.0,0.0
215.61295,0.0,0.0
215.62575,452460341.0470168,699626122.8054923
215.63857,0.0,0.0
215.65137,1624325754.069168,6901034584.247665
215.66417,2592029433.871376,9040349932.567732
215.67699,108151004.89506082,111942811.8544333
215.68979,0.0,0.0
215.70261,0.0,0.0
215.71541,217852814.9311967,1262591288.8487537
215.72823,0.0,0.0
215.74103,0.0,0.0
215.75385,0.0,0.0
215.76666,0.0,0.0
215.77948,516996250.0261052,2259978455.8909774
215.7923,0.0,0.0
215.8051,0.0,0.0
215.81792,0.0,0.0
215.83073,4534372947.192323,19319566130.367
215.84355,0.0,0.0
215.85637,2135526046.8357184,5604294700.849428
215.8692,6058247992.185083,15104763143.488243
215.88202,0.0,0.0
215.89484,558318547.1810468,3770892464.470639
215.90765,0.0,0.0
215.92049,0.0,0.0
215.9333,0.0,0.0
215.94612,1689620364.3525412,4285573214.066453
215.95895,0.0,0.0
215.97177,0.0,0.0
215.9846,0.0,0.0
215.99744,0.0,0.0
216.01025,2120333745.5099688,5694458591.629488
216.02309,0.0,0.0
216.03592,0.0,0.0
216.04875,0.0,0.0
216.06158,0.0,0.0
216.0744,0.0,0.0
216.08723,0.0,0.0
216.10007,3730563393.787054,18897397152.51781
216.1129,2173423229.266568,3358726721.126609
216.12575,3276656835.81102,3152866343.7706723
216.13858,0.0,0.0
216.15141,0.0,0.0
216.16425,2373922227.161731,13020291290.796783
216.17709,118503618.1432184,496192121.01691216
216.18993,3315961045.0067425,8490127130.165074
216.20276,3716451185.664803,6748955464.392273
216.21561,0.0,0.0
216.22844,7682255919.013795,18736458908.781185
216.24129,13099233341.437662,17892757659.192112
216.25412,27295674577.93061,12214222864.21626
216.26697,9570318901.243958,12826267887.486134
216.27982,259652849.65460604,534660858.1489901
216.29266,0.0,0.0
216.3055,0.0,0.0
216.31834,0.0,0.0
216.33119,0.0,0.0
216.34404,0.0,0.0
216.35689,0.0,0.0
216.36974,0.0,0.0
216.38258,0.0,0.0
216.39543,0.0,0.0
216.40829,0.0,0.0
216.42114,2251493901.0324216,6090788993.768129
216.43399,0.0,0.0
216.44684,142413900.35508105,299152273.0249836
216.4597,877835288.0206473,3476129572.8988314
216.47255,0.0,0.0
216.48541,0.0,0.0
216.49826,0.0,0.0
216.51112,0.0,0.0
216.52399,0.0,0.0
216.53683,0.0,0.0
216.5497,0.0,0.0
216.56256,0.0,0.0
216.57542,0.0,0.0
216.58829,1348856192.097773,5313224182.253408
216.60114,0.0,0.0
216.614,0.0,0.0
216.62686,0.0,0.0
216.63974,816049932.3069557,829979001.9021062
216.6526,4831865968.739141,9520311622.09338
216.66547,0.0,0.0
216.67833,0.0,0.0
216.69119,0.0,0.0
216.70407,0.0,0.0
216.71693,0.0,0.0
216.72981,0.0,0.0
216.74268,0.0,0.0
216.75555,0.0,0.0
216.76842,127679390.47993296,550785092.1113029
216.7813,1668121372.462036,12797609838.116709
216.79416,1792501658.5840578,13086887486.628325
216.80704,0.0,0.0
216.81992,0.0,0.0
216.83279,978270156.0268744,567136033.6347109
216.84567,1721753393.9427848,1220294657.324504
216.85855,0.0,0.0
216.87143,4611833243.298424,15137370563.464071
216.88431,2283538649.1500034,5226323072.435524
216.89719,1270388247.6847534,1420521773.384364
216.91006,0.0,0.0
216.92294,0.0,0.0
216.93582,0.0,0.0
216.9487,0.0,0.0
216.96159,0.0,0.0
216.97447,3288955530.769163,9094311206.030369
216.98737,0.0,0.0
217.00024,0.0,0.0
217.01314,0.0,0.0
217.02602,0.0,0.0
217.03891,0.0,0.0
217.05179,0.0,0.0
217.06468,0.0,0.0
217.07758,0.0,0.0
217.09047,0.0,0.0
217.10336,646008531.1320825,1369436010.844434
217.11624,0.0,0.0
217.12914,0.0,0.0
217.14203,568506510.8519639,465484994.714525
217.15494,0.0,0.0
217.16783,0.0,0.0
217.18073,0.0,0.0
217.19362,2167887392.0797925,4338260875.910822
217.20651,2220818978.076484,4452777443.195756
217.21942,0.0,0.0
217.23232,0.0,0.0
217.24521,0.0,0.0
217.25812,0.0,0.0
217.27101,0.0,0.0
217.28392,1762044740.2317607,6197091122.887654
217.29683,0.0,0.0
217.30972,0.0,0.0
217.32263,0.0,0.0
217.33554,0.0,0.0
217.34843,0.0,0.0
217.36134,0.0,0.0
217.37425,6399996758.386507,16271363870.033236
217.38716,794226180.4084575,2506628237.343744
217.40007,5454644456.639457,16429757002.858318
217.41298,31528808235.37621,108308295260.80736
217.42589,27760706475.46636,138992957563.70642
217.43881,12202416601.041063,71827065093.05585
217.45172,5010197557.184445,21689289192.64544
217.46463,2196096226.259615,6551857831.756244
217.47754,702094274.8095344,2044837767.4746416
217.49046,3601854426.701937,10936615861.165724
217.50337,0.0,0.0
217.51628,0.0,0.0
217.52921,0.0,0.0
217.54213,3281005087.2436166,11396123190.137209
217.55504,0.0,0.0
217.56796,0.0,0.0
217.58089,0.0,0.0
217.5938,0.0,0.0
217.60672,2303503145.8074284,3686553954.043287
217.61964,2609936518.6686625,4523180681.819853
217.63257,1985948947.4424937,6814528523.117114
217.64549,1487787521.8115,7071763720.396069
217.65842,0.0,0.0
217.67134,43294247816.99802,107021863682.34576
217.68427,6681094357.302471,20413471034.759968
217.69719,2345713796.7934284,4363179408.766229
217.71011,2131132735.3049636,2600433526.890208
217.72305,0.0,0.0
217.73598,0.0,0.0
217.7489,0.0,0.0
217.76184,0.0,0.0
217.77477,0.0,0.0
217.7877,0.0,0.0
217.80063,0.0,0.0
217.81357,0.0,0.0
217.82649,0.0,0.0
217.83943,0.0,0.0
217.85237,0.0,0.0
217.86531,0.0,0.0
217.87823,0.0,0.0
217.89117,0.0,0.0
217.90411,3792211089.741346,3666126040.132694
217.91705,2633330095.6779585,2258812250.318372
217.92999,0.0,0.0
217.94293,0.0,0.0
217.95589,0.0,0.0
217.96883,4204265084.983642,12331441994.265692
217.98177,2217997023.8275294,3237119513.099872
217.99471,0.0,0.0
218.00766,0.0,0.0
218.0206,0.0,0.0
218.03355,0.0,0.0
218.04649,0.0,0.0
218.05945,0.0,0.0
218.07239,0.0,0.0
218.08534,0.0,0.0
218.0983,0.0,0.0
218.11124,1348615851.8859446,1989428863.6538525
218.12419,0.0,0.0
218.13715,799481844.5245799,2876866669.314665
218.1501,0.0,0.0
218.16306,0.0,0.0
218.17601,846002136.4291334,4541893348.63804
218.18896,2117236390.7682507,9093726004.078012
218.20192,284710471.57119805,927560007.9254
218.21487,0.0,0.0
218.22783,0.0,0.0
218.2408,0.0,0.0
218.25375,516184696.3927921,2264032596.556712
218.26671,438069860.8908123,1654074099.968228
218.27968,0.0,0.0
218.29263,0.0,0.0
218.3056,0.0,0.0
218.31856,1564413970.5849707,3677404190.34213
218.33153,0.0,0.0
218.34448,183114608.8874319,312708812.7750123
218.35745,277785482.5541761,650950759.3956391
218.37042,93755584.9756091,243640816.95944992
218.38339,0.0,0.0
218.39636,0.0,0.0
218.40932,0.0,0.0
218.42229,2329981195.716479,7168350868.283372
218.43526,0.0,0.0
218.44823,0.0,0.0
218.46121,0.0,0.0
218.47418,0.0,0.0
218.48715,0.0,0.0
218.50012,0.0,0.0
218.51311,0.0,0.0
218.52608,1970975605.283404,2082181048.492129
218.53905,253108285.37564772,168182387.62794688
218.55203,0.0,0.0
218.565,0.0,0.0
218.57799,0.0,0.0
218.59096,0.0,0.0
218.60394,1187441807.4578562,1577923325.2436738
218.61693,808125956.546422,741350853.3508914
218.62991,0.0,0.0
218.64288,3685565414.465651,10328520968.66566
218.65587,3014249125.9700027,6697355942.621108
218.66885,526865358.8765967,955321135.661004
218.68184,0.0,0.0
218.69482,0.0,0.0
218.70781,0.0,0.0
218.72079,0.0,0.0
218.73378,0.0,0.0
218.74678,1790854594.341725,2007587623.506523
218.75977,1007210524.081784,1188053270.30016
218.77275,1584343551.1314266,2620681878.5971107
218.78575,5199263503.69486,8793534382.806585
218.79874,12263686001.1715,26800209479.215546
218.81172,24687339513.64585,90992022937.36092
218.82472,54752343090.24252,288329326917.0445
218.83771,89027206758.99002,462899761765.2215
218.85071,29238727432.812725,93276313721.2514
218.86371,1494962486.828802,3862727400.364537
218.87669,0.0,0.0
218.88969,0.0,0.0
218.90269,0.0,0.0
218.9157,16266546077.278185,63745283552.353584
218.9287,21194496522.285,46588036617.79143
218.9417,5565784829.926003,3438801662.143787
218.9547,895350687.6509954,296886978.42441386
218.9677,1573613397.0969954,1624164669.4917438
218.9807,0.0,0.0
218.9937,0.0,0.0
219.0067,0.0,0.0
219.01971,0.0,0.0
219.03271,0.0,0.0
219.04572,0.0,0.0
219.05873,0.0,0.0
219.07173,0.0,0.0
219.08475,0.0,0.0
219.09775,0.0,0.0
219.11076,0.0,0.0
219.12378,0.0,0.0
219.13678,0.0,0.0
219.1498,1018369151.7900418,3729547712.210374
219.16281,0.0,0.0
219.17583,0.0,0.0
219.18884,0.0,0.0
219.20186,726186165.1839852,2851255659.816949
219.21487,1805163619.699254,3647368011.355542
219.22789,0.0,0.0
219.24091,1973531438.396691,4492101660.399278
219.25392,0.0,0.0
219.26694,0.0,0.0
219.27997,0.0,0.0
219.29298,0.0,0.0
219.306,1150804875.2313426,915711762.4863756
219.31903,0.0,0.0
219.33205,0.0,0.0
219.34508,0.0,0.0
219.35809,1585743371.5081232,2127025149.316802
219.37112,0.0,0.0
219.38416,0.0,0.0
219.39717,1346733371.3899689,2012632038.5672607
219.4102,0.0,0.0
219.42323,0.0,0.0
219.43626,0.0,0.0
219.4493,0.0,0.0
219.46233,0.0,0.0
219.47536,0.0,0.0
219.48839,0.0,0.0
219.50142,0.0,0.0
219.51445,0.0,0.0
219.52748,0.0,0.0
219.54053,0.0,0.0
219.55356,0.0,0.0
219.56659,0.0,0.0
219.57964,0.0,0.0
219.59267,0.0,0.0
219.60571,7607642837.797639,24882014582.15248
219.61876,5639005897.928177,10236602132.332048
219.63179,6283956721.466524,9285552794.03997
219.64484,448751583.19963455,770661745.706733
219.65788,528568932.2588785,637385712.4956369
219.67091,2707537273.328477,3942610575.9904966
219.68396,11474136456.97914,19530723803.467896
219.69701,15809115102.791376,56324903370.41978
219.71005,3327122015.6938367,7373431753.891287
219.7231,6026588321.566613,9357185897.512304
219.73615,26706329957.495087,45778404940.96652
219.74919,70082557626.3271,170923903763.3444
219.76224,58294712432.55408,225978584927.34927
219.7753,17553387946.549557,90089240205.66948
219.78835,0.0,0.0
219.80139,107748367.35481463,133594715.74740358
219.81445,1232403944.87252,4227923867.742042
219.8275,0.0,0.0
219.84055,0.0,0.0
219.85361,0.0,0.0
219.86665,0.0,0.0
219.87971,0.0,0.0
219.89278,0.0,0.0
219.90582,0.0,0.0
219.91888,2988516179.064929,6992629997.036335
219.93195,0.0,0.0
219.94501,1532058135.5609386,4749299180.643605
219.95807,167858097.54205534,358099078.030853
219.97113,0.0,0.0
219.98419,0.0,0.0
219.99725,0.0,0.0
220.01031,148789316.39166987,196670753.8652319
220.02338,0.0,0.0
220.03644,0.0,0.0
220.04951,5011273652.415069,15923326749.30802
220.06258,0.0,0.0
220.07564,0.0,0.0
220.08871,0.0,0.0
220.10178,0.0,0.0
220.11485,0.0,0.0
220.12791,0.0,0.0
220.14099,0.0,0.0
220.15407,0.0,0.0
220.16713,0.0,0.0
220.18021,0.0,0.0
220.19328,0.0,0.0
220.20636,0.0,0.0
220.21944,648602435.7141042,727690754.2053722
220.23251,16306285314.829128,33699909721.229214
220.24559,67081858382.631096,155045890362.83374
220.25867,57927067896.14799,73382214781.48026
220.27174,6333008987.58532,5771615852.891132
220.28482,0.0,0.0
220.2979,0.0,0.0
220.31099,0.0,0.0
220.32407,3576693153.949975,11661141277.23922
220.33714,2939783746.7758284,11819228104.790022
220.35023,0.0,0.0
220.36331,0.0,0.0
220.3764,1486950737.0201612,2597485137.254744
220.38948,0.0,0.0
220.40257,0.0,0.0
220.41566,0.0,0.0
220.42876,0.0,0.0
220.44183,0.0,0.0
220.45493,1359529869.9669929,3387925493.3417287
220.46802,0.0,0.0
220.48111,0.0,0.0
220.4942,0.0,0.0
220.50729,0.0,0.0
220.52039,3522374139.588891,3383668939.6506057
220.53348,0.0,0.0
220.54659,0.0,0.0
220.55968,0.0,0.0
220.57277,3562764400.0407376,2268996630.269171
220.58588,5201504152.427635,6118620698.4414015
220.59897,49253966319.60442,98588559491.92516
220.61206,84807900871.00935,228405058671.5721
220.62517,45613812546.20416,137860492269.076
220.63826,12136079875.956446,30462501060.60008
220.65137,0.0,0.0
220.66447,0.0,0.0
220.67757,0.0,0.0
220.69067,0.0,0.0
220.70378,0.0,0.0
220.71689,0.0,0.0
220.73,0.0,0.0
220.7431,0.0,0.0
220.75621,0.0,0.0
220.76932,0.0,0.0
220.78242,4708116464.994091,39735879773.53632
220.79553,2324055751.155649,10350655007.257193
220.80865,0.0,0.0
220.82176,362986855.8269123,779642699.5849024
220.83487,4091932581.514512,12539434582.371365
220.84799,5178355262.086944,15001709740.393051
220.8611,454696824.8692991,1555281460.270507
220.87421,0.0,0.0
220.88733,0.0,0.0
220.90045,0.0,0.0
220.91356,0.0,0.0
220.92668,0.0,0.0
220.9398,0.0,0.0
220.95291,0.0,0.0
220.96603,1189144654.129821,1171166458.2396047
220.97916,0.0,0.0
220.99228,0.0,0.0
221.0054,0.0,0.0
221.01852,1666158734.5599363,6401020976.676881
221.03165,4233659335.306541,22477800156.37213
221.04477,3217335741.0950227,13643284257.342909
221.05791,0.0,0.0
221.07103,0.0,0.0
221.08415,0.0,0.0
221.09729,0.0,0.0
221.11041,0.0,0.0
221.12354,0.0,0.0
221.13667,0.0,0.0
221.1498,0.0,0.0
221.16293,0.0,0.0
221.17607,1477321040.3274496,1258771338.976014
221.18921,0.0,0.0
221.20233,0.0,0.0
221.21547,0.0,0.0
221.22861,0.0,0.0
221.24174,0.0,0.0
221.25488,0.0,0.0
221.26802,2989627075.9773817,12283795853.631516
221.28116,131404707.1919495,497394449.8380816
221.2943,0.0,0.0
221.30743,0.0,0.0
221.32059,0.0,0.0
221.33372,675652181.142563,860039567.7220728
221.34686,1794942717.115167,1583549011.999123
221.36002,115199962.7195866,135367748.2790059
221.37315,4130295180.4556575,5941215646.29059
221.38629,50562949.2788884,137697104.88585415
221.39944,6834572717.466784,27697887018.967106
221.4126,34550743972.00612,37631698151.45002
221.42574,64144819432.141045,78368255491.1145
221.43889,24834098673.35753,41178226139.34502
221.45204,4213488741.137001,4064688373.6234593
221.46518,1606378896.615631,1893609003.3858776
221.47833,3449023884.411983,7273324626.487967
221.49149,6500742307.914805,12465056334.542126
221.50464,4769649684.341457,7260763018.38006
221.51779,1853465500.1218364,3290043606.8209567
221.53094,10528994272.380217,14222060504.888865
221.5441,44209831440.58403,36828822920.04093
221.55727,76923745749.09532,130026415179.58206
221.57042,46627881843.34448,108132498291.18008
221.58357,1941511851.921076,5970673631.475193
221.59673,1737131303.26009,6545641810.397385
221.60989,5088754825.069934,18003762590.224644
221.62305,4284914088.609656,10217328474.88688
221.63622,0.0,0.0
221.64937,2654977103.323809,11909833871.757011
221.66254,140498021.36478317,308881947.3572537
221.67569,1999165551.6116264,3823903949.606378
221.68886,0.0,0.0
221.70203,965399961.8967428,2731252676.2481084
221.71518,6204344159.41719,31103434245.819805
221.72835,18168335716.13119,97475290063.39226
221.74152,47575677680.548935,159852705324.61667
221.75468,54306189918.51365,204892616240.36423
221.76785,9938777137.14784,53436049948.02318
221.78102,0.0,0.0
221.79419,0.0,0.0
221.80736,1458381431.8284588,648452589.2901969
221.82054,0.0,0.0
221.83371,0.0,0.0
221.84688,0.0,0.0
221.86005,0.0,0.0
221.87323,335920945.80412406,212713895.01867664
221.8864,1965853478.9625652,2977709053.3703485
221.89958,0.0,0.0
221.91275,0.0,0.0
221.92593,0.0,0.0
221.93912,0.0,0.0
221.95229,0.0,0.0
221.96547,0.0,0.0
221.97865,3148553283.990169,1413948280.5977976
221.99184,184794202.821352,96312320.15592793
222.00502,2331126748.369829,1791141190.4090493
222.0182,0.0,0.0
222.03139,0.0,0.0
222.04457,0.0,0.0
222.05775,0.0,0.0
222.07094,6651882798.854423,34377285513.604675
222.08412,0.0,0.0
222.09732,0.0,0.0
222.1105,613858922.095745,1636893865.831411
222.12369,149733932.07599515,171058169.21826932
222.13689,640915120.968449,172918343.54521608
222.15007,0.0,0.0
222.16327,0.0,0.0
222.17645,0.0,0.0
222.18965,0.0,0.0
222.20285,0.0,0.0
222.21603,0.0,0.0
222.22923,0.0,0.0
222.24243,0.0,0.0
222.25563,0.0,0.0
222.26883,0.0,0.0
222.28203,0.0,0.0
222.29523,0.0,0.0
222.30843,0.0,0.0
222.32162,4961066343.487222,7716385638.45076
222.33482,0.0,0.0
222.34804,0.0,0.0
222.36124,0.0,0.0
222.37444,0.0,0.0
222.38765,0.0,0.0
222.40085,0.0,0.0
222.41406,0.0,0.0
222.42726,0.0,0.0
222.44048,0.0,0.0
222.45369,0.0,0.0
222.46689,0.0,0.0
222.4801,0.0,0.0
222.49332,1733182429.963489,3604560112.946644
222.50653,1527791971.256679,2106228901.798742
222.51974,0.0,0.0
222.53296,0.0,0.0
222.54617,0.0,0.0
222.55939,0.0,0.0
222.5726,0.0,0.0
222.58582,0.0,0.0
222.59904,0.0,0.0
222.61226,0.0,0.0
222.62547,0.0,0.0
222.6387,0.0,0.0
222.65192,0.0,0.0
222.66515,0.0,0.0
222.67836,0.0,0.0
222.69159,1540247326.9233642,4122700043.552868
222.7048,0.0,0.0
222.71803,0.0,0.0
222.73126,0.0,0.0
222.74449,639806391.887241,1314104698.379357
222.75772,0.0,0.0
222.77094,0.0,0.0
222.78416,0.0,0.0
222.79739,0.0,0.0
222.81064,0.0,0.0
222.82387,2881852886.796015,4789040544.38318
222.8371,0.0,0.0
222.85033,0.0,0.0
222.86356,0.0,0.0
222.8768,0.0,0.0
222.89003,0.0,0.0
222.90327,1714529837.1435344,3320556767.7625923
222.9165,4914867953.157591,13152255876.812622
222.92975,155765332.7370786,291177164.9130844
222.94298,1648721309.0315137,3852672487.7760015
222.95622,0.0,0.0
222.96947,0.0,0.0
222.9827,0.0,0.0
222.99594,0.0,0.0
223.00919,0.0,0.0
223.02243,0.0,0.0
223.03568,0.0,0.0
223.04892,0.0,0.0
223.06216,1508468716.9697366,831703331.8017087
223.07541,0.0,0.0
223.08865,0.0,0.0
223.10191,144517024.5482944,297601886.280797
223.11516,164349093.95093355,314238038.0370445
223.1284,0.0,0.0
223.14166,0.0,0.0
223.15491,0.0,0.0
223.16817,0.0,0.0
223.18141,0.0,0.0
223.19467,974939543.2264892,2993455988.3771377
223.20792,1937059152.524644,5070450376.984592
223.22118,0.0,0.0
223.23444,0.0,0.0
223.2477,0.0,0.0
223.26094,0.0,0.0
223.2742,0.0,0.0
223.28746,20187115825.39708,53174717023.1222
223.30072,17062034899.850737,55784319759.08661
223.31398,230263943.53349245,438985663.4338323
223.32726,4410842459.505603,8979046897.383059
223.34052,0.0,0.0
223.35378,0.0,0.0
223.36703,0.0,0.0
223.38031,2562345610.718078,6037861249.443153
223.39357,2972122522.4142723,5864701884.269577
223.40683,1802828478.615018,2674232144.7835894
223.4201,2912386430.7248745,3080778219.7405534
223.43336,185899548.22431132,309653576.71004504
223.44664,6581433647.212025,17545361679.851295
223.45992,24492387329.163334,67006383787.63967
223.47318,37316220258.56549,67414271218.97629
223.48645,10928570007.97069,8993336101.413576
223.49973,1446972176.5530486,428468139.6043971
223.513,5739174222.486965,2371107930.1044006
223.52628,3132863956.241084,3794167988.237289
223.53955,0.0,0.0
223.55283,1256533072.4845958,6305838565.090057
223.5661,0.0,0.0
223.57938,0.0,0.0
223.59265,238388574.67973715,496407533.7803456
223.60593,0.0,0.0
223.6192,0.0,0.0
223.63249,1663666639.6673515,913032169.5821683
223.64577,2030712052.525168,740496363.9884044
223.65904,0.0,0.0
223.67233,0.0,0.0
223.68562,6469582646.449271,9437982119.977262
223.6989,0.0,0.0
223.71219,0.0,0.0
223.72546,0.0,0.0
223.73875,0.0,0.0
223.75204,0.0,0.0
223.76534,0.0,0.0
223.77863,2572259954.560618,2782156713.4142118
223.79192,0.0,0.0
223.80521,0.0,0.0
223.8185,0.0,0.0
223.83179,0.0,0.0
223.84508,6314956412.789404,31382697961.0026
223.85837,3135374281.0992303,12161181636.576675
223.87166,599455563.1593868,1887495831.6872911
223.88496,0.0,0.0
223.89825,0.0,0.0
223.91156,0.0,0.0
223.92485,5242638854.487181,16168131988.71609
223.93816,5863982971.423448,27975434446.242954
223.95145,0.0,0.0
223.96475,0.0,0.0
223.97806,0.0,0.0
223.99135,1345617791.296847,1989572918.1465209
224.00465,0.0,0.0
224.01796,0.0,0.0
224.03127,2459196450.8857927,3204317482.078021
224.04457,186120571.0853185,220046188.864254
224.05788,0.0,0.0
224.07118,0.0,0.0
224.08449,0.0,0.0
224.09779,897917535.1191239,2843640703.3493977
224.1111,1235335627.574283,1924777289.015899
224.12442,0.0,0.0
224.13773,2219848208.476153,9642658191.972189
224.15103,2620328166.3163238,7732870119.41305
224.16435,8733929085.528862,12288651796.95375
224.17766,0.0,0.0
224.19098,0.0,0.0
224.20428,2549600561.58753,6825132193.730486
224.21761,4124743454.372504,5592736173.465102
224.23093,0.0,0.0
224.24423,0.0,0.0
224.25755,0.0,0.0
224.27087,0.0,0.0
224.28419,0.0,0.0
224.29752,0.0,0.0
224.31084,0.0,0.0
224.32416,7975696448.752328,54826657976.47676
224.33748,6039365928.998672,33206744240.17512
224.3508,0.0,0.0
224.36412,0.0,0.0
224.37746,0.0,0.0
224.39078,3022978067.7754903,6741856229.458
224.4041,49128134.08018968,67002666.34977369
224.41743,5866247310.147354,5663739987.190818
224.43076,0.0,0.0
224.44409,0.0,0.0
224.45741,5186832175.019122,4765984540.619018
224.47075,2622930807.040152,5173295062.499969
224.48409,7128384175.467347,13055382707.321592
224.49742,5257493321.821922,19827677299.784477
224.51074,0.0,0.0
224.52408,572388271.2292118,1904927909.079425
224.53741,2054193651.829717,11195303468.809973
224.55075,0.0,0.0
224.56409,0.0,0.0
224.57742,0.0,0.0
224.59076,0.0,0.0
224.6041,0.0,0.0
224.61745,3196097575.18411,7190199074.934733
224.63078,4530781986.900443,19322002581.87128
224.64412,2974359610.3308644,12070856610.973814
224.65747,0.0,0.0
224.67081,0.0,0.0
224.68416,0.0,0.0
224.69749,0.0,0.0
224.71085,65077296628.85665,410943566531.9224
224.72418,109474796513.59325,929281538299.2642
224.73753,37921293932.6844,138720248977.35062
224.75089,0.0,0.0
224.76424,0.0,0.0
224.77757,644853317.4272338,1302810391.2617009
224.79092,0.0,0.0
224.80428,0.0,0.0
224.81763,0.0,0.0
224.83098,1002479765.9752792,3161569753.663229
224.84433,0.0,0.0
224.8577,0.0,0.0
224.87105,0.0,0.0
224.8844,0.0,0.0
224.89775,0.0,0.0
224.91112,0.0,0.0
224.92447,0.0,0.0
224.93784,733667576.146903,2277147005.8810177
224.95119,0.0,0.0
224.96455,0.0,0.0
224.97792,0.0,0.0
224.99127,0.0,0.0
225.00464,0.0,0.0
225.01801,1381901341.9695833,3578677148.955131
225.03137,0.0,0.0
225.04474,0.0,0.0
225.05811,0.0,0.0
225.07147,705176938.0975918,966074571.121832
225.08484,2455001651.618689,4060085312.758896
225.09821,2211808390.038204,4914335176.1776
225.11157,2470526594.6133966,4809442860.595969
225.12494,0.0,0.0
225.13832,160036542.84619597,160362858.39858207
225.15169,761727528.9257959,1212077947.2423403
225.16505,155510396.87907866,196588603.8650317
225.17844,0.0,0.0
225.1918,153631079.97442386,278850381.6814488
225.20518,1983892879.6012049,5451822368.806352
225.21855,1993540798.150215,7435658033.038386
225.23193,1304426112.8959577,4402393605.832309
225.24532,685794521.3766336,1818227495.432379
225.2587,0.0,0.0
225.27206,0.0,0.0
225.28545,19320663.998638816,13418443.958946874
225.29883,248158414.89169195,87928219.01793024
225.31221,0.0,0.0
225.32559,1027879797.3163272,673593944.8788719
225.33897,0.0,0.0
225.35236,57445567.52678422,75687389.37282681
225.36575,665484782.7742848,1230773201.9548595
225.37914,0.0,0.0
225.39252,0.0,0.0
225.4059,0.0,0.0
225.4193,0.0,0.0
225.43268,223285007.3343568,514876394.747781
225.44608,480094138.3788584,1553999307.280023
225.45946,0.0,0.0
225.47285,0.0,0.0
225.48625,0.0,0.0
225.49963,546700245.0793275,702173836.9860967
225.51303,65428897.53421342,89144502.86391845
225.52643,0.0,0.0
225.53983,0.0,0.0
225.55322,0.0,0.0
225.56662,174061659.67198986,396966311.3536609
225.58002,1102341632.5832665,1457512466.4039614
225.59341,0.0,0.0
225.60681,0.0,0.0
225.62021,262367678.5636748,489043349.5476575
225.63362,0.0,0.0
225.64702,0.0,0.0
225.66042,0.0,0.0
225.67383,3592246237.1183486,5894813330.509341
225.68723,4997496652.877958,6975040063.726472
225.70064,0.0,0.0
225.71404,0.0,0.0
225.72745,0.0,0.0
225.74086,0.0,0.0
225.75426,0.0,0.0
225.76767,0.0,0.0
225.78108,0.0,0.0
225.79449,0.0,0.0
225.80791,0.0,0.0
225.82132,0.0,0.0
225.83473,0.0,0.0
225.84814,0.0,0.0
225.86156,8521962245.239215,30087895917.954857
225.87497,11949657164.920996,61227905448.43439
225.8884,0.0,0.0
225.90181,1746000211.6460674,6810877245.920783
225.91522,330961007.1043121,822305735.5057613
225.92865,1438262730.8340423,1919264908.040028
225.94206,0.0,0.0
225.95549,0.0,0.0
225.9689,0.0,0.0
225.98233,0.0,0.0
225.99576,0.0,0.0
226.00917,0.0,0.0
226.0226,0.0,0.0
226.03603,0.0,0.0
226.04945,0.0,0.0
226.06288,0.0,0.0
226.07631,0.0,0.0
226.08974,7128953317.882064,13701564127.67192
226.10316,0.0,0.0
226.11659,0.0,0.0
226.13004,0.0,0.0
226.14346,0.0,0.0
226.15689,1495283707.9415665,3691740240.2930937
226.17033,1193051705.905067,2529566950.565415
226.18376,0.0,0.0
226.1972,0.0,0.0
226.21063,0.0,0.0
226.22408,1814905919.9868608,1897442905.1769104
226.2375,0.0,0.0
226.25095,0.0,0.0
226.26439,0.0,0.0
226.27783,0.0,0.0
226.29128,909335807.8679724,290272426.7784304
226.3047,621919685.4500426,1153058795.5398557
226.31815,0.0,0.0
226.33159,2872204782.666509,5529954507.364218
226.34505,0.0,0.0
226.35849,103111804.59458824,371361431.7442635
226.37193,2499497764.388323,8935724304.041698
226.38538,6632543230.530387,19617810937.50973
226.39882,3871569100.525199,14946185478.365149
226.41228,1854241901.1787891,5908057665.926509
226.42572,4518350304.743315,6775469866.571857
226.43918,2631303732.143336,3789899719.613809
226.45262,0.0,0.0
226.46608,876216358.1571183,1185633521.1279497
226.47952,9469311400.678728,9725641530.587498
226.49298,0.0,0.0
226.50644,0.0,0.0
226.5199,0.0,0.0
226.53334,0.0,0.0
226.5468,359339643.2208878,287924434.4936189
226.56026,0.0,0.0
226.57372,0.0,0.0
226.58717,0.0,0.0
226.60063,2839945558.7185435,1782599124.8989258
226.61411,995855840.6594622,980926109.0845006
226.62756,0.0,0.0
226.64102,2798120220.6468973,7303407796.306882
226.65448,0.0,0.0
226.66795,1656343500.6185987,5112103767.207141
226.68141,0.0,0.0
226.69489,0.0,0.0
226.70834,0.0,0.0
226.72182,0.0,0.0
226.73529,4377344856.892678,2376865391.8147635
226.74875,2739868532.1176267,2592702299.251734
226.76222,4919957491.781816,5256236374.351121
226.7757,0.0,0.0
226.78917,1000467418.1379209,1971503463.1607475
226.80264,1477857474.4098597,2589764765.706528
226.81612,5096421326.169278,5243332342.928317
226.82959,5525327076.295689,12465747373.314705
226.84306,0.0,0.0
226.85654,789202506.9276118,1037133631.7058908
226.87001,0.0,0.0
226.88348,855859560.5696063,915761860.1353157
226.89697,0.0,0.0
226.91045,774311282.6142251,1120955848.2789166
226.92392,0.0,0.0
226.93741,1339746970.218523,4555281900.920442
226.95088,0.0,0.0
226.96437,0.0,0.0
226.97784,1757386451.8197854,3364472633.178761
226.99133,0.0,0.0
227.00482,8018697575.87705,25436714578.28539
227.01831,1703613609.5520585,4024561422.8681226
227.03178,0.0,0.0
227.04527,0.0,0.0
227.05876,0.0,0.0
227.07225,2697679014.256765,3552704691.587131
227.08574,0.0,0.0
227.09923,0.0,0.0
227.11273,1215913302.9893827,449279764.5517523
227.12622,119467765.43398094,71418665.3128092
227.13971,1519666218.468999,1970906714.4332345
227.1532,0.0,0.0
227.1667,0.0,0.0
227.18019,0.0,0.0
227.1937,3249903468.128362,10595409771.178291
227.20718,0.0,0.0
227.22069,0.0,0.0
227.23418,0.0,0.0
227.24768,4006059453.6588464,19378373285.900208
227.26118,0.0,0.0
227.27469,0.0,0.0
227.28818,0.0,0.0
227.30168,0.0,0.0
227.31519,3481782018.811491,9993038847.092957
227.32869,0.0,0.0
227.34219,0.0,0.0
227.35571,0.0,0.0
227.36922,0.0,0.0
227.38272,0.0,0.0
227.39622,616111184.3050321,564976978.904998
227.40974,0.0,0.0
227.42325,1230861854.3020225,1242819192.752962
227.43675,1400329842.0400217,3878830640.22284
227.45027,2441782030.027321,10991666236.305658
227.46379,14295731163.05166,50686909154.71709
227.47729,18842295324.78834,46989871240.07733
227.49081,2548516614.4918103,12081157876.959255
227.50433,6144225066.303932,36159448754.96665
227.51784,0.0,0.0
227.53136,0.0,0.0
227.54488,460290864.0615893,142360556.75428796
227.5584,937761641.3058,852791110.0840997
227.57191,0.0,0.0
227.58543,0.0,0.0
227.59895,0.0,0.0
227.61247,0.0,0.0
227.62599,0.0,0.0
227.63953,0.0,0.0
227.65305,0.0,0.0
227.66656,3342171707.625539,7320222271.971656
227.6801,0.0,0.0
227.69362,0.0,0.0
227.70715,1113179707.257861,4449500227.723748
227.72067,0.0,0.0
227.73421,0.0,0.0
227.74774,0.0,0.0
227.76128,0.0,0.0
227.7748,0.0,0.0
227.78833,0.0,0.0
227.80186,0.0,0.0
227.8154,0.0,0.0
227.82893,0.0,0.0
227.84247,0.0,0.0
227.856,0.0,0.0
227.86955,521340725.68624496,1173819168.812552
227.88309,2964187096.2733192,4885875901.573716
227.89662,0.0,0.0
227.91016,0.0,0.0
227.92371,0.0,0.0
227.93724,0.0,0.0
227.95079,0.0,0.0
227.96432,617619028.5332605,663108846.5876665
227.97787,3934489038.4479866,4737117281.860394
227.99142,0.0,0.0
228.00496,0.0,0.0
228.01851,0.0,0.0
228.03206,0.0,0.0
228.04561,0.0,0.0
228.05916,7891050411.894436,10605955012.702637
228.07271,1636731126.4405973,2955603018.4643445
228.08626,0.0,0.0
228.09981,0.0,0.0
228.11336,0.0,0.0
228.12691,0.0,0.0
228.14047,0.0,0.0
228.15402,0.0,0.0
228.16757,0.0,0.0
228.18114,0.0,0.0
228.19469,0.0,0.0
228.20825,0.0,0.0
228.2218,0.0,0.0
228.23537,2767973846.475603,10124322544.387606
228.24893,3462837240.8863626,3785685337.210415
228.2625,3442309527.859645,3825883188.3541617
228.27605,1053563218.324785,1959319084.47556
228.28961,0.0,0.0
228.30318,0.0,0.0
228.31674,0.0,0.0
228.33031,1373431771.2751536,2658789013.819777
228.34387,0.0,0.0
228.35744,0.0,0.0
228.37102,0.0,0.0
228.38458,1998802210.4362493,6509312153.16561
228.39815,577709218.6388403,2665578543.0860577
228.41173,10130704.755359294,40551461.337723136
228.42529,0.0,0.0
228.43886,0.0,0.0
228.45244,0.0,0.0
228.46602,0.0,0.0
228.47958,668500444.8618709,1345336194.7333171
228.49316,29969390121.71698,101383006650.53178
228.50674,3749962740.832856,17280390488.00769
228.52031,0.0,0.0
228.53389,0.0,0.0
228.54747,0.0,0.0
228.56105,0.0,0.0
228.57463,0.0,0.0
228.58821,0.0,0.0
228.60179,0.0,0.0
228.61539,897608367.9212174,1540088268.9522738
228.62897,0.0,0.0
228.64255,0.0,0.0
228.65613,1158581793.198669,1668413423.9155755
228.66972,6323793598.372525,15303864352.37576
228.6833,49540614.626797386,72882300.90055662
228.6969,236313178.0134098,206532294.75740972
228.71048,2691809726.9553304,7844073921.489668
228.72408,32374778749.08872,78358567595.94844
228.73767,46243746915.02458,76804008711.51598
228.75125,0.0,0.0
228.76485,0.0,0.0
228.77844,0.0,0.0
228.79204,2295969261.595784,3897931414.470445
228.80563,8654790562.361216,12965435239.168297
228.81923,0.0,0.0
228.83282,0.0,0.0
228.84642,0.0,0.0
228.86002,0.0,0.0
228.87361,0.0,0.0
228.88722,5689319005.618956,10279320223.632517
228.90082,0.0,0.0
228.91441,28444035360.01717,25003250452.940598
228.92802,17834731904.216793,12991067449.539488
228.94162,0.0,0.0
228.95523,0.0,0.0
228.96883,0.0,0.0
228.98244,0.0,0.0
228.99605,0.0,0.0
229.00964,0.0,0.0
229.02325,0.0,0.0
229.03687,0.0,0.0
229.05048,0.0,0.0
229.06409,4415831920.242666,17047502200.056816
229.0777,5924342740.1689,13064940464.926908
229.09131,8921171026.176754,32630119628.53216
229.10492,14748382232.446136,96948758212.83163
229.11855,588410112.5393189,2664913689.153046
229.13216,0.0,0.0
229.14577,0.0,0.0
229.15939,265575634.1646413,394039901.9171618
229.173,4127917107.3890834,12770380350.123098
229.18661,0.0,0.0
229.20024,0.0,0.0
229.21387,0.0,0.0
229.22748,0.0,0.0
229.2411,0.0,0.0
229.25473,1869259857.7769232,4611595280.750334
229.26834,0.0,0.0
229.28197,0.0,0.0
229.29559,0.0,0.0
229.30922,1059080228.582532,2251143970.016862
229.32285,0.0,0.0
229.33647,0.0,0.0
229.3501,2606336226.9891663,6422102751.769674
229.36374,0.0,0.0
229.37737,0.0,0.0
229.39099,0.0,0.0
229.40463,0.0,0.0
229.41826,5978239550.122683,4201401122.8466377
229.43188,313397861.27022964,511944999.7375321
229.44553,3518329311.7826347,7853119420.116721
229.45915,0.0,0.0
229.47279,15990415005.517303,29197935288.38473
229.48643,57822950018.14662,125176487578.17128
229.50008,43575384857.38951,74163980708.32195
229.5137,15868439876.228348,15702817968.875711
229.52734,0.0,0.0
229.54099,0.0,0.0
229.55463,0.0,0.0
229.56827,3104000655.2377486,5003366216.455089
229.58191,0.0,0.0
229.59555,0.0,0.0
229.60919,0.0,0.0
229.62285,44495464.91894846,127561196.38267182
229.63649,0.0,0.0
229.65013,0.0,0.0
229.66379,1497743870.7220209,3308565703.086511
229.67743,210731808.97180796,607461886.1894526
229.69109,0.0,0.0
229.70473,0.0,0.0
229.71838,0.0,0.0
229.73204,7492290423.347116,13784676652.242804
229.74568,430738316.5979917,2403961153.921707
229.75934,0.0,0.0
229.77299,0.0,0.0
229.78665,0.0,0.0
229.80031,0.0,0.0
229.81396,2240195624.963629,11243427576.630177
229.82762,0.0,0.0
229.84128,0.0,0.0
229.85493,0.0,0.0
229.86859,0.0,0.0
229.88226,909336013.9011384,2476598772.3875966
229.89592,0.0,0.0
229.90958,0.0,0.0
229.92325,0.0,0.0
229.9369,8315211491.034679,34635975087.97661
229.95058,0.0,0.0
229.96423,0.0,0.0
229.97791,10182979259.994429,7858404976.585089
229.99158,5861354638.072664,3270403457.635578
230.00525,0.0,0.0
230.01891,0.0,0.0
230.03258,0.0,0.0
230.04625,0.0,0.0
230.05992,0.0,0.0
230.07359,0.0,0.0
230.08727,0.0,0.0
230.10095,1159710855.236955,1686102526.1323457
230.11462,0.0,0.0
230.1283,568640460.0436975,533925364.0934905
230.14197,928166449.1894954,686249593.5833036
230.15565,0.0,0.0
230.16933,0.0,0.0
230.18301,309154160.66260713,242751646.76361623
230.19669,944809759.1798238,1395414336.7726054
230.21037,29569838372.688107,40517363694.23018
230.22406,68572400865.529335,112553661584.39116
230.23773,111367033346.49248,181363524918.05057
230.25142,97187542547.28049,172443072721.72388
230.26511,0.0,0.0
230.27879,0.0,0.0
230.29248,11103141591.659636,11533666120.980032
230.30617,1598698799.6997044,2453398617.905156
230.31985,0.0,0.0
230.33354,4993838718.824173,5837980945.26221
230.34723,2449362222.1691413,3271678124.4651275
230.36092,1528882592.8997765,2851765307.8588
230.3746,946163384.607404,1943091365.23737
230.38831,12100467618.487831,28636355402.118767
230.40199,62556336082.045845,131990461636.28671
230.4157,175187364519.8468,462617594989.5706
230.42938,215499665355.114,611528907633.8328
230.44308,84602762400.52591,228579052354.13583
230.45677,2716554424.194983,14901730167.190546
230.47047,0.0,0.0
230.48418,0.0,0.0
230.49786,0.0,0.0
230.51157,0.0,0.0
230.52527,0.0,0.0
230.53897,0.0,0.0
230.55267,0.0,0.0
230.56638,0.0,0.0
230.58008,0.0,0.0
230.59378,1824503879.0341527,5003958377.697792
230.6075,597282929.8108846,2217436012.277207
230.6212,1677461939.5436754,8441214901.00349
230.6349,0.0,0.0
230.64861,0.0,0.0
230.66232,0.0,0.0
230.67603,8276188447.717775,31427369546.660973
230.68974,0.0,0.0
230.70346,0.0,0.0
230.71716,0.0,0.0
230.73088,0.0,0.0
230.7446,4963822529.824578,4751884781.178804
230.75832,2656778783.9580827,4769532325.969347
230.77202,0.0,0.0
230.78574,0.0,0.0
230.79945,783475021.979521,1482908721.3337414
230.81317,882079736.739249,1614050288.3185723
230.82689,744545843.0217215,953250091.2859097
230.84062,3520978606.8729315,4378238576.724053
230.85434,6028868768.28912,4548086055.804881
230.86806,0.0,0.0
230.88177,5769672731.600234,4290028793.4503264
230.89551,0.0,0.0
230.90923,0.0,0.0
230.92296,0.0,0.0
230.93668,14959452402.72389,15225743667.806055
230.95041,11337171426.152897,20894636748.736115
230.96413,24129256838.10541,20531046310.36477
230.97786,36698368846.62194,68430365356.26135
230.99159,99698393569.68086,205018297005.58917
231.00533,105157391395.98676,109355117707.3896
231.01906,50198861577.38726,43383154160.986496
231.03279,10824787189.994629,14609843715.827353
231.04652,3973039161.51646,6444182256.333187
231.06026,3273421988.146272,7636709619.350126
231.07399,0.0,0.0
231.08772,0.0,0.0
231.10146,400941518.1576432,1300301843.5714383
231.11519,0.0,0.0
231.12894,4914285930.70683,12151425609.818384
231.14267,0.0,0.0
231.1564,0.0,0.0
231.17015,0.0,0.0
231.18388,1027437457.2375332,3687727356.740123
231.19763,2040880794.782105,9505972912.698822
231.21138,8763700750.88967,27757933038.299072
231.22511,8556363098.030946,16405001709.285631
231.23886,55357391510.42163,46472517956.79132
231.25261,56407966865.38568,82794888968.06825
231.26636,13420367420.230589,28202750506.813736
231.28011,4435248142.95576,10297084955.304749
231.29385,4852375992.733588,15092663290.429731
231.3076,877498405.5879459,2255952361.697455
231.32135,3799918335.0192256,10830587093.695148
231.3351,0.0,0.0
231.34885,8053841196.311969,44563390970.78306
231.36261,0.0,0.0
231.37636,7950034959.389217,7088163833.054096
231.39011,0.0,0.0
231.40387,0.0,0.0
231.41762,34601765087.90111,32917029842.555206
231.43138,72943617920.8687,118274449739.74413
231.44513,39640877563.589966,104703217225.79388
231.45889,18852603622.21969,63920287846.1305
231.47266,11719785106.958342,23238244660.566696
231.48642,7506865621.334187,14325997605.314331
231.50017,1508586659.133802,2865690653.1390805
231.51393,1502208592.3020854,1950106217.261585
231.52769,6660987009.471086,9119818189.239666
231.54146,3781334525.271885,7314553726.747718
231.55522,0.0,0.0
231.56898,0.0,0.0
231.58276,0.0,0.0
231.59653,0.0,0.0
231.61029,0.0,0.0
231.62405,0.0,0.0
231.63783,0.0,0.0
231.6516,17134194681.446096,32276062997.354034
231.66537,20036013287.45044,51927952828.14037
231.67914,63137088537.57622,140202732078.29807
231.69292,126685453770.25893,177425987123.74106
231.70668,72286375144.4061,102213488515.3788
231.72046,24937508833.671013,51969102836.53719
231.73424,7484532653.525263,18547491595.27321
231.74802,0.0,0.0
231.7618,1813756397.0943472,2376586793.49582
231.77557,0.0,0.0
231.78935,0.0,0.0
231.80313,0.0,0.0
231.81691,106708480.55495128,310622700.4855802
231.83069,247459286.61293504,592974921.8059138
231.84447,1940722705.3399684,2533262313.6795454
231.85825,0.0,0.0
231.87204,0.0,0.0
231.88582,0.0,0.0
231.89961,0.0,0.0
231.91339,10894218723.450235,25675364524.097782
231.92719,0.0,0.0
231.94096,0.0,0.0
231.95476,0.0,0.0
231.96855,0.0,0.0
231.98233,0.0,0.0
231.99612,0.0,0.0
232.00992,0.0,0.0
232.02371,0.0,0.0
232.03751,1900260730.3133025,6839055916.858825
232.0513,0.0,0.0
232.06509,0.0,0.0
232.0789,0.0,0.0
232.0927,0.0,0.0
232.10649,1479765925.690511,1367941350.073505
232.12029,2257715844.394421,2965588888.7261267
232.13409,156130137.51876926,202436085.18075603
232.14789,0.0,0.0
232.1617,0.0,0.0
232.17549,0.0,0.0
232.1893,9496090028.921196,15189746506.321115
232.20311,5596173165.853926,12373308419.913126
232.2169,0.0,0.0
232.23071,0.0,0.0
232.24452,0.0,0.0
232.25833,0.0,0.0
232.27214,1403538109.955179,1685016616.9440408
232.28595,104324874.43039204,157041527.57675135
232.29976,0.0,0.0
232.31357,0.0,0.0
232.32738,5742214964.125735,9569826195.14293
232.34119,2018095715.8281424,5556605914.028414
232.35501,122339798.92807418,196209041.99109247
232.36882,10351385642.888857,19855262989.213
232.38264,8680384190.954588,32961037492.7121
232.39645,0.0,0.0
232.41028,0.0,0.0
232.42409,0.0,0.0
232.43791,0.0,0.0
232.45172,9225453880.08937,14398713418.77239
232.46555,15535865739.869614,32798258152.25613
232.47937,23296682752.241653,68382877854.96793
232.49319,88926622803.98676,383641474084.2105
232.50702,122404512514.86034,615899370867.3811
232.52084,69179131548.30962,211815643017.0005
232.53467,11218385958.959845,12390022716.8713
232.54849,0.0,0.0
232.56232,0.0,0.0
232.57614,0.0,0.0
232.58997,0.0,0.0
232.60381,7045565879.80045,23959792183.807243
232.61763,628995979.4105501,2673699540.581786
232.63147,9863708082.59662,34811879401.5217
232.64529,65004291215.5546,175854521592.68845
232.65913,102557253176.90616,196392896800.1415
232.67296,38933861730.29102,81610835366.56487
232.6868,0.0,0.0
232.70062,0.0,0.0
232.71446,4023966145.939588,6048772936.839775
232.7283,5121392321.361001,4245296062.144591
232.74214,534222440.9543145,436662439.83377045
232.75598,0.0,0.0
232.76982,0.0,0.0
232.78366,0.0,0.0
232.7975,993704528.8618618,1695596120.77684
232.81134,1599983934.2364976,916248022.6243546
232.82518,346483280.19095427,335321111.60581654
232.83904,768758384.8466245,333945230.6374822
232.85287,0.0,0.0
232.86671,0.0,0.0
232.88057,3989635414.617171,3430358707.3628464
232.89441,11135255890.701555,18554089534.06574
232.90826,0.0,0.0
232.9221,0.0,0.0
232.93596,1686098309.512207,1548442306.2258315
232.94981,3654480749.47938,4932611152.169261
232.96365,0.0,0.0
232.97751,5387799551.954043,7485979085.45715
232.99136,474046163.84986544,552244393.1666338
233.00522,3616362192.2995872,6532553108.767694
233.01907,0.0,0.0
233.03293,0.0,0.0
233.04678,0.0,0.0
233.06064,0.0,0.0
233.07451,1351323568.0169363,1349549888.078059
233.08836,0.0,0.0
233.10222,0.0,0.0
233.11609,0.0,0.0
233.12994,3008260764.024656,5106839526.497771
233.14381,7765791169.161603,28492217327.49845
233.15767,0.0,0.0
233.17154,0.0,0.0
233.18541,0.0,0.0
233.19926,0.0,0.0
233.21313,0.0,0.0
233.22701,0.0,0.0
233.24088,0.0,0.0
233.25475,0.0,0.0
233.26862,1973840117.6662743,1694268519.8894544
233.28249,10006726915.29594,7479695557.46294
233.29636,13761195398.893915,29461977272.3812
233.31023,2454882139.53866,8458290399.936058
233.3241,5960217525.078994,12640173722.60147
233.33798,54016684636.52138,131521302078.34428
233.35185,109858519653.60262,223495315035.65552
233.36572,8861770828.092304,7630576826.284039
233.37961,0.0,0.0
233.39348,0.0,0.0
233.40736,9164172346.498983,14160068690.739157
233.42125,0.0,0.0
233.43512,0.0,0.0
233.44901,0.0,0.0
233.46289,2219433286.363654,2925306826.8723893
233.47678,2869073142.834772,5516356136.886097
233.49066,0.0,0.0
233.50455,0.0,0.0
233.51843,0.0,0.0
233.53232,0.0,0.0
233.5462,5128018987.154915,3455062053.817956
233.56009,1619869396.4767733,1534481786.1295643
233.57397,0.0,0.0
233.58788,88457618.40527499,196955075.13527903
233.60176,1747895896.7685983,3042077993.4654145
233.61566,3721653694.009316,2404825658.744935
233.62955,0.0,0.0
233.64345,0.0,0.0
233.65733,0.0,0.0
233.67123,502256599.7907095,1719775914.655024
233.68513,3222399353.6047125,6902862411.674784
233.69902,0.0,0.0
233.71292,0.0,0.0
233.72682,0.0,0.0
233.74072,0.0,0.0
233.75462,1850703477.163552,2858777797.147114
233.76852,0.0,0.0
233.78242,0.0,0.0
233.79633,7975287673.132153,26306868263.095337
233.81024,0.0,0.0
233.82414,0.0,0.0
233.83804,0.0,0.0
233.85196,0.0,0.0
233.86586,3696573577.686676,3219359889.985943
233.87978,2335928209.4869,1457181744.1380808
233.89368,0.0,0.0
233.90759,0.0,0.0
233.92149,0.0,0.0
233.93541,0.0,0.0
233.94933,0.0,0.0
233.96324,0.0,0.0
233.97716,0.0,0.0
233.99107,0.0,0.0
234.00499,0.0,0.0
234.01891,0.0,0.0
234.03282,0.0,0.0
234.04674,0.0,0.0
234.06065,10042623147.38958,26022164509.591843
234.07458,0.0,0.0
234.0885,0.0,0.0
234.10242,0.0,0.0
234.11635,2819869570.546232,3396450689.690821
234.13026,0.0,0.0
234.1442,0.0,0.0
234.15813,0.0,0.0
234.17204,0.0,0.0
234.18597,0.0,0.0
234.19991,0.0,0.0
234.21384,4404659844.624046,8442050935.13439
234.22777,389967967.8814414,610170572.2995024
234.2417,0.0,0.0
234.25563,0.0,0.0
234.26956,1332769414.328612,3068485954.3228188
234.28349,6073432424.967963,12308182103.001442
234.29742,0.0,0.0
234.31136,0.0,0.0
234.3253,0.0,0.0
234.33923,0.0,0.0
234.35318,0.0,0.0
234.36711,0.0,0.0
234.38106,0.0,0.0
234.39499,0.0,0.0
234.40894,4328843972.345386,5897587741.550273
234.42288,0.0,0.0
234.43681,0.0,0.0
234.45076,0.0,0.0
234.46471,0.0,0.0
234.47865,4178548489.2316256,10199288164.894993
234.4926,7836736643.608825,17944228292.88881
234.50655,0.0,0.0
234.52049,0.0,0.0
234.53445,0.0,0.0
234.5484,0.0,0.0
234.56235,0.0,0.0
234.57629,5543566157.273741,8535353608.952026
234.59026,0.0,0.0
234.6042,0.0,0.0
234.61816,0.0,0.0
234.63211,0.0,0.0
234.64607,0.0,0.0
234.66003,6372226919.667013,12411311110.971708
234.674,6842502012.167394,6224322374.218139
234.68794,15734048172.124523,6178613440.395673
234.7019,14910276368.435762,6156047212.779445
234.71587,5041894803.075697,6678645008.909715
234.72983,0.0,0.0
234.74379,0.0,0.0
234.75775,0.0,0.0
234.77171,0.0,0.0
234.78569,0.0,0.0
234.79965,0.0,0.0
234.81361,0.0,0.0
234.82759,0.0,0.0
234.84155,0.0,0.0
234.85553,0.0,0.0
234.86949,0.0,0.0
234.88347,1632767101.2339284,2444086865.5596323
234.89743,3632733009.181055,5819295030.126527
234.91141,0.0,0.0
234.92538,0.0,0.0
234.93936,8398797451.268002,7240742518.8118
234.95334,5658841552.50119,2090895489.4115293
234.96732,0.0,0.0
234.98129,0.0,0.0
234.99527,0.0,0.0
235.00925,0.0,0.0
235.02322,2516637021.5730925,6612619969.421215
235.0372,0.0,0.0
235.05119,0.0,0.0
235.06517,0.0,0.0
235.07915,0.0,0.0
235.09314,10934823420.446207,36019284396.71535
235.10712,0.0,0.0
235.12111,0.0,0.0
235.1351,0.0,0.0
235.14908,0.0,0.0
235.16307,0.0,0.0
235.17706,0.0,0.0
235.19106,0.0,0.0
235.20505,491854435.9856752,363869396.4831458
235.21904,6064921943.484014,10997964365.26766
235.23303,657075175.0812812,433970544.1427804
235.24702,0.0,0.0
235.26102,5154339554.178829,6331107023.531705
235.27501,45936345027.646736,48514897277.42513
235.289,98368361938.98157,117213322037.76878
235.30301,73548041877.85791,76565054906.21986
235.317,23384953270.63443,17573111544.650734
235.33101,9732774526.24168,25068527007.557278
235.345,0.0,0.0
235.35901,0.0,0.0
235.373,481296644.9918869,2995534323.739401
235.38701,0.0,0.0
235.40102,132938377.98528951,227831153.01339227
235.41501,2818390000.8763275,5161577456.370964
235.42902,0.0,0.0
235.44302,0.0,0.0
235.45703,0.0,0.0
235.47104,0.0,0.0
235.48505,0.0,0.0
235.49905,0.0,0.0
235.51308,6770426226.906868,10117872936.994392
235.52708,3269756151.5832357,5510624009.875372
235.54109,0.0,0.0
235.55511,0.0,0.0
235.56912,0.0,0.0
235.58313,0.0,0.0
235.59715,156086485.16226745,98014275.04032594
235.61118,0.0,0.0
235.62518,2089463038.3625784,1702160708.212417
235.63921,11241295465.39856,14927143270.714582
235.65323,44328858598.51384,92927141841.12312
235.66724,208778414161.62592,442984750166.297
235.68126,194435181315.878,707412662668.985
235.69528,51410757041.819664,217274850510.85544
235.7093,7906545017.883869,21799833159.55657
235.72333,2779939353.482201,2362960943.109207
235.73735,0.0,0.0
235.75139,0.0,0.0
235.76541,2960129218.836225,4962135577.842957
235.77943,9118493723.892494,12562770625.478403
235.79347,0.0,0.0
235.8075,0.0,0.0
235.82152,573719132.9284041,527982435.13031787
235.83556,19075797443.29564,31754419526.16275
235.84958,59446335116.949394,152805291757.52496
235.86362,92102914365.19456,138072654102.17935
235.87766,24051139280.03488,20384138819.806988
235.89169,1082579233.8696952,1952332331.9131277
235.90572,0.0,0.0
235.91975,972141138.9358902,753956991.4635606
235.93379,0.0,0.0
235.94783,0.0,0.0
235.96187,0.0,0.0
235.97591,4151964783.139395,3385058723.2965665
235.98994,0.0,0.0
236.004,0.0,0.0
236.01804,0.0,0.0
236.03207,208255766.199982,917491995.3723423
236.04613,0.0,0.0
236.06017,3606909397.671457,4773314602.171412
236.0742,0.0,0.0
236.08826,0.0,0.0
236.10231,0.0,0.0
236.11635,0.0,0.0
236.1304,0.0,0.0
236.14445,0.0,0.0
236.15851,0.0,0.0
236.17256,0.0,0.0
236.18661,0.0,0.0
236.20067,0.0,0.0
236.21472,0.0,0.0
236.22878,0.0,0.0
236.24283,0.0,0.0
236.25688,0.0,0.0
236.27094,0.0,0.0
236.285,0.0,0.0
236.29906,0.0,0.0
236.31313,8780518668.319744,9246768025.457851
236.32718,0.0,0.0
236.34125,696011047.9896698,1011143126.0864089
236.35532,4128136757.609081,8260653769.966803
236.36937,0.0,0.0
236.38344,0.0,0.0
236.39751,0.0,0.0
236.41158,0.0,0.0
236.42564,0.0,0.0
236.43971,0.0,0.0
236.45378,0.0,0.0
236.46785,0.0,0.0
236.48192,0.0,0.0
236.49599,688597654.3629295,2844098456.647072
236.51006,0.0,0.0
236.52414,1654079123.6950688,2370302264.974599
236.53821,0.0,0.0
236.55229,0.0,0.0
236.56636,0.0,0.0
236.58044,0.0,0.0
236.59451,741536367.9760492,912692342.0456866
236.6086,1917460207.982277,1793459485.42139
236.62268,0.0,0.0
236.63676,50734284.03905122,104318665.56970108
236.65085,7759738531.758579,13869075610.45242
236.66492,494607341.1278159,819015384.691504
236.679,0.0,0.0
236.69308,0.0,0.0
236.70718,0.0,0.0
236.72127,484745303.9958505,880348475.8528316
236.73535,0.0,0.0
236.74944,0.0,0.0
236.76353,1974874032.1614852,1435355991.1547012
236.77762,0.0,0.0
236.7917,0.0,0.0
236.8058,5140584076.375814,4097085420.610704
236.81989,0.0,0.0
236.83398,0.0,0.0
236.84808,0.0,0.0
236.86217,1893173602.826984,4718889641.639808
236.87627,0.0,0.0
236.89037,0.0,0.0
236.90446,0.0,0.0
236.91856,4620303674.567497,8817343224.461336
236.93266,16261187821.278463,38454349413.98284
236.94676,0.0,0.0
236.96086,0.0,0.0
236.97496,0.0,0.0
236.98907,0.0,0.0
237.00317,0.0,0.0
237.01727,1854494297.1527064,1395268584.1662314
237.03139,3169394228.1588054,4098294050.5356793
237.04549,0.0,0.0
237.0596,0.0,0.0
237.0737,0.0,0.0
237.08781,0.0,0.0
237.10193,5078837393.235262,10648609831.788595
237.11604,7575381624.314777,31083029894.90731
237.13014,3024153595.847606,4564197018.553793
237.14426,0.0,0.0
237.15837,0.0,0.0
237.17249,0.0,0.0
237.1866,0.0,0.0
237.20073,789777256.7982894,481954978.57324696
237.21484,0.0,0.0
237.22896,0.0,0.0
237.24307,0.0,0.0
237.2572,0.0,0.0
237.27132,0.0,0.0
237.28545,0.0,0.0
237.29956,0.0,0.0
237.31369,7456189240.410623,17539170411.73011
237.3278,10671045452.1127,17784479211.432755
237.34193,0.0,0.0
237.35606,4158136133.9608016,9924193463.259216
237.37019,0.0,0.0
237.38432,0.0,0.0
237.39844,0.0,0.0
237.41257,0.0,0.0
237.42671,1727163583.3413565,2324801985.1173134
237.44084,3314310963.7460666,8021573189.132606
237.45497,0.0,0.0
237.4691,0.0,0.0
237.48323,0.0,0.0
237.49738,0.0,0.0
237.51151,0.0,0.0
237.52565,0.0,0.0
237.53978,0.0,0.0
237.55392,109693440918.82455,465166420255.83606
237.56805,237073923795.21933,1059313504014.7904
237.5822,41557703283.45703,112186584829.4194
237.59634,11021922590.035572,19179086130.355293
237.61049,715119206.8238204,837175843.9824408
237.62463,19271092430.38476,16933258222.42484
237.63876,1044482720.5504732,1696767844.4878106
237.65291,0.0,0.0
237.66705,0.0,0.0
237.68121,0.0,0.0
237.69536,0.0,0.0
237.7095,0.0,0.0
237.72365,4492659901.704116,7480050720.378013
237.73781,8041759756.896736,10116577209.700829
237.75195,0.0,0.0
237.7661,870639.9280946171,3138688.430448693
237.78026,0.0,0.0
237.79442,10515093409.109026,25391304295.826385
237.80856,0.0,0.0
237.82272,0.0,0.0
237.83688,0.0,0.0
237.85103,0.0,0.0
237.86519,0.0,0.0
237.87935,0.0,0.0
237.89351,0.0,0.0
237.90767,0.0,0.0
237.92183,0.0,0.0
237.936,0.0,0.0
237.95016,0.0,0.0
237.96432,0.0,0.0
237.97849,0.0,0.0
237.99266,0.0,0.0
238.00682,0.0,0.0
238.021,9625895492.164146,17556118306.869488
238.03516,23352224655.71328,12562028140.530624
238.04933,16308877168.978333,5232839720.277049
238.06351,13116749299.192694,4645241452.728375
238.07767,0.0,0.0
238.09184,4416127161.5047865,10890211982.768875
238.10602,0.0,0.0
238.12019,0.0,0.0
238.13437,13844690287.417286,12910823976.945751
238.14854,0.0,0.0
238.16272,0.0,0.0
238.1769,0.0,0.0
238.19107,2792319170.307299,10696357709.230894
238.20526,7864985589.302546,45646217239.35278
238.21944,7358036405.067636,17278068050.57308
238.23361,0.0,0.0
238.2478,0.0,0.0
238.26198,58519924208.45685,39929098790.142105
238.27617,46665004175.580925,77015440116.21349
238.29036,23630411065.86314,87709106555.74046
238.30453,4686476351.715761,20310723329.31475
238.31873,0.0,0.0
238.33292,0.0,0.0
238.34711,408191821.6490101,647429002.6001705
238.3613,12115196371.86754,19686005789.25975
238.37549,16197055149.319538,38765245650.06066
238.38968,0.0,0.0
238.40387,0.0,0.0
238.41806,0.0,0.0
238.43225,0.0,0.0
238.44644,0.0,0.0
238.46065,0.0,0.0
238.47484,13322802883.892082,21270253310.41855
238.48904,8128138137.989044,5767982622.225702
238.50323,0.0,0.0
238.51744,0.0,0.0
238.53163,0.0,0.0
238.54584,0.0,0.0
238.56004,17258269551.56352,20394652241.2401
238.57423,217805680.95958543,462475126.0886209
238.58844,4878659933.317722,7509399375.802017
238.60265,990605627.85518,1571405061.5901265
238.61685,0.0,0.0
238.63106,1074376075.532218,858696560.7395077
238.64526,2065298059.046856,2204682348.591936
238.65947,21879098636.96294,22302133624.56381
238.67369,2279285855.914165,2724612918.852887
238.6879,2187301335.533978,4354719764.255816
238.7021,0.0,0.0
238.71632,0.0,0.0
238.73053,0.0,0.0
238.74475,0.0,0.0
238.75896,0.0,0.0
238.77318,0.0,0.0
238.78738,4292331969.431925,19342737939.844524
238.80161,0.0,0.0
238.81583,0.0,0.0
238.83005,0.0,0.0
238.84427,3637675201.454423,13893916254.218315
238.85849,0.0,0.0
238.87271,0.0,0.0
238.88693,0.0,0.0
238.90115,0.0,0.0
238.91537,4229545527.085983,29220420544.820496
238.9296,383528154.0654066,1828015294.3413932
238.94383,0.0,0.0
238.95805,0.0,0.0
238.97229,2579422876.7873125,3447658952.7732816
238.98651,398925601.5530927,206941142.15072492
239.00075,0.0,0.0
239.01497,0.0,0.0
239.02921,1519094767.349233,1304745869.7050586
239.04344,0.0,0.0
239.05768,162526099.10699484,251765436.7825975
239.0719,0.0,0.0
239.08614,12856777502.25086,23823689390.920406
239.10037,7762947139.79298,16154100860.591995
239.11461,6888914770.870556,14389978871.973663
239.12885,0.0,0.0
239.1431,0.0,0.0
239.15733,0.0,0.0
239.17157,0.0,0.0
239.18581,0.0,0.0
239.20006,0.0,0.0
239.21429,0.0,0.0
239.22855,0.0,0.0
239.24278,0.0,0.0
239.25703,8120054682.762614,12781025374.107756
239.27129,0.0,0.0
239.28552,0.0,0.0
239.29977,0.0,0.0
239.31403,0.0,0.0
239.32828,17033629730.672745,55694157292.96401
239.34253,3483484236.351983,5857500967.749553
239.35678,2965641157.521546,4147270073.903582
239.37103,0.0,0.0
239.38528,0.0,0.0
239.39954,0.0,0.0
239.4138,4749515406.893195,8673075284.25491
239.42805,5840418137.605872,10591801467.078535
239.44231,0.0,0.0
239.45657,0.0,0.0
239.47083,2632822398.225283,6630202132.163752
239.48509,0.0,0.0
239.49934,0.0,0.0
239.51361,0.0,0.0
239.52788,0.0,0.0
239.54214,0.0,0.0
239.55641,0.0,0.0
239.57066,0.0,0.0
239.58493,0.0,0.0
239.59921,0.0,0.0
239.61348,0.0,0.0
239.62775,0.0,0.0
239.64201,0.0,0.0
239.65628,0.0,0.0
239.67056,0.0,0.0
239.68483,0.0,0.0
239.6991,0.0,0.0
239.71338,0.0,0.0
239.72766,0.0,0.0
239.74193,17611854184.52841,8881786345.521141
239.75621,9449158877.372145,9799754203.704624
239.77049,0.0,0.0
239.78476,0.0,0.0
239.79904,0.0,0.0
239.81332,0.0,0.0
239.82761,0.0,0.0
239.84189,1525067118.570732,1596819270.5287185
239.85617,683953461.9894304,590981751.0627818
239.87047,14666040059.706623,20958315523.19684
239.88475,10136895703.320704,16554230883.686666
239.89903,0.0,0.0
239.91331,0.0,0.0
239.92761,98828263344.20505,417119886080.52936
239.94189,147977395510.7419,307248835845.1399
239.95619,56436082463.53189,231231658194.57288
239.97047,119798774797.71664,335154716198.06573
239.98477,280634802480.5773,449807747242.7308
239.99907,252751409978.35623,355430575150.7924
240.01335,60142342837.448265,83554168035.96379
240.02765,18887989895.600243,33018267643.068623
240.04195,25237812.516821045,53648149.41833924
240.05624,0.0,0.0
240.07054,0.0,0.0
240.08484,0.0,0.0
240.09914,0.0,0.0
240.11343,13451585202.52939,9637457550.430843
240.12775,5704213261.977995,6775101233.424826
240.14204,0.0,0.0
240.15634,0.0,0.0
240.17065,0.0,0.0
240.18495,0.0,0.0
240.19926,0.0,0.0
240.21356,0.0,0.0
240.22787,2010108318.0663576,1232213000.5877671
240.24219,0.0,0.0
240.25648,0.0,0.0
240.2708,0.0,0.0
240.28511,0.0,0.0
240.29942,0.0,0.0
240.31374,0.0,0.0
240.32805,0.0,0.0
240.34236,1218731161.2297735,1884375950.937497
240.35667,13258658570.898195,18042848635.186485
240.371,0.0,0.0
240.38531,0.0,0.0
240.39963,0.0,0.0
240.41396,8740438464.856941,38024264404.52511
240.42827,0.0,0.0
240.4426,0.0,0.0
240.45691,0.0,0.0
240.47124,0.0,0.0
240.48557,6469844896.454231,6133067167.736641
240.49988,0.0,0.0
240.51421,0.0,0.0
240.52853,185554044.0068768,173356508.22843555
240.54286,0.0,0.0
240.55719,0.0,0.0
240.57152,0.0,0.0
240.58585,0.0,0.0
240.60019,20989472265.89269,44230174641.357765
240.61452,0.0,0.0
240.62885,5267633535.471616,5231887953.597721
240.64317,0.0,0.0
240.65752,0.0,0.0
240.67184,0.0,0.0
240.68619,1005853888.0657582,905608714.9736644
240.70053,1914768827.175111,3814311961.653791
240.71486,0.0,0.0
240.7292,0.0,0.0
240.74355,0.0,0.0
240.75789,0.0,0.0
240.77223,7402098069.145551,6557069127.961881
240.78656,0.0,0.0
240.80092,0.0,0.0
240.81526,0.0,0.0
240.82961,0.0,0.0
240.84395,5991945578.447784,6190275244.781691
240.85829,9204643021.871374,10225820458.896463
240.87265,0.0,0.0
240.88699,0.0,0.0
240.90134,0.0,0.0
240.9157,0.0,0.0
240.93004,0.0,0.0
240.9444,3994340124.004717,11858553006.19097
240.95876,5753669047.913562,8661600829.824257
240.9731,4664297242.822674,13830477860.521477
240.98746,0.0,0.0
241.00182,0.0,0.0
241.01617,0.0,0.0
241.03053,33966983970.5016,41503251635.38044
241.04489,21769259798.34049,19366436704.261463
241.05925,0.0,0.0
241.07361,0.0,0.0
241.08798,0.0,0.0
241.10234,0.0,0.0
241.1167,0.0,0.0
241.13107,0.0,0.0
241.14543,0.0,0.0
241.15981,11524586752.10287,14967636911.361547
241.17416,1837888813.2915373,2373224426.459888
241.18854,5265952937.005438,5089662764.059891
241.2029,18468860450.43639,15247417839.32994
241.21727,12515850023.57462,16279143633.839794
241.23164,18122663214.992577,28129845220.93487
241.24602,11874456359.212496,14463227383.01055
241.26039,0.0,0.0
241.27477,0.0,0.0
241.28914,0.0,0.0
241.30351,6252368495.154401,12810617703.096329
241.31789,0.0,0.0
241.33226,0.0,0.0
241.34665,0.0,0.0
241.36102,0.0,0.0
241.37541,3182017234.8700595,5004999099.420527
241.38979,0.0,0.0
241.40417,0.0,0.0
241.41855,0.0,0.0
241.43294,1183888256.4216192,5778521546.38835
241.44733,4548788568.885783,17759243827.104332
241.4617,0.0,0.0
241.47609,0.0,0.0
241.49048,11043515385.677029,15534750543.478453
241.50487,6465385834.727699,7120545479.544011
241.51926,0.0,0.0
241.53365,5439612982.675672,17117841597.438778
241.54803,0.0,0.0
241.56242,0.0,0.0
241.57683,0.0,0.0
241.59122,9910951593.69763,30257801940.04
241.60561,0.0,0.0
241.62001,0.0,0.0
241.6344,0.0,0.0
241.6488,0.0,0.0
241.66319,0.0,0.0
241.6776,5939608904.153485,12996758334.2989
241.692,2754855754.502768,5281930482.179627
241.70641,0.0,0.0
241.72079,0.0,0.0
241.7352,0.0,0.0
241.7496,0.0,0.0
241.76401,0.0,0.0
241.77841,25335767040.53944,61687266644.52178
241.79283,0.0,0.0
241.80724,44015866979.78679,127631813792.0107
241.82164,102877097756.51083,247019635344.3749
241.83604,57168125581.69056,89877096524.91978
241.85046,12087170612.618883,21828946574.63251
241.86487,0.0,0.0
241.87929,0.0,0.0
241.89369,3933053979.188631,2037465384.584323
241.90811,0.0,0.0
241.92253,0.0,0.0
241.93694,0.0,0.0
241.95135,0.0,0.0
241.96577,0.0,0.0
241.98019,5593010511.749476,3350816224.807941
241.99461,0.0,0.0
242.00903,0.0,0.0
242.02345,0.0,0.0
242.03787,25842884073.493958,67324449452.06152
242.05231,2511865869.193327,6596298089.981701
242.06673,1967786705.4337485,11667664163.4944
242.08115,9387263100.241838,53707304456.58492
242.09558,15313284242.17029,94436450937.97212
242.11,20539290192.13493,78399581031.55957
242.12444,8121912018.05292,27226159701.469437
242.13885,0.0,0.0
242.15329,0.0,0.0
242.16772,2762794166.8289766,5748942378.290658
242.18216,7845018279.881263,14638084258.85463
242.19658,18057546819.31871,27228203095.499084
242.21101,59185001611.870674,100250596162.86658
242.22545,202793465149.9816,406182705192.3743
242.23988,393266549800.4636,740150733864.0593
242.25432,108869741102.33987,279833139778.60187
242.26875,3870750043.235621,15127328002.381098
242.2832,3468044162.322832,9112812725.683138
242.29764,30659602874.160995,36564950164.79469
242.31207,29032972508.330444,19238915564.66087
242.32652,0.0,0.0
242.34096,0.0,0.0
242.35541,5423785465.624164,24291977639.32671
242.36984,0.0,0.0
242.38429,0.0,0.0
242.39873,124454110013.22992,137520395145.22598
242.41318,386566389163.5096,488448909659.5045
242.42763,306658089607.0042,721458231385.0311
242.44208,21163848160.26746,67385466724.94383
242.45653,10602580237.979008,30224073672.548546
242.47098,28908000307.555546,124449051563.68132
242.48543,0.0,0.0
242.49988,0.0,0.0
242.51433,1450534678.7437732,3526883483.705301
242.52878,10653482042.53345,29489119361.6804
242.54323,0.0,0.0
242.55769,0.0,0.0
242.57214,0.0,0.0
242.58661,13632370620.484098,29187745537.535748
242.60106,22321532003.453262,59143492691.30774
242.61552,17571170852.471478,49503322593.85209
242.62997,6584505425.030237,25880934770.966827
242.64444,6300051269.457844,26074225129.98428
242.65891,0.0,0.0
242.67337,0.0,0.0
242.68784,0.0,0.0
242.7023,0.0,0.0
242.71677,40954680420.72457,109721455233.18494
242.73123,25574579955.31117,29628314587.200573
242.7457,0.0,0.0
242.76016,0.0,0.0
242.77463,0.0,0.0
242.78909,0.0,0.0
242.80357,0.0,0.0
242.81804,0.0,0.0
242.83252,0.0,0.0
242.84698,0.0,0.0
242.86147,5740796470.702951,8442395646.862685
242.87595,0.0,0.0
242.89041,7274980213.664113,1835131807.971972
242.90489,0.0,0.0
242.91937,0.0,0.0
242.93385,0.0,0.0
242.94833,0.0,0.0
242.96281,0.0,0.0
242.97729,4616929938.946725,15281969379.396885
242.99178,0.0,0.0
243.00626,0.0,0.0
243.02075,0.0,0.0
243.03523,0.0,0.0
243.04971,0.0,0.0
243.06421,0.0,0.0
243.07869,0.0,0.0
243.09319,0.0,0.0
243.10768,1534633461.101585,2015704956.8053696
243.12216,1753903451.0264711,2350158793.8194284
243.13666,14341498956.886932,31027679477.97262
243.15115,18644375148.30706,20701785790.34757
243.16565,1054924603.0742424,1926940374.122049
243.18015,0.0,0.0
243.19464,0.0,0.0
243.20914,0.0,0.0
243.22363,0.0,0.0
243.23813,0.0,0.0
243.25262,103941570.26800026,234748730.07593948
243.26714,4286009450.023162,5679656077.381083
243.28163,0.0,0.0
243.29613,0.0,0.0
243.31064,1630635487.331861,2015544886.353824
243.32513,7275706425.866276,17541631446.792114
243.33965,0.0,0.0
243.35416,0.0,0.0
243.36865,0.0,0.0
243.38316,0.0,0.0
243.39767,0.0,0.0
243.41219,0.0,0.0
243.4267,0.0,0.0
243.44121,0.0,0.0
243.45572,0.0,0.0
243.47023,0.0,0.0
243.48474,4962923587.606954,8409654430.973752
243.49927,330941990.9193877,1187059115.683661
243.51378,14137598392.036428,60281809897.00704
243.52829,0.0,0.0
243.54282,0.0,0.0
243.55733,3265081917.9229107,7510671318.286943
243.57185,0.0,0.0
243.58638,5386458169.464318,10136992595.907875
243.60089,0.0,0.0
243.61542,0.0,0.0
243.62994,0.0,0.0
243.64447,0.0,0.0
243.659,0.0,0.0
243.67352,4719556020.768096,4754707335.778507
243.68805,2233488454.226287,2313633385.2911363
243.70258,15204499816.922888,21946870412.657143
243.7171,0.0,0.0
243.73163,5142915860.447688,6972877872.599459
243.74617,16597904722.108128,20718058774.289536
243.7607,5044211924.140484,11342156700.131124
243.77522,0.0,0.0
243.78976,0.0,0.0
243.80429,0.0,0.0
243.81883,0.0,0.0
243.83337,7067562562.426641,5423454443.758704
243.84792,3987408669.4890575,1707343490.7560782
243.86244,6266087765.238392,2770114212.861124
243.87698,6016620513.1767645,6483776628.662762
243.89153,5304433921.329935,8773870824.144339
243.90607,0.0,0.0
243.92061,4565289025.740967,4823386153.76489
243.93515,0.0,0.0
243.94969,0.0,0.0
243.96425,0.0,0.0
243.97879,4687885985.728289,13821187801.033825
243.99333,0.0,0.0
244.00789,0.0,0.0
244.02243,6066857695.97088,12505179683.359083
244.03699,3807583840.4776607,8785334956.825514
244.05153,0.0,0.0
244.06609,0.0,0.0
244.08064,0.0,0.0
244.09518,638972780.8371058,276383742.50067985
244.10974,0.0,0.0
244.1243,0.0,0.0
244.13885,755087884.1783147,1381199670.6903136
244.15341,0.0,0.0
244.16797,0.0,0.0
244.18253,0.0,0.0
244.19708,1416849215.5849524,1882798894.02097
244.21165,18787534323.531902,22070654333.29032
244.22621,0.0,0.0
244.24077,0.0,0.0
244.25534,0.0,0.0
244.2699,0.0,0.0
244.28447,0.0,0.0
244.29903,0.0,0.0
244.3136,0.0,0.0
244.32817,4871196553.710701,11049262318.46143
244.34274,0.0,0.0
244.35732,0.0,0.0
244.37187,2120983626.9666417,3267046633.518885
244.38644,0.0,0.0
244.40102,0.0,0.0
244.4156,859896146.6464562,761109205.5678638
244.43018,0.0,0.0
244.44475,0.0,0.0
244.45932,6506792036.622045,17230095254.068092
244.47391,18860616054.798447,75636286586.59236
244.48848,15850699694.77968,70365375064.83304
244.50307,0.0,0.0
244.51764,0.0,0.0
244.53223,0.0,0.0
244.5468,0.0,0.0
244.56139,9539649918.311443,3887884443.739104
244.57597,8137423686.851024,7540235065.398993
244.59056,5001091663.393874,17733504248.00459
244.60515,367410351.3099092,1898883471.3502028
244.61974,0.0,0.0
244.63432,3282589874.428428,4333643679.78396
244.64891,5467451214.463319,4222581496.913768
244.6635,0.0,0.0
244.67809,0.0,0.0
244.69267,0.0,0.0
244.70728,0.0,0.0
244.72186,0.0,0.0
244.73645,14538789217.771984,26479619242.667767
244.75105,0.0,0.0
244.76566,0.0,0.0
244.78024,0.0,0.0
244.79485,0.0,0.0
244.80945,2544819234.9213324,3985050887.178611
244.82404,11611553434.38049,26523082866.661167
244.83864,14422378761.07866,40699753959.2165
244.85324,0.0,0.0
244.86784,0.0,0.0
244.88245,0.0,0.0
244.89705,4112911771.535981,7746328698.406338
244.91167,0.0,0.0
244.92627,0.0,0.0
244.94087,0.0,0.0
244.95549,1014675451.7421024,2470890633.845258
244.97009,22887416094.97933,52953447514.54339
244.98471,0.0,0.0
244.99931,0.0,0.0
245.01393,0.0,0.0
245.02853,0.0,0.0
245.04315,0.0,0.0
245.05777,0.0,0.0
245.07239,0.0,0.0
245.08701,0.0,0.0
245.10162,0.0,0.0
245.11624,13376884808.877104,8775748019.514944
245.13086,3403938649.3597226,4370457695.733614
245.14548,0.0,0.0
245.1601,10134646348.995106,31322126501.057945
245.17473,13260413329.489767,34847073661.17024
245.18935,7619216730.004753,10583641631.134382
245.20396,7884397116.049887,17880367962.28585
245.2186,0.0,0.0
245.23322,0.0,0.0
245.24785,3624915542.800423,2743518155.282862
245.26248,0.0,0.0
245.2771,0.0,0.0
245.29173,0.0,0.0
245.30637,2612424889.088973,5040189284.628355
245.321,0.0,0.0
245.33563,0.0,0.0
245.35027,0.0,0.0
245.3649,0.0,0.0
245.37953,0.0,0.0
245.39417,0.0,0.0
245.40881,4338347753.77068,10410021633.677645
245.42345,0.0,0.0
245.43808,0.0,0.0
245.45273,0.0,0.0
245.46736,0.0,0.0
245.48201,0.0,0.0
245.49664,0.0,0.0
245.51129,0.0,0.0
245.52594,4037673675.213221,11825244319.962704
245.54059,6524873487.636716,9053267673.818172
245.55524,0.0,0.0
245.56989,0.0,0.0
245.58453,0.0,0.0
245.59918,0.0,0.0
245.61383,6750479370.398936,4446936515.804296
245.62848,9782001596.398422,11997585200.558235
245.64313,0.0,0.0
245.65779,0.0,0.0
245.67244,0.0,0.0
245.68709,0.0,0.0
245.70175,0.0,0.0
245.71642,4697068636.808314,3112471180.3584247
245.73106,0.0,0.0
245.74573,0.0,0.0
245.76039,0.0,0.0
245.77504,1693820825.1025226,1034416659.7061718
245.7897,28447641076.39475,19666026180.156097
245.80437,9622928687.30953,6088341776.56087
245.81903,7565033537.67196,5319876541.089594
245.83369,0.0,0.0
245.84836,7111520796.288133,2914700058.118565
245.86304,8433166080.793972,4225548396.022391
245.8777,0.0,0.0
245.89236,0.0,0.0
245.90703,0.0,0.0
245.92171,5940839080.548411,9781863728.608706
245.93637,1625710100.0659704,322907015.5621764
245.95105,0.0,0.0
245.96573,0.0,0.0
245.98039,0.0,0.0
245.99507,1624506171.93815,2363107180.8402467
246.00975,4331498385.14398,28820306586.445107
246.02443,4182758049.165998,63703487982.95589
246.03911,0.0,0.0
246.05379,0.0,0.0
246.06847,0.0,0.0
246.08315,7589338184.57854,26465805611.25412
246.09782,9593588933.164995,24031357821.850517
246.1125,12239028858.905931,11951901778.51457
246.12718,0.0,0.0
246.14188,40372963169.48252,29085413164.56346
246.15656,0.0,0.0
246.17125,0.0,0.0
246.18593,0.0,0.0
246.20062,0.0,0.0
246.2153,0.0,0.0
246.23,8303705485.146214,8664111951.950396
246.24469,0.0,0.0
246.25938,0.0,0.0
246.27408,0.0,0.0
246.28877,11324580099.105614,47489853903.780205
246.30347,592325151.140568,1555185236.5040631
246.31816,0.0,0.0
246.33286,0.0,0.0
246.34755,16352535281.92802,25146911822.034416
246.36224,0.0,0.0
246.37695,10383898284.933622,21996038077.794106
246.39165,21411178739.89235,64148546356.4059
246.40636,0.0,0.0
246.42105,5386159743.935005,24442954210.611366
246.43576,25135194523.04532,94677710678.45728
246.45045,3003293796.028764,8321038841.524645
246.46516,0.0,0.0
246.47987,0.0,0.0
246.49458,0.0,0.0
246.50929,0.0,0.0
246.524,0.0,0.0
246.53871,0.0,0.0
246.55342,0.0,0.0
246.56813,0.0,0.0
246.58284,11750681421.45022,28368986133.467525
246.59755,1769373153.990549,3846302797.150574
246.61227,5882268479.976681,32038878360.137764
246.62698,2349969682.1247187,23966956195.65526
246.64169,14338166572.685137,111199997333.85976
246.65642,0.0,0.0
246.67114,0.0,0.0
246.68585,0.0,0.0
246.70058,0.0,0.0
246.7153,0.0,0.0
246.73003,0.0,0.0
246.74474,0.0,0.0
246.75946,0.0,0.0
246.77419,0.0,0.0
246.78891,0.0,0.0
246.80365,13631469262.397316,31795475983.08001
246.81837,0.0,0.0
246.8331,0.0,0.0
246.84782,0.0,0.0
246.86256,0.0,0.0
246.87729,0.0,0.0
246.89203,4923654545.939869,13901811495.120876
246.90675,15364467719.27309,61413964824.82285
246.92149,443514905.6901305,998613448.1502112
246.93623,31177818392.44478,63457559464.28211
246.95096,92874403307.61656,249255828275.81567
246.9657,140531084814.75085,295523522807.1632
246.98044,122947402487.16553,160979286964.937
246.99518,33433549391.518417,61295829650.14225
247.00992,5550937739.142577,16219271788.128878
247.02466,0.0,0.0
247.0394,1503329929.6670244,2045159202.0166197
247.05414,0.0,0.0
247.06889,10368671705.234188,31998874736.29363
247.08363,12837215577.878258,22715155580.40352
247.09837,11267014916.804234,8381442017.838955
247.11313,695333244.5352422,762050049.0350467
247.12787,0.0,0.0
247.14262,4567767985.172433,4679324319.426038
247.15736,1646756341.694373,2830755325.2045684
247.17212,23715437693.114765,32619966455.309254
247.18687,68137921901.16125,76818233411.44942
247.20163,6029072756.368608,8088303984.703191
247.21638,14851132868.392248,22301219381.247505
247.23114,0.0,0.0
247.2459,0.0,0.0
247.26065,0.0,0.0
247.27541,0.0,0.0
247.29016,0.0,0.0
247.30492,6239572755.117218,16517370516.138844
247.31967,6504084812.865185,24580930527.74556
247.33444,0.0,0.0
247.3492,0.0,0.0
247.36397,0.0,0.0
247.37872,768181081.5086693,2553204507.618343
247.39349,12887795364.903109,56387190226.92516
247.40826,0.0,0.0
247.42302,0.0,0.0
247.43779,0.0,0.0
247.45256,0.0,0.0
247.46733,3978479483.107434,13799150220.71533
247.4821,2586386536.740525,8206124110.768776
247.49687,0.0,0.0
247.51164,0.0,0.0
247.52641,3153133140.510352,5754744873.775212
247.5412,6671141393.252038,14052893711.80344
247.55597,17427328783.173355,31551000018.79541
247.57074,5496375243.908971,4006591626.520949
247.58553,0.0,0.0
247.6003,0.0,0.0
247.61508,0.0,0.0
247.62985,0.0,0.0
247.64464,0.0,0.0
247.65942,893858039.857752,2360616032.6567984
247.67421,2079059893.5938652,1828026542.496523
247.68898,3527483651.9691525,1640451430.0363705
247.70377,0.0,0.0
247.71855,0.0,0.0
247.73334,0.0,0.0
247.74814,0.0,0.0
247.76292,15232804054.30924,67370823980.01046
247.77771,1446335027.863773,2783453556.7384024
247.7925,179429000.1615766,138958223.13659692
247.8073,0.0,0.0
247.82208,585618938.8118087,882660049.2529807
247.83688,625338702.1303997,1364751107.0429506
247.85167,0.0,0.0
247.86647,0.0,0.0
247.88126,0.0,0.0
247.89606,2909984720.577039,17184183253.718975
247.91086,0.0,0.0
247.92566,0.0,0.0
247.94046,4091045051.113866,6124212907.95748
247.95526,0.0,0.0
247.97006,0.0,0.0
247.98486,3964630988.108021,11750084359.347876
247.99966,12020373948.925903,28193281818.556866
248.01447,0.0,0.0
248.02928,0.0,0.0
248.04408,3897316623.783581,6379408153.923753
248.05888,0.0,0.0
248.0737,0.0,0.0
248.0885,0.0,0.0
248.10332,2043227981.484135,6584612548.956186
248.11813,10233307959.559528,33210430019.611237
248.13293,32519275558.41454,81197231071.05957
248.14775,65698369136.39285,148020662300.73782
248.16257,71950185304.07681,172639421747.43524
248.17738,31582047124.856243,86328591904.16371
248.1922,0.0,0.0
248.20702,0.0,0.0
248.22183,0.0,0.0
248.23665,22966995.666490085,129857325.77015772
248.25148,14038115311.43745,78106161948.80504
248.2663,0.0,0.0
248.28111,0.0,0.0
248.29594,0.0,0.0
248.31076,0.0,0.0
248.32559,1501733527.963118,1392765324.3498468
248.34041,0.0,0.0
248.35524,0.0,0.0
248.37007,0.0,0.0
248.3849,11755772217.601162,7880606813.824493
248.39972,11642066279.522444,11183539831.619287
248.41455,11247147617.30276,28390190780.573414
248.42938,6931564593.641096,25710351691.212307
248.44421,0.0,0.0
248.45906,0.0,0.0
248.47389,0.0,0.0
248.48872,1486901640.1253254,1505799916.1739657
248.50356,1243548196.8748362,1418952930.807839
248.5184,0.0,0.0
248.53323,3987778853.959982,2088248655.4922657
248.54808,10715968539.52273,7917366277.821775
248.56291,1119757815.4938908,598123684.0152507
248.57776,0.0,0.0
248.59259,0.0,0.0
248.60744,1983644516.2948856,7015403941.247955
248.62228,0.0,0.0
248.63713,0.0,0.0
248.65198,0.0,0.0
248.66682,67121989333.66735,93718768987.07484
248.68167,245114872827.5309,214418990532.22543
248.69652,162423760990.76138,151476346653.92694
248.71136,31865621173.94701,49927769147.06946
248.72621,15212915690.25905,48520352553.66572
248.74107,2705173038.546296,4118016627.7143054
248.75592,0.0,0.0
248.77077,4879691260.192415,2598778767.482737
248.78563,0.0,0.0
248.80048,0.0,0.0
248.81534,0.0,0.0
248.8302,11524591429.00644,7359428598.249988
248.84506,0.0,0.0
248.85991,0.0,0.0
248.87477,0.0,0.0
248.88963,0.0,0.0
248.9045,11445309495.146845,13936930700.630669
248.91936,0.0,0.0
248.93422,0.0,0.0
248.94908,0.0,0.0
248.96396,0.0,0.0
248.97882,30952063927.46336,124944158853.07327
248.99368,8158752938.383365,31908397118.402145
249.00856,24821324607.31299,153157382312.15256
249.02342,25870273281.882156,103706481379.41068
249.0383,0.0,0.0
249.05318,0.0,0.0
249.06804,0.0,0.0
249.08292,269085622.21091217,1727573617.9676216
249.09779,0.0,0.0
249.11267,0.0,0.0
249.12755,0.0,0.0
249.14243,3871662560.195994,7161964917.916412
249.1573,13443925815.719318,46961147235.02387
249.17218,18856140533.83536,39948668502.109245
249.18706,0.0,0.0
249.20193,0.0,0.0
249.21683,0.0,0.0
249.2317,27408807420.20239,62027502124.42545
249.24658,0.0,0.0
249.26147,0.0,0.0
249.27635,0.0,0.0
249.29124,0.0,0.0
249.30614,0.0,0.0
249.32103,27563732076.76504,98002659842.00676
249.33591,24279576851.423416,63800625335.11186
249.3508,28694481634.26554,46923509960.83273
249.36569,36290848808.29326,80330542665.0512
249.38058,0.0,0.0
249.39548,0.0,0.0
249.41037,0.0,0.0
249.42528,0.0,0.0
249.44017,13754129369.183514,13478830327.497396
249.45506,8349773300.206957,2593563826.007892
249.46997,28077159404.17743,29749019408.48053
249.48486,497788900.5167961,679721571.1579831
249.49977,0.0,0.0
249.51466,15063835308.839245,26214444776.788357
249.52957,0.0,0.0
249.54446,0.0,0.0
249.55937,10111072992.005575,4769000946.53483
249.57428,0.0,0.0
249.58919,0.0,0.0
249.6041,933522798.3190634,718934414.9110609
249.619,20582866349.01688,13858746095.326166
249.63391,9979321207.34923,6152456740.990748
249.64882,26995447053.6751,42909739457.15442
249.66373,30368953904.672462,112549235317.84232
249.67865,0.0,0.0
249.69356,0.0,0.0
249.70847,0.0,0.0
249.72339,0.0,0.0
249.7383,0.0,0.0
249.75322,14611902940.846766,64204798047.0952
249.76814,0.0,0.0
249.78305,0.0,0.0
249.79797,0.0,0.0
249.8129,4488438932.715983,7902345664.949896
249.82782,12463941024.73921,24429910697.82213
249.84274,0.0,0.0
249.85767,0.0,0.0
249.87259,0.0,0.0
249.88751,0.0,0.0
249.90244,0.0,0.0
249.91737,0.0,0.0
249.9323,0.0,0.0
249.94722,0.0,0.0
249.96216,0.0,0.0
249.97708,0.0,0.0
249.99202,0.0,0.0
250.00696,6498314500.006226,19946212913.72316
250.02188,5861526125.617939,13524457748.627151
250.03682,0.0,0.0
250.05176,0.0,0.0
250.0667,0.0,0.0
250.08163,0.0,0.0
250.09657,31962194388.55538,41727287159.00645
250.11151,1225762421.524569,2132919669.2007437
250.12645,0.0,0.0
250.14139,0.0,0.0
250.15634,0.0,0.0
250.17128,0.0,0.0
250.18622,0.0,0.0
250.20117,18800654641.4524,35966728712.59081
250.21611,34441631683.95642,41074512188.67112
250.23106,32888081387.02807,37189472746.60766
250.24602,9319360694.113031,7923808694.200872
250.26096,0.0,0.0
250.27591,16833507257.197329,15376468476.620382
250.29086,0.0,0.0
250.30582,16723351051.517036,29341254118.977943
250.32077,29120399720.652664,90424885795.98256
250.33572,0.0,0.0
250.35068,0.0,0.0
250.36563,0.0,0.0
250.3806,4071463309.012944,9533764657.40702
250.39555,3700144792.596317,6893575651.541761
250.41051,0.0,0.0
250.42548,1769621172.7514107,2231488614.646528
250.44043,0.0,0.0
250.4554,12238253140.367489,34261616057.78548
250.47035,0.0,0.0
250.48532,0.0,0.0
250.50029,0.0,0.0
250.51526,0.0,0.0
250.53023,6951238064.339406,11888366546.304403
250.54518,31955294929.14522,94763040203.61696
250.56015,95842115837.69444,297623228353.9363
250.57513,398611141999.71326,703634693592.2516
250.5901,291566071048.1776,209510538137.56357
250.60507,71427182408.43431,86173937442.30841
250.62004,27757191812.692,62077583909.51368
250.63501,34220871836.65268,72284805209.29683
250.64999,11285910533.210096,17439179065.195545
250.66496,0.0,0.0
250.67995,14226563585.447968,82916265593.57887
250.69492,11764244999.473951,57337833881.5196
250.7099,41932079419.31333,46462965671.80708
250.72488,29661856108.94323,18736034334.027523
250.73985,0.0,0.0
250.75484,11943445040.372732,7449151037.41641
250.76982,0.0,0.0
250.78481,9663241067.821774,31281185560.042526
250.79979,5948665890.082161,17853892956.143345
250.81477,21106796146.158707,45878987864.787735
250.82976,2546692486.8701186,11309570452.07685
250.84476,12183959698.823416,108847616382.98135
250.85974,10727374329.59513,114224584260.16006
250.87473,6652069888.774884,54013155817.73287
250.88972,6012612738.729394,29290067040.48628
250.90471,0.0,0.0
250.91971,0.0,0.0
250.93469,0.0,0.0
250.94969,0.0,0.0
250.96469,0.0,0.0
250.97968,0.0,0.0
250.99467,0.0,0.0
251.00967,23914925112.49619,47516436708.38777
251.02467,0.0,0.0
251.03967,0.0,0.0
251.05467,0.0,0.0
251.06967,0.0,0.0
251.08469,0.0,0.0
251.09969,0.0,0.0
251.11469,0.0,0.0
251.1297,0.0,0.0
251.1447,0.0,0.0
251.15971,8777130701.999292,5889957467.613587
251.17471,8165389168.158988,7216552463.498736
251.18973,5915931125.579825,5700561403.370117
251.20474,0.0,0.0
251.21976,0.0,0.0
251.23476,0.0,0.0
251.24977,16741693509.247131,33312159128.89772
251.26479,27271759132.226715,42602939392.336174
251.2798,0.0,0.0
251.29483,0.0,0.0
251.30984,0.0,0.0
251.32486,0.0,0.0
251.33987,0.0,0.0
251.3549,8148712634.125285,11797747638.972872
251.36992,7739386409.315384,8804975501.735516
251.38495,0.0,0.0
251.39996,0.0,0.0
251.41499,7848023807.903546,12735417817.974586
251.43001,0.0,0.0
251.44504,5151572186.528187,26636946603.502934
251.46007,0.0,0.0
251.4751,0.0,0.0
251.49013,26996264094.55085,10232038787.78767
251.50516,196531676706.1826,187674073497.6387
251.52019,424969957661.91925,578879271866.8566
251.53522,265099715747.20087,494221925197.5856
251.55025,281928648960.33875,529226726337.2835
251.56529,227843721686.15067,435472939506.3244
251.58032,39729103002.28445,111162728051.46962
251.59535,0.0,0.0
251.6104,0.0,0.0
251.62543,1589351558.8188384,883363450.3716514
251.64047,0.0,0.0
251.65552,0.0,0.0
251.67055,0.0,0.0
251.68559,0.0,0.0
251.70064,0.0,0.0
251.71568,0.0,0.0
251.73073,0.0,0.0
251.74577,0.0,0.0
251.76082,14527322408.867912,29009923622.201317
251.77586,0.0,0.0
251.79091,0.0,0.0
251.80597,0.0,0.0
251.82101,7098405920.926347,12237693646.740225
251.83606,576360411.9439143,757563548.6293029
251.85112,1893969834.722968,2358828062.147865
251.86617,5679593064.993145,7782666817.791027
251.88123,13564517589.162315,16708478242.50451
251.89629,0.0,0.0
251.91133,0.0,0.0
251.92639,0.0,0.0
251.94145,0.0,0.0
251.95651,5733266541.410953,13669948953.363125
251.97157,15124336524.421394,53252839764.61949
251.98663,734376291.4836332,912180616.9873152
252.00169,25441162298.933205,44003464219.99968
252.01675,3767097047.9070334,10032906993.659008
252.03183,0.0,0.0
252.04689,0.0,0.0
252.06195,0.0,0.0
252.07703,0.0,0.0
252.09209,1706755304.1339924,2874664467.581109
252.10716,0.0,0.0
252.12222,0.0,0.0
252.1373,0.0,0.0
252.15237,0.0,0.0
252.16745,0.0,0.0
252.18253,22912580024.800644,48498268887.23628
252.19759,0.0,0.0
252.21268,7714578656.436377,28662982468.596783
252.22775,24984142461.20237,99233399213.7456
252.24283,0.0,0.0
252.2579,18958216103.08949,11537043399.980145
252.27298,0.0,0.0
252.28807,0.0,0.0
252.30315,0.0,0.0
252.31822,0.0,0.0
252.33331,0.0,0.0
252.3484,0.0,0.0
252.36348,0.0,0.0
252.37857,0.0,0.0
252.39366,133637434178.346,382397438332.5213
252.40875,305412857411.96686,649480273592.2427
252.42383,152672675854.63602,230677269626.98343
252.43892,18498933344.266785,33845079247.169647
252.45403,5548675248.827374,8054464053.119688
252.46912,190292184.45833609,115074412.6078096
252.48421,0.0,0.0
252.4993,0.0,0.0
252.51439,14438688932.935043,23604482958.862057
252.5295,0.0,0.0
252.54459,4986482001.515649,21512928936.102417
252.55969,0.0,0.0
252.57478,0.0,0.0
252.58989,0.0,0.0
252.60498,0.0,0.0
252.62009,0.0,0.0
252.63519,0.0,0.0
252.6503,0.0,0.0
252.66541,0.0,0.0
252.68051,1953476017.434376,6582302133.876866
252.69562,98547768.062509,374989460.3387268
252.71072,0.0,0.0
252.72583,0.0,0.0
252.74095,0.0,0.0
252.75606,7888612364.349006,37604921049.4731
252.77116,0.0,0.0
252.78629,3119544863.753549,14626148552.689558
252.80139,0.0,0.0
252.81651,0.0,0.0
252.83162,0.0,0.0
252.84674,3125363168.97104,11159650357.012718
252.86186,21009633587.258774,80716234792.79024
252.87698,0.0,0.0
252.89211,6883471488.154149,28237081830.718258
252.90723,10366703907.393332,39096327221.99532
252.92235,0.0,0.0
252.93747,1596663465.580803,3867282042.954518
252.95259,9269110203.50166,36604723316.66168
252.96771,13174186289.579248,64343987681.804
252.98283,8576087377.121744,27020631704.85757
252.99797,9827893642.469292,11402356115.39306
253.01309,6701052383.949574,8023819826.120548
253.02823,0.0,0.0
253.04335,0.0,0.0
253.05849,0.0,0.0
253.07362,0.0,0.0
253.08875,0.0,0.0
253.10388,1912031691.8820555,3157002828.361349
253.11902,22152735685.04778,29287437520.92921
253.13416,4686742520.690706,9550062312.056166
253.14929,14054674249.877668,36990205703.77579
253.16443,2048101604.9850488,6019692481.742507
253.17957,52698909617.12215,135669797965.5354
253.1947,232591970007.52405,427030031480.449
253.20985,291771795653.7633,430268236634.3676
253.22499,72026451488.63818,98651763902.05684
253.24013,0.0,0.0
253.25528,0.0,0.0
253.27042,0.0,0.0
253.28557,19768662691.37088,51796852615.82311
253.30072,15035897737.939203,31733288176.82451
253.31586,4532788248.558867,3255622561.151592
253.33101,11125579933.817123,17010780845.729223
253.34616,0.0,0.0
253.36131,0.0,0.0
253.37646,8417079812.099115,10805722303.324638
253.39162,20421118909.39188,37789557811.07939
253.40677,31931693812.75396,74572110646.85901
253.42192,36097146205.14241,75393494968.79236
253.43707,202791408203.20493,401142290820.4643
253.45224,159088654099.198,469122636664.5748
253.46739,26881181360.820576,70339806882.5203
253.48254,0.0,0.0
253.49771,0.0,0.0
253.51286,18604210175.626995,33654028779.388386
253.52803,8674213960.655104,15805188635.266888
253.5432,0.0,0.0
253.55835,0.0,0.0
253.57352,0.0,0.0
253.58868,0.0,0.0
253.60385,2042717821.6457949,6137491148.654135
253.61902,685903501.0826079,2181386051.496978
253.63419,0.0,0.0
253.64935,0.0,0.0
253.66452,0.0,0.0
253.6797,0.0,0.0
253.69487,13491943142.187857,23315597370.560417
253.71004,14865264770.715662,12744789953.98872
253.72522,0.0,0.0
253.74039,0.0,0.0
253.75557,0.0,0.0
253.77075,0.0,0.0
253.78592,7288257957.080881,26296449296.047577
253.8011,7841242861.902387,20023270053.11701
253.81628,0.0,0.0
253.83147,0.0,0.0
253.84665,0.0,0.0
253.86183,2380428955.4168787,4307729093.1568575
253.87701,20710556198.66545,32530468437.45825
253.8922,598993052.1338043,2021994662.3319788
253.90738,1837419528.2197864,7152271234.65064
253.92258,15367406190.933493,39541204030.71725
253.93776,0.0,0.0
253.95294,0.0,0.0
253.96814,0.0,0.0
253.98332,0.0,0.0
253.99852,0.0,0.0
254.01372,59613974906.454926,194836955811.92395
254.0289,56888253262.45026,84485219452.28671
254.0441,0.0,0.0
254.0593,0.0,0.0
254.07449,0.0,0.0
254.08969,0.0,0.0
254.10489,2828051235.4554462,4387335632.836227
254.12009,6412202638.000199,13922365134.85119
254.13528,0.0,0.0
254.1505,0.0,0.0
254.1657,0.0,0.0
254.18089,11055451800.768436,13845747119.171322
254.19611,4746431546.823575,2509534577.594107
254.2113,16896694437.750835,35369174413.44663
254.22652,23722063596.725822,83789328575.5866
254.24173,569653638.3776549,3081730551.6642647
254.25693,24951251477.34825,85467222632.23799
254.27214,0.0,0.0
254.28735,0.0,0.0
254.30257,0.0,0.0
254.31778,0.0,0.0
254.33299,3915514028.437375,2983511623.285344
254.34821,0.0,0.0
254.36342,0.0,0.0
254.37865,0.0,0.0
254.39386,0.0,0.0
254.40907,0.0,0.0
254.4243,10300217511.562923,19610750239.324272
254.43951,7999401802.236178,27046315240.03257
254.45474,0.0,0.0
254.46996,0.0,0.0
254.48518,0.0,0.0
254.50041,0.0,0.0
254.51564,0.0,0.0
254.53085,0.0,0.0
254.54608,21745913580.7536,133791870226.15068
254.56131,0.0,0.0
254.57655,22075515636.74043,54574750253.54147
254.59178,20739930026.008533,49891940529.70759
254.60701,23386576870.115715,67355209300.45579
254.62224,0.0,0.0
254.63748,0.0,0.0
254.65271,0.0,0.0
254.66794,0.0,0.0
254.68318,0.0,0.0
254.69843,0.0,0.0
254.71365,22968775559.204662,90387314908.70256
254.7289,35118771898.88426,109043066982.51372
254.74414,36481685015.26248,52813184737.450165
254.75938,26344173013.051945,21487776673.85292
254.77463,0.0,0.0
254.78987,17681081824.164463,61073432974.51339
254.80511,71600784869.91013,257382647611.47693
254.82036,0.0,0.0
254.8356,6551034652.967054,16651902339.067326
254.85085,0.0,0.0
254.86609,131234174604.87144,925783430176.29
254.88135,19742851459.816456,88722979510.86722
254.89659,0.0,0.0
254.91185,0.0,0.0
254.92709,0.0,0.0
254.94235,101620307064.03676,65260885446.69401
254.95761,107782428624.10509,113101166854.2005
254.97287,34486911620.25742,73725348935.6806
254.98811,15539273164.484713,23816135606.096893
255.00337,0.0,0.0
255.01863,0.0,0.0
255.03389,0.0,0.0
255.04915,19417686881.833626,21161615161.958588
255.06442,44185672775.97149,22215280449.110283
255.07968,108636106436.08945,42229997458.60224
255.09494,290577608467.2985,446218691643.83954
255.1102,349225756492.22833,352873254012.6432
255.12547,96473623095.11124,177162642522.7281
255.14073,0.0,0.0
255.15601,0.0,0.0
255.17128,0.0,0.0
255.18654,30939853833.298943,57999266471.85016
255.20181,36912016395.42479,86952111335.25879
255.21709,0.0,0.0
255.23236,0.0,0.0
255.24763,0.0,0.0
255.26291,8092470589.50176,26748351879.88393
255.27818,0.0,0.0
255.29346,13615899546.27772,28241774261.22546
255.30873,0.0,0.0
255.32401,0.0,0.0
255.33929,0.0,0.0
255.35457,0.0,0.0
255.36986,0.0,0.0
255.38513,0.0,0.0
255.40042,43982709828.58559,147422004960.4714
255.4157,12965530866.597996,51332927810.563896
255.43098,0.0,0.0
255.44627,0.0,0.0
255.46156,0.0,0.0
255.47685,17537483512.389072,12690204660.403353
255.49214,10148267083.372992,11459155807.061407
255.50743,0.0,0.0
255.52272,0.0,0.0
255.53801,58400105651.54858,146702833786.02203
255.5533,65310307622.2286,188623336668.2334
255.5686,17932538192.98674,83008542679.12965
255.58389,0.0,0.0
255.59918,0.0,0.0
255.61449,0.0,0.0
255.62978,1178876522.4972582,3434910599.357339
255.64508,1004616667.9640052,2324266985.051715
255.66039,0.0,0.0
255.67569,21730101390.34703,43809207244.57041
255.69098,25842003050.30774,67880125505.640144
255.70628,0.0,0.0
255.72159,0.0,0.0
255.73689,0.0,0.0
255.7522,0.0,0.0
255.76752,0.0,0.0
255.78282,36770263035.25071,70433002860.14392
255.79813,33630500077.23992,41452504080.6738
255.81345,0.0,0.0
255.82875,0.0,0.0
255.84406,11556915317.865084,28736978272.000385
255.85938,0.0,0.0
255.87469,0.0,0.0
255.89,0.0,0.0
255.90532,0.0,0.0
255.92064,0.0,0.0
255.93596,0.0,0.0
255.95128,0.0,0.0
255.9666,6780869642.585055,13970517543.515
255.98192,20224291278.27817,42686096340.56113
255.99724,0.0,0.0
256.01257,0.0,0.0
256.02789,0.0,0.0
256.04321,0.0,0.0
256.05853,6759851433.427381,25695229606.074028
256.07385,14137839400.95807,65124002679.24961
256.0892,8393149365.486443,44971612852.25421
256.10452,0.0,0.0
256.11984,0.0,0.0
256.13519,0.0,0.0
256.15051,54700256012.966034,106357543467.349
256.16586,93741177717.55244,97848184260.1332
256.18118,211117054006.92535,293824531668.2072
256.1965,223594788960.13025,271282123782.61987
256.21185,35489597702.01776,41708669438.93528
256.2272,0.0,0.0
256.24252,0.0,0.0
256.25787,0.0,0.0
256.27319,0.0,0.0
256.28854,22476152406.356956,43594967478.42519
256.30389,0.0,0.0
256.31924,0.0,0.0
256.33456,0.0,0.0
256.34991,0.0,0.0
256.36526,0.0,0.0
256.38062,0.0,0.0
256.39597,5181834683.073879,14548714454.895971
256.41132,6265427467.854744,10230346016.076036
256.42667,18030224182.95929,54538897014.75069
256.44202,0.0,0.0
256.45737,0.0,0.0
256.47272,0.0,0.0
256.48807,0.0,0.0
256.50342,15491606664.412056,39104057633.84706
256.5188,0.0,0.0
256.53415,0.0,0.0
256.5495,121476900933.41817,133123884665.69
256.56485,247587117186.8323,464847205328.4236
256.58023,62317407611.592,189140159515.47968
256.59558,0.0,0.0
256.61093,30238380365.733986,33837964538.41966
256.62631,0.0,0.0
256.64166,0.0,0.0
256.65704,0.0,0.0
256.67239,37406448368.827446,125341373455.64804
256.68777,7405577267.9149475,20426219619.46914
256.70312,4164820507.733997,10823103269.19904
256.71851,0.0,0.0
256.73389,5030394788.220198,5301679916.345698
256.74924,0.0,0.0
256.76462,5123792910.541058,27535033466.33456
256.78,0.0,0.0
256.79538,0.0,0.0
256.81073,0.0,0.0
256.82611,0.0,0.0
256.84149,21641341961.760902,10464325539.547216
256.85687,32045943094.770622,15680595016.849129
256.87225,6728613238.409136,9690540807.370928
256.88763,8892022803.744904,42458434548.41327
256.90302,0.0,0.0
256.9184,3662839068.872633,22164914838.642235
256.93378,2767165228.0211453,11296246544.973684
256.94916,3186976030.0952587,9367775283.71076
256.96454,0.0,0.0
256.97995,1086809624.1327243,2112067408.462016
256.99533,120612147276.3374,244801499752.24344
257.01071,205860518551.04895,233329989541.72607
257.02609,124397486079.7515,95098239230.02864
257.0415,12430246138.672178,18321774491.91699
257.05688,648463213.646034,1146106330.2825365
257.07227,0.0,0.0
257.08768,0.0,0.0
257.10306,0.0,0.0
257.11847,0.0,0.0
257.13385,0.0,0.0
257.14926,3315562179.193845,13166660945.827858
257.16464,0.0,0.0
257.18005,0.0,0.0
257.19547,42008269085.95941,32125484654.8118
257.21085,49276488862.39169,77951776426.18524
257.22626,47868802897.76239,153194974127.37567
257.24167,42530008745.14628,124247443438.94888
257.25705,0.0,0.0
257.27246,0.0,0.0
257.28787,0.0,0.0
257.30328,0.0,0.0
257.3187,0.0,0.0
257.33411,25437639950.456505,93104205138.54228
257.34952,10238396904.62235,29765601872.29395
257.36493,0.0,0.0
257.38034,0.0,0.0
257.39575,0.0,0.0
257.41116,13532101577.71016,11774522257.848295
257.42657,0.0,0.0
257.44199,0.0,0.0
257.4574,0.0,0.0
257.47284,0.0,0.0
257.48825,0.0,0.0
257.50366,44722710992.23919,74703399742.7616
257.5191,0.0,0.0
257.53452,8861393531.055994,7263421814.010042
257.54993,28106409457.13092,46903468858.63445
257.56537,0.0,0.0
257.58078,7417721787.729995,8221129058.884084
257.59622,52695904989.24629,23758617895.10632
257.61163,22637329890.59224,7227716326.337663
257.62708,0.0,0.0
257.64249,19084566736.97507,11216448199.213833
257.65793,0.0,0.0
257.67337,0.0,0.0
257.68878,32985162598.560062,32799619317.361645
257.70422,22927743985.41101,36344055960.57429
257.71967,0.0,0.0
257.73511,0.0,0.0
257.75055,0.0,0.0
257.76596,11926112207.168991,89013162188.44243
257.7814,19508997333.381847,118082036885.8202
257.79684,0.0,0.0
257.81229,0.0,0.0
257.82773,784255343.3807486,3484573128.4106736
257.84317,0.0,0.0
257.85861,0.0,0.0
257.87405,26268073118.021435,107542109207.54208
257.8895,0.0,0.0
257.90497,0.0,0.0
257.92041,0.0,0.0
257.93585,12259761863.663372,21980708150.932938
257.95129,46101032454.398094,135815082732.63144
257.96677,4317135305.493185,10921092742.472977
257.98221,0.0,0.0
257.99765,0.0,0.0
258.01312,1819720204.0039167,16856556683.740984
258.02856,11047820265.622952,84738854101.89749
258.04404,0.0,0.0
258.05948,4688652053.956349,8349314043.189345
258.07495,0.0,0.0
258.09039,0.0,0.0
258.10587,20967779618.042507,15140678227.82305
258.12131,15806982622.79735,9854949868.107355
258.13678,16215540445.52047,20261759759.45041
258.15225,44965817732.16947,85153332864.24104
258.16769,19366715798.220554,31087480524.648342
258.18317,0.0,0.0
258.19864,0.0,0.0
258.21411,0.0,0.0
258.22958,12733243426.574192,41829821868.23599
258.24503,6379357707.242676,8361086457.16045
258.2605,0.0,0.0
258.27597,14004177473.947462,16597521090.32482
258.29144,33823623268.90097,82022005760.82521
258.30692,63287194667.3381,103742906634.29462
258.32239,0.0,0.0
258.33789,0.0,0.0
258.35336,0.0,0.0
258.36884,0.0,0.0
258.38431,0.0,0.0
258.39978,9872637513.40286,21625264237.28092
258.41525,6904643267.742074,15580283469.293749
258.43076,21990258447.927425,29828378218.239765
258.44623,0.0,0.0
258.4617,0.0,0.0
258.4772,5805486670.715659,20319317244.47512
258.49268,15713603340.034296,60938421707.07632
258.50818,0.0,0.0
258.52365,0.0,0.0
258.53915,0.0,0.0
258.55463,0.0,0.0
258.57013,0.0,0.0
258.5856,22355031433.87954,19520581774.92934
258.6011,12544643500.919476,30836681751.603306
258.61661,0.0,0.0
258.63208,0.0,0.0
258.64758,9703438976.351362,16799103761.823708
258.66309,0.0,0.0
258.67859,20559947664.69397,60450298832.78206
258.69409,0.0,0.0
258.70959,0.0,0.0
258.72507,0.0,0.0
258.74057,0.0,0.0
258.75607,0.0,0.0
258.77158,0.0,0.0
258.78708,0.0,0.0
258.80261,6922774671.886623,12286755843.453775
258.81812,3503738436.496731,13539983754.874018
258.83362,0.0,0.0
258.84912,0.0,0.0
258.86462,0.0,0.0
258.88013,0.0,0.0
258.89566,0.0,0.0
258.91116,0.0,0.0
258.92667,0.0,0.0
258.9422,0.0,0.0
258.9577,0.0,0.0
258.97324,13300951404.174242,34325811415.392445
258.98874,0.0,0.0
259.00427,0.0,0.0
259.01978,0.0,0.0
259.03531,41539584282.8407,129315244783.17429
259.05081,0.0,0.0
259.06635,0.0,0.0
259.08188,0.0,0.0
259.09741,0.0,0.0
259.11292,0.0,0.0
259.12845,0.0,0.0
259.14398,9622875934.394505,42767018291.34898
259.15952,121790815560.36131,892803503623.4855
259.17505,154660553444.57516,861290320652.6656
259.19058,77352060389.79549,160456084434.25684
259.20609,28694950905.733635,70386201070.1486
259.22162,194715827038.57117,514001700276.2647
259.23715,854358567035.1686,1235880649171.1494
259.25272,642324370033.1887,1097541269498.9032
259.26825,138139022068.9962,290851529720.2257
259.28378,6080206253.727465,15069020245.10755
259.29932,0.0,0.0
259.31485,0.0,0.0
259.33038,0.0,0.0
259.34595,5566588126.584924,6160647168.14364
259.36148,0.0,0.0
259.37701,11730608405.928762,79125173540.00243
259.39255,6271367444.985812,53709992594.22099
259.40811,24497141891.966263,200119806730.016
259.42365,11173704057.724825,59209976440.9347
259.43921,17635948054.040054,70216899457.17853
259.45474,0.0,0.0
259.47031,0.0,0.0
259.48584,0.0,0.0
259.5014,17927540078.93518,24440841917.30025
259.51694,8548012221.631876,4689911881.666615
259.5325,59240526260.89079,44357295464.03627
259.54807,0.0,0.0
259.56363,6764323557.569468,22320502571.283424
259.57916,0.0,0.0
259.59473,0.0,0.0
259.61029,0.0,0.0
259.62585,6740519268.836345,13178902049.35464
259.64142,0.0,0.0
259.65698,13238082057.98796,83564287998.30275
259.67252,8890423660.89849,44278625568.14027
259.68808,0.0,0.0
259.70364,0.0,0.0
259.71924,0.0,0.0
259.7348,0.0,0.0
259.75037,0.0,0.0
259.76593,0.0,0.0
259.78149,0.0,0.0
259.79706,668943093766.2096,1592109190247.407
259.81265,258609600676.52823,367624825133.6116
259.82822,51225036735.23639,118272900248.7059
259.84378,42322442453.808,79134157049.54002
259.85938,9891069530.689756,11098377743.757912
259.87494,0.0,0.0
259.8905,8091643417.674466,19685493373.776352
259.9061,0.0,0.0
259.92166,0.0,0.0
259.93726,3522652412.552921,3134143842.270526
259.95282,7811892408.586863,11290844357.221231
259.96841,0.0,0.0
259.98401,5921044553.973088,16489783178.160963
259.99957,0.0,0.0
260.01517,9338345917.80553,7440364501.611451
260.03076,100000031523.19868,150804901528.92148
260.04633,24729957207.2625,106945271142.7284
260.06192,0.0,0.0
260.07751,0.0,0.0
260.09311,0.0,0.0
260.1087,0.0,0.0
260.1243,5443132851.121152,17339034027.042282
260.13989,0.0,0.0
260.15549,0.0,0.0
260.17108,0.0,0.0
260.18668,0.0,0.0
260.20227,0.0,0.0
260.21786,0.0,0.0
260.23346,0.0,0.0
260.24905,0.0,0.0
260.26465,17193162209.544605,51235081180.89216
260.28027,5976099296.744331,24217478169.802498
260.29587,0.0,0.0
260.31146,0.0,0.0
260.32709,0.0,0.0
260.34268,0.0,0.0
260.35831,0.0,0.0
260.3739,0.0,0.0
260.3895,0.0,0.0
260.40512,27082866449.478848,96779173061.7338
260.42075,0.0,0.0
260.43634,0.0,0.0
260.45197,0.0,0.0
260.46756,0.0,0.0
260.48318,45039853489.18485,70068146540.11389
260.49881,0.0,0.0
260.51443,0.0,0.0
260.53003,0.0,0.0
260.54565,0.0,0.0
260.56128,98876975475.86903,150159419903.0869
260.5769,0.0,0.0
260.59253,0.0,0.0
260.60815,0.0,0.0
260.62378,0.0,0.0
260.6394,0.0,0.0
260.65503,0.0,0.0
260.67065,13908649533.538033,22365363426.39017
260.68628,0.0,0.0
260.7019,0.0,0.0
260.71756,15124311548.957792,17738421767.894127
260.73318,13470561656.521688,27421918364.481876
260.74881,0.0,0.0
260.76443,0.0,0.0
260.78009,0.0,0.0
260.79572,0.0,0.0
260.81137,29725615795.31341,118127971676.762
260.827,4495219396.962646,9977742427.519316
260.84262,25681332827.27341,63509654339.8424
260.85828,7768250387.987263,25254773071.754227
260.8739,0.0,0.0
260.88956,59216747376.4352,93731414002.31789
260.90521,32712350037.19384,94256096787.34462
260.92084,23271421890.293434,49714134443.53086
260.93649,0.0,0.0
260.95215,168873685109.07208,169997963218.76108
260.96777,273755991897.1316,299336446433.23047
260.98343,60071229930.428345,111571594765.89153
260.99908,0.0,0.0
261.01474,40140469593.06455,245622217057.35596
261.0304,72517815486.60405,357423941593.2491
261.04605,26336745079.651344,50148709911.137054
261.06171,0.0,0.0
261.07733,0.0,0.0
261.09299,0.0,0.0
261.10867,0.0,0.0
261.12433,76404728462.33005,195069315713.7493
261.13998,71641081474.58876,370469925412.3927
261.15564,37818711243.66276,215852052687.25143
261.1713,0.0,0.0
261.18695,0.0,0.0
261.20261,0.0,0.0
261.21829,0.0,0.0
261.23395,0.0,0.0
261.2496,0.0,0.0
261.26529,0.0,0.0
261.28094,0.0,0.0
261.29663,0.0,0.0
261.31229,0.0,0.0
261.32797,0.0,0.0
261.34363,0.0,0.0
261.35931,0.0,0.0
261.37497,6490469629.576113,7083876123.820592
261.39066,42721521774.10638,139103853826.0191
261.40634,16525059534.524614,64180135205.76164
261.422,0.0,0.0
261.43768,0.0,0.0
261.45337,0.0,0.0
261.46906,0.0,0.0
261.48474,0.0,0.0
261.50043,0.0,0.0
261.51608,6365671980.25148,10578341344.847437
261.53177,75711724101.34636,170607967639.05972
261.54745,39898130343.38182,113987417271.00658
261.56314,0.0,0.0
261.57883,84148524288.69832,360574858231.7498
261.59454,73780729717.75653,406083911437.3876
261.61023,0.0,0.0
261.62592,0.0,0.0
261.6416,0.0,0.0
261.65729,0.0,0.0
261.67297,12322610866.623,87644577382.71909
261.68869,28499942947.196907,120240076035.09258
261.70438,64736120192.77685,112359843779.7711
261.72006,98517610726.9882,101909946433.0798
261.73578,98161114918.7813,97659100971.9494
261.75146,135704709282.32306,257865218315.8669
261.76718,285297443839.1972,415322645504.96
261.78287,451022493530.0407,614955796524.0905
261.79858,229790258970.5132,375879498385.19055
261.81427,0.0,0.0
261.82999,0.0,0.0
261.8457,0.0,0.0
261.86139,43380631854.86959,54604230147.79491
261.87711,35626887532.639946,31282553516.331776
261.89282,0.0,0.0
261.90851,0.0,0.0
261.92422,24696296758.439808,4938546322.687463
261.93994,0.0,0.0
261.95566,0.0,0.0
261.97137,0.0,0.0
261.98709,0.0,0.0
262.00281,0.0,0.0
262.01852,0.0,0.0
262.03424,0.0,0.0
262.04996,6717571675.047048,27897706087.10532
262.06567,18351218261.64012,89716722189.45471
262.08139,111322528890.81256,439927632630.3443
262.09711,108350556210.8629,296736551121.0582
262.11282,52049524129.49917,81286620842.84578
262.12857,34611900295.213165,53863399706.731606
262.14429,0.0,0.0
262.16,0.0,0.0
262.17575,0.0,0.0
262.19147,146357879375.99823,592766543048.714
262.20718,160171179315.63617,492601840992.0147
262.22293,280919314683.28265,497444311640.15466
262.23865,205469682432.1203,502751720515.1683
262.25439,288178986568.9858,758593516468.215
262.27011,751627402749.9963,1842155827034.2517
262.28586,102785783672.75298,733214047409.9633
262.30157,21665584060.9276,124115010922.53568
262.31732,438813658.9857173,1367503413.0945797
262.33307,0.0,0.0
262.34879,111409871213.64188,233485248830.48715
262.36453,304355626846.97687,275061610766.7769
262.38028,1308709372755.6975,1038291044504.0836
262.39603,993701895761.6942,1800702411288.9048
262.41177,281140942370.3802,719025634249.5767
262.42752,85607518728.14716,275894049846.8999
262.44324,149732772292.50613,581745982472.2273
262.45898,363133448148.8212,1270447765846.1003
262.47473,415530620917.2873,897207447818.566
262.49048,209571581293.24146,229920986024.3656
262.50623,90844689029.32036,137484750730.06204
262.522,79445740304.6229,308771385813.60834
262.53775,0.0,0.0
262.5535,0.0,0.0
262.56924,0.0,0.0
262.58499,0.0,0.0
262.60077,0.0,0.0
262.61652,0.0,0.0
262.63226,0.0,0.0
262.64801,115356102215.77342,317625959473.3817
262.66379,3625013681.630543,19520445159.604366
262.67953,0.0,0.0
262.69531,72663843493.92497,158583512091.51767
262.71106,0.0,0.0
262.72684,35879655610.695984,15566884569.435356
262.74258,118251163329.98589,387810624491.3319
262.75836,108857090101.51912,609805360561.7772
262.77414,9871214561.598162,36970803571.88823
262.78989,0.0,0.0
262.80566,35182921965.58539,166111939054.775
262.82144,0.0,0.0
262.83719,0.0,0.0
262.85297,0.0,0.0
262.86874,0.0,0.0
262.88452,20857484002.073856,30053024260.057907
262.9003,0.0,0.0
262.91608,0.0,0.0
262.93185,0.0,0.0
262.94763,27194221692.37361,46426051304.73482
262.96341,0.0,0.0
262.97919,0.0,0.0
262.99496,51993803390.192215,129678302994.28893
263.01074,19429130299.827705,50470374587.06936
263.02652,0.0,0.0
263.0423,48950898674.12366,36237228999.77602
263.05811,0.0,0.0
263.07388,0.0,0.0
263.08966,0.0,0.0
263.10547,0.0,0.0
263.12125,0.0,0.0
263.13702,143806604522.70874,314237066265.5941
263.15283,0.0,0.0
263.16861,0.0,0.0
263.18442,0.0,0.0
263.2002,69850891882.03586,154552412415.36935
263.216,22133093783.982586,49524125901.09379
263.23181,6774103793.781884,21750242161.311085
263.24759,19174069715.202843,46208986881.61556
263.2634,0.0,0.0
263.27921,8301732522.1575775,27995166268.764866
263.29498,0.0,0.0
263.31079,12005402727.984434,44113553415.24878
263.3266,0.0,0.0
263.34241,0.0,0.0
263.35822,17139882652.13313,62988979106.65843
263.37402,0.0,0.0
263.38983,53134262552.03185,108434147649.47948
263.40564,0.0,0.0
263.42145,0.0,0.0
263.43726,0.0,0.0
263.45306,0.0,0.0
263.46887,0.0,0.0
263.48468,83722082156.2425,176245808026.77573
263.50049,6802309315.341149,7341457389.486193
263.51633,0.0,0.0
263.53214,0.0,0.0
263.54794,0.0,0.0
263.56375,52807231853.17976,70511765741.34027
263.57959,17603618920.382095,67583265737.13407
263.5954,0.0,0.0
263.61124,0.0,0.0
263.62704,0.0,0.0
263.64288,61452161952.79536,288861584104.6069
263.65869,0.0,0.0
263.67453,32074139648.32406,187535423945.8168
263.69034,0.0,0.0
263.70618,43766320228.82349,93673861009.08398
263.72202,360459899817.4824,693118542219.9727
263.73782,370794937608.98566,1284064946497.6013
263.75366,57345608968.81767,183470852799.4098
263.7695,19514170979.407547,53163224709.18493
263.78534,23223741080.26898,113954106092.44014
263.80118,0.0,0.0
263.81699,0.0,0.0
263.83282,0.0,0.0
263.84866,0.0,0.0
263.8645,0.0,0.0
263.88034,8042071557.622145,28661138629.481945
263.89618,28150001000.68049,169162382090.9719
263.91202,79237683646.30035,349231699989.2735
263.92789,411505499113.4919,1276525650032.3958
263.94373,245810434211.66415,1193446689065.3806
263.95956,113360592573.69427,722791898919.1486
263.9754,0.0,0.0
263.99124,81424644172.51027,333614917673.2939
264.00711,49773007760.13391,92408598769.64188
264.02295,137292829022.618,269360522048.4716
264.03879,274763739437.34613,507699925601.7176
264.05466,510780201228.66943,1434584790947.8772
264.0705,420633685944.97815,1749187325134.282
264.08636,120891854936.53362,466810654817.5621
264.1022,19987316796.42055,82330371683.39168
264.11807,36195847054.84089,154509816480.8405
264.13391,0.0,0.0
264.14978,21793485043.485542,55510301263.888336
264.16562,236171276594.1657,778505059544.0896
264.18149,642432642848.6293,1684313340981.2185
264.19736,1212606491480.713,1313635389418.739
264.21323,444739297876.94586,642788215694.7556
264.22906,142520538673.23477,187956039508.00705
264.24493,0.0,0.0
264.2608,183420581043.4746,284912318453.1661
264.27667,0.0,0.0
264.29254,0.0,0.0
264.30841,0.0,0.0
264.32428,0.0,0.0
264.34015,20074054775.88061,56971835055.48037
264.35602,23339380497.32385,84220088838.15825
264.37189,6787035790.021786,16746117918.065434
264.38776,19351753964.177902,21698262624.48469
264.40363,42404328195.48311,34932053343.47416
264.41949,65461071005.041664,83327942302.3961
264.43536,17195593819.27015,28679844996.32033
264.45126,0.0,0.0
264.46713,0.0,0.0
264.483,0.0,0.0
264.4989,0.0,0.0
264.51477,5164752561.455124,18435840341.225983
264.53067,0.0,0.0
264.54654,0.0,0.0
264.56241,0.0,0.0
264.57831,0.0,0.0
264.59421,23699003144.87847,121709546876.0757
264.61008,8952338632.233624,41900608828.89283
264.62598,0.0,0.0
264.64185,0.0,0.0
264.65775,10566813361.15676,28986382975.391987
264.67365,30636824807.14785,60725287352.18889
264.68954,0.0,0.0
264.70541,0.0,0.0
264.72131,10374396545.581736,45104879726.47705
264.73721,0.0,0.0
264.75311,0.0,0.0
264.76901,0.0,0.0
264.78491,0.0,0.0
264.80081,0.0,0.0
264.81671,45434278119.53249,93094108630.61372
264.83261,0.0,0.0
264.84851,0.0,0.0
264.86441,0.0,0.0
264.88031,45325783447.792175,208749367380.542
264.89624,7207296834.982906,39153237164.923965
264.91214,0.0,0.0
264.92804,10245530803.523764,5450006793.626217
264.94397,6123407613.468792,4988786611.972795
264.95987,0.0,0.0
264.97577,0.0,0.0
264.9917,0.0,0.0
265.0076,47062453149.67898,110025830088.27834
265.02353,0.0,0.0
265.03943,47896179776.63177,95760596140.39204
265.05536,37936759445.38341,110361966228.45029
265.07126,1992608832.9316144,11135104510.775114
265.08719,29219656721.565083,183346545774.1414
265.10312,19436921247.67372,95439500563.03828
265.11902,0.0,0.0
265.13495,0.0,0.0
265.15088,0.0,0.0
265.16681,0.0,0.0
265.18271,0.0,0.0
265.19864,0.0,0.0
265.21457,59189100285.324005,27555128941.614883
265.2305,0.0,0.0
265.24643,0.0,0.0
265.26236,0.0,0.0
265.27829,0.0,0.0
265.29422,0.0,0.0
265.31015,0.0,0.0
265.32608,0.0,0.0
265.34204,0.0,0.0
265.35797,18091395205.472107,13742193021.512094
265.3739,0.0,0.0
265.38983,0.0,0.0
265.40579,0.0,0.0
265.42172,0.0,0.0
265.43765,0.0,0.0
265.45361,0.0,0.0
265.46954,0.0,0.0
265.4855,0.0,0.0
265.50143,19502878949.591072,101704235631.58824
265.5174,35911526526.48924,99009705728.0019
265.53333,23732569726.120457,32415921458.37674
265.54929,58450968492.46288,123679611541.02136
265.56525,94269477097.65616,257425368222.1917
265.58118,26978996625.067505,50802857723.61272
265.59714,0.0,0.0
265.6131,0.0,0.0
265.62906,0.0,0.0
265.64502,0.0,0.0
265.66095,38843085252.23369,262209039311.9904
265.67691,39654443947.08439,54017267198.43757
265.69287,0.0,0.0
265.70883,0.0,0.0
265.72479,0.0,0.0
265.74075,6130151804.136163,16496944446.715584
265.75671,0.0,0.0
265.77267,0.0,0.0
265.78867,0.0,0.0
265.80463,62508945433.46418,153387758331.0078
265.82059,230721098528.70624,302694280705.4451
265.83655,432846613020.0828,862374702213.5343
265.85251,1007638816754.8546,1921982467183.412
265.8685,652941170423.1414,2090897477522.7588
265.88446,0.0,0.0
265.90045,0.0,0.0
265.91641,0.0,0.0
265.93237,44894877652.567375,119441765200.34663
265.94836,0.0,0.0
265.96432,0.0,0.0
265.98032,111544691459.04402,224920464040.1171
265.99631,55414424764.635765,186961239211.886
266.01227,0.0,0.0
266.02826,0.0,0.0
266.04425,0.0,0.0
266.06021,56823642732.23715,92948576001.63664
266.0762,202236981574.3554,1026221131078.7952
266.09219,0.0,0.0
266.10818,0.0,0.0
266.12418,0.0,0.0
266.14014,0.0,0.0
266.15613,0.0,0.0
266.17212,0.0,0.0
266.18811,124351273750.38075,220206303605.43823
266.2041,0.0,0.0
266.22012,0.0,0.0
266.23611,0.0,0.0
266.25211,28242745979.42942,45710614840.3146
266.2681,0.0,0.0
266.28409,0.0,0.0
266.30008,20901618827.9195,44808016039.35934
266.3161,77622397941.5686,339148025500.9342
266.33209,0.0,0.0
266.34808,0.0,0.0
266.36411,25461194383.31086,62212514488.19414
266.3801,0.0,0.0
266.39612,0.0,0.0
266.41211,0.0,0.0
266.42813,0.0,0.0
266.44412,10125084529.196173,28201118678.40238
266.46014,1342237158.795462,9631391566.434216
266.47614,0.0,0.0
266.49216,0.0,0.0
266.50818,0.0,0.0
266.5242,43274940420.52111,37140263434.70349
266.54019,41690297422.9394,84988012411.5536
266.55621,0.0,0.0
266.57224,0.0,0.0
266.58826,0.0,0.0
266.60428,54537521412.95361,77949183936.79785
266.6203,0.0,0.0
266.63632,0.0,0.0
266.65234,0.0,0.0
266.66837,8404446585.678195,40752794745.89552
266.68439,0.0,0.0
266.70041,9706622036.022552,40907358880.819305
266.71643,0.0,0.0
266.73245,8340750379.276947,16909555584.103512
266.7485,6261472154.070003,5327025300.011428
266.76453,71846937403.60852,56243034589.97162
266.78055,339410728160.8793,329367809713.84955
266.79657,422333936528.5217,697411077568.296
266.81262,221524456288.383,398201170249.0493
266.82864,0.0,0.0
266.8447,0.0,0.0
266.86072,0.0,0.0
266.87677,0.0,0.0
266.89279,49452323961.28003,336643374302.5123
266.90884,0.0,0.0
266.92487,6899423246.781235,34977982960.33084
266.94092,0.0,0.0
266.95697,0.0,0.0
266.97299,0.0,0.0
266.98904,0.0,0.0
267.0051,0.0,0.0
267.02115,0.0,0.0
267.03717,0.0,0.0
267.05322,13202132191.021238,49153410546.98227
267.06927,13890112491.979897,24065497494.093315
267.08533,20900558737.65514,33175811038.58588
267.10138,0.0,0.0
267.11743,0.0,0.0
267.13348,8100789366.141076,31488795989.062546
267.14954,0.0,0.0
267.16559,0.0,0.0
267.18167,36982294934.06262,330016543387.34564
267.19772,0.0,0.0
267.21378,0.0,0.0
267.22983,0.0,0.0
267.24591,0.0,0.0
267.26196,28689091745.1886,154271723088.0609
267.27802,0.0,0.0
267.2941,6526566692.396841,16990826330.59538
267.31015,51050974387.3909,114129320959.7562
267.32623,66305143067.15548,227383708775.5652
267.34229,0.0,0.0
267.35837,0.0,0.0
267.37442,0.0,0.0
267.3905,0.0,0.0
267.40659,0.0,0.0
267.42264,8750190.077684669,35456688.186075784
267.43872,53643722799.646126,303887790747.9551
267.4548,0.0,0.0
267.47086,0.0,0.0
267.48694,0.0,0.0
267.50302,50030235586.81623,173458568628.4992
267.5191,950154187.1979196,3594571506.413641
267.53519,20553539295.924423,118563806788.2692
267.55127,0.0,0.0
267.56735,0.0,0.0
267.58344,0.0,0.0
267.59952,20299102823.16596,36879785435.626366
267.6156,0.0,0.0
267.63168,0.0,0.0
267.64777,0.0,0.0
267.66388,0.0,0.0
267.67996,0.0,0.0
267.69604,0.0,0.0
267.71213,0.0,0.0
267.72824,0.0,0.0
267.74432,0.0,0.0
267.76044,0.0,0.0
267.77652,0.0,0.0
267.79263,66595125588.841095,269089554482.47437
267.80872,0.0,0.0
267.82483,0.0,0.0
267.84091,0.0,0.0
267.85703,86567910781.40437,220238951639.1921
267.87311,0.0,0.0
267.88922,39967887086.47112,260291904617.46188
267.90533,14878700699.41325,97406956759.26833
267.92145,0.0,0.0
267.93753,0.0,0.0
267.95364,0.0,0.0
267.96976,12713436933.175371,50791451722.35262
267.98587,1241935388.9797728,6174647219.204592
268.00198,0.0,0.0
268.0181,0.0,0.0
268.03421,51365106682.56183,137326277057.18716
268.05032,93490524692.9035,142347658193.44632
268.06644,8066748704.961401,10565468002.275455
268.08255,1721286057.1748853,4261822244.325544
268.09866,5535376702.38326,26903590631.62229
268.11481,0.0,0.0
268.13092,0.0,0.0
268.14703,0.0,0.0
268.16315,0.0,0.0
268.17929,0.0,0.0
268.1954,0.0,0.0
268.21152,0.0,0.0
268.22766,0.0,0.0
268.24377,114524408234.36618,309272354823.8639
268.25992,221367092265.36563,564341004895.702
268.27603,0.0,0.0
268.29218,0.0,0.0
268.30832,0.0,0.0
268.32443,40313562026.14215,93694652247.07632
268.34058,44818334420.24771,124266542519.45438
268.35672,0.0,0.0
268.37283,0.0,0.0
268.38898,0.0,0.0
268.40512,36983278362.58546,45037894913.42725
268.42126,0.0,0.0
268.43741,25341865279.01656,39604032520.44733
268.45355,0.0,0.0
268.46967,0.0,0.0
268.48581,0.0,0.0
268.50195,0.0,0.0
268.51813,0.0,0.0
268.53427,13286325136.757656,22781904118.31785
268.55042,106462348943.7283,285150335026.78595
268.56656,62125198483.96703,386150413255.5764
268.5827,86585582434.83691,582561590505.3109
268.59885,11833926800.219172,35709152127.83912
268.61502,0.0,0.0
268.63116,0.0,0.0
268.64731,0.0,0.0
268.66348,0.0,0.0
268.67963,0.0,0.0
268.6958,0.0,0.0
268.71194,0.0,0.0
268.72812,0.0,0.0
268.74426,0.0,0.0
268.76044,6347959958.119314,18103399395.768497
268.77658,0.0,0.0
268.79276,0.0,0.0
268.80893,0.0,0.0
268.82507,0.0,0.0
268.84125,0.0,0.0
268.85742,0.0,0.0
268.8736,6180952655.269801,3818518792.472474
268.88977,14815389102.21106,17050577530.194098
268.90591,0.0,0.0
268.92209,24703430909.105778,37777703051.35753
268.93826,0.0,0.0
268.95444,71962147313.07246,231289393200.1891
268.97061,22597479984.02211,77815361952.38853
268.98682,174836346362.3216,522927509678.3684
269.00299,1576848074406.559,5200398997748.522
269.01917,1054575165277.8108,3225981812219.4995
269.03534,194163308185.9045,463701160631.3988
269.05151,87704920724.3424,176334696227.01385
269.06769,0.0,0.0
269.08389,0.0,0.0
269.10007,0.0,0.0
269.11624,0.0,0.0
269.13245,36000634558.10254,61774400141.491936
269.14862,50182511161.26685,133568323177.95164
269.16483,7109044899.100323,21614995466.955437
269.181,30564588718.769165,77314826432.98245
269.1972,0.0,0.0
269.21338,0.0,0.0
269.22958,0.0,0.0
269.24579,0.0,0.0
269.26196,0.0,0.0
269.27817,0.0,0.0
269.29437,0.0,0.0
269.31055,54588503394.34448,26853033821.80506
269.32675,0.0,0.0
269.34296,37346773789.65744,21617528962.77172
269.35916,6310195922.841337,4826798022.900676
269.37537,32866134168.157063,27795088089.50067
269.39157,0.0,0.0
269.40778,0.0,0.0
269.42398,8533203710.103051,38948779733.92982
269.44019,0.0,0.0
269.45639,0.0,0.0
269.4726,3635018962.163108,30343073338.26249
269.4888,11390008251.747938,69434463046.88196
269.50504,0.0,0.0
269.52124,13072329420.753344,21856647625.90496
269.53745,14883256646.344925,39285207649.378265
269.55365,0.0,0.0
269.56989,8529970178.321628,11146341872.698158
269.58609,0.0,0.0
269.60229,13405952710.11124,9327942444.948154
269.61853,65142023369.086006,111426980763.38814
269.63474,49863108334.98398,176436405586.22717
269.65097,49027353008.83501,205903338985.05008
269.66718,33160912936.581203,96506020753.9883
269.68341,95315824989.56355,146404196633.92572
269.69965,246814577745.71988,432578006684.0933
269.71585,258019604784.748,520312293120.3992
269.73209,79039447071.8802,250351679448.11093
269.74832,0.0,0.0
269.76456,0.0,0.0
269.78076,0.0,0.0
269.797,0.0,0.0
269.81323,5473453574.431874,7075363888.341618
269.82947,7007027273.365397,25339018394.198128
269.8457,0.0,0.0
269.86194,0.0,0.0
269.87817,29530407291.7428,41111465980.94606
269.89441,68974158085.87505,93348024774.68517
269.91064,0.0,0.0
269.92688,30789160614.837,35485547811.07845
269.94312,8832626932.205954,22573066607.867226
269.95938,0.0,0.0
269.97562,0.0,0.0
269.99185,0.0,0.0
270.00809,0.0,0.0
270.02435,0.0,0.0
270.04059,0.0,0.0
270.05682,0.0,0.0
270.07309,2879495706.7048903,4293765773.1644735
270.08932,94903137609.11736,254622503242.49863
270.10559,0.0,0.0
270.12183,0.0,0.0
270.13809,0.0,0.0
270.15436,40580980831.48663,252128755119.90115
270.17059,0.0,0.0
270.18686,0.0,0.0
270.20312,73762043830.33449,220895810541.7083
270.21936,0.0,0.0
270.23563,0.0,0.0
270.25189,0.0,0.0
270.26816,102956493145.6842,82804901662.01329
270.28442,0.0,0.0
270.30069,0.0,0.0
270.31696,0.0,0.0
270.33322,0.0,0.0
270.34949,0.0,0.0
270.36575,0.0,0.0
270.38202,176975769699.99316,557167865671.7965
270.39828,1067019027297.9956,4378216887238.724
270.41455,1392302257527.2715,6443221424712.127
270.43082,3212058763.882142,9182953944.997444
270.44711,0.0,0.0
270.46338,0.0,0.0
270.47964,506766836.9812079,664412025.2394766
270.49594,20281547149.1292,50187436756.91736
270.51221,55375942914.28149,163383013814.82693
270.52847,90209891875.34789,448266950494.4716
270.54477,88832478137.47897,805218134940.5931
270.56104,0.0,0.0
270.57733,0.0,0.0
270.5936,0.0,0.0
270.60989,21870262168.948837,65974841274.09007
270.62619,1335856905.8966725,3895736271.2158055
270.64246,0.0,0.0
270.65875,64070250410.06297,171176509007.6793
270.67505,0.0,0.0
270.69135,0.0,0.0
270.70761,80359907221.0469,186908285052.03867
270.72391,0.0,0.0
270.7402,0.0,0.0
270.7565,0.0,0.0
270.7728,0.0,0.0
270.78909,0.0,0.0
270.80539,0.0,0.0
270.82169,0.0,0.0
270.83798,0.0,0.0
270.85428,0.0,0.0
270.87061,0.0,0.0
270.8869,0.0,0.0
270.9032,0.0,0.0
270.91949,68307429842.11913,210241247636.61005
270.93582,10455498376.61951,50451984333.92166
270.95212,61520978976.1385,300612744353.54
270.96841,0.0,0.0
270.98474,0.0,0.0
271.00104,0.0,0.0
271.01736,0.0,0.0
271.03366,32293025918.610798,138996440950.7707
271.04999,175134247153.42728,292848842407.55023
271.06628,0.0,0.0
271.08261,34042415696.042576,75436886785.51427
271.09894,136350435028.29263,258063453645.7617
271.11523,0.0,0.0
271.13156,27677622948.72363,146956778304.14728
271.14789,63343266953.80132,996872043303.7876
271.16422,14696935180.109354,175097754237.1686
271.18054,0.0,0.0
271.19684,25845578043.815037,44232243322.12186
271.21317,131243427573.44376,238112126541.25748
271.22949,38482175344.95446,28306314646.981182
271.24582,0.0,0.0
271.26215,63772679051.45707,232360006097.68796
271.27847,154076737756.66418,981293748605.02
271.2948,21980210961.18714,144205892800.47552
271.31116,493840350.7538801,1904703641.360041
271.32748,128238794637.96706,165972837666.3875
271.34381,173125925938.8192,76362954105.0369
271.36014,0.0,0.0
271.37646,0.0,0.0
271.39282,51016200115.123474,134225584383.1642
271.40915,0.0,0.0
271.42548,0.0,0.0
271.44183,3395301653.015146,2763247675.0319943
271.45816,95601258722.27731,99289821785.17471
271.47452,0.0,0.0
271.49084,9682245392.947453,47419735858.61688
271.5072,84752562465.7766,700450385084.9916
271.52353,135246979560.3782,811925275316.685
271.53989,306665502176.44867,629905820571.4114
271.55624,475612643678.98114,473338789363.9581
271.57257,518179840055.2628,524100192580.05255
271.58893,298688625337.83057,500362294275.1669
271.60529,289920973409.19257,509115554874.2761
271.62164,204472395059.5436,352749012965.74567
271.638,101232915374.89632,95143562122.37724
271.65436,0.0,0.0
271.67068,0.0,0.0
271.68704,0.0,0.0
271.7034,0.0,0.0
271.71976,186335555273.0442,1284438729739.202
271.73611,2792109314.5026474,15028143044.583372
271.7525,0.0,0.0
271.76886,114293282227.30173,535356314843.0034
271.78522,0.0,0.0
271.80157,0.0,0.0
271.81793,0.0,0.0
271.83429,0.0,0.0
271.85068,0.0,0.0
271.86703,51894796914.951744,132072302563.85097
271.88342,0.0,0.0
271.89978,0.0,0.0
271.91614,3103647807.051125,20101912560.209785
271.93253,0.0,0.0
271.94888,0.0,0.0
271.96527,0.0,0.0
271.98166,23724851868.53088,75127635633.59048
271.99802,9903905002.494026,35147752154.582504
272.0144,96411554173.54062,503295492684.8579
272.03076,100171771308.9845,668591591598.6752
272.04715,211972507226.81384,1064693186566.77
272.06354,104699794816.13467,558120831340.4532
272.07993,109130328892.19316,492075438479.3788
272.09631,0.0,0.0
272.1127,0.0,0.0
272.12906,0.0,0.0
272.14545,0.0,0.0
272.16183,34505484442.29245,56632479605.23659
272.17822,87343973076.91904,186717129913.84128
272.19461,14290841929.735125,40228363069.55431
272.21103,231573909131.4369,717690717295.7819
272.22742,148840114020.54303,300578259375.3017
272.2438,47001570771.67235,61799851406.154045
272.26019,0.0,0.0
272.27658,52735368083.601166,32432812483.811226
272.29297,0.0,0.0
272.30939,0.0,0.0
272.32578,0.0,0.0
272.34216,0.0,0.0
272.35858,0.0,0.0
272.37497,33813651213.10185,131265646060.24043
272.39139,1694734217.4247108,6980725213.129713
272.40778,0.0,0.0
272.42419,0.0,0.0
272.44058,0.0,0.0
272.457,0.0,0.0
272.47342,0.0,0.0
272.48981,17364819017.84319,43562013972.311806
272.50623,0.0,0.0
272.52264,0.0,0.0
272.53906,0.0,0.0
272.55548,0.0,0.0
272.57187,0.0,0.0
272.58829,84055418730.37231,150914313744.72928
272.60471,14330140156.043888,16836105108.663748
272.62112,0.0,0.0
272.63754,0.0,0.0
272.65396,30288377150.55032,71559954852.50844
272.67038,0.0,0.0
272.68683,60748446315.73915,501018061935.8408
272.70325,420124415984.768,2417368963951.8647
272.71967,687590627105.5094,1995068269707.661
272.73608,389835597535.9555,779480499039.1532
272.7525,178420466874.61072,269204431285.90012
272.76895,797350453034.258,910532799205.8762
272.78537,2143150650227.976,2218791341163.278
272.80179,2028637415741.7468,2034281127571.936
272.81824,312727094641.6546,267090799584.54745
272.83466,0.0,0.0
272.8511,28640168626.399105,50378208960.46803
272.86752,0.0,0.0
272.88397,0.0,0.0
272.90039,0.0,0.0
272.91684,89314298881.05627,220482569219.22635
272.93329,0.0,0.0
272.94971,0.0,0.0
272.96616,0.0,0.0
272.9826,29243628799.22491,70102191997.595
272.99905,0.0,0.0
273.0155,0.0,0.0
273.03192,0.0,0.0
273.04837,60701128233.643845,261860580781.8318
273.06482,82279634110.95854,450831995120.29706
273.08127,0.0,0.0
273.09772,0.0,0.0
273.11417,35048362524.24924,71379038705.41415
273.13065,0.0,0.0
273.14709,0.0,0.0
273.16354,0.0,0.0
273.17999,0.0,0.0
273.19644,21887484600.19477,112124957168.30124
273.21292,0.0,0.0
273.22937,0.0,0.0
273.24582,0.0,0.0
273.2623,0.0,0.0
273.27875,0.0,0.0
273.2952,0.0,0.0
273.31168,0.0,0.0
273.32812,0.0,0.0
273.3446,14261485102.722227,34148058323.61337
273.36108,152006285000.24823,537776427309.5556
273.37753,0.0,0.0
273.39401,0.0,0.0
273.41049,0.0,0.0
273.42694,0.0,0.0
273.44342,28957199655.30192,42042389569.46703
273.4599,2505332048.9286466,4251470732.396269
273.47638,40296423861.00679,97560319252.15424
273.49286,0.0,0.0
273.50934,89373825664.33868,338668858590.1162
273.52579,0.0,0.0
273.54227,0.0,0.0
273.55875,0.0,0.0
273.57526,11332344653.92798,22377482227.61418
273.59174,72350075005.21648,276210770007.0075
273.60822,0.0,0.0
273.62469,0.0,0.0
273.64117,0.0,0.0
273.65765,77888439959.06845,240021041617.8625
273.67416,0.0,0.0
273.69064,0.0,0.0
273.70712,105396568980.9735,207119216940.29507
273.72363,0.0,0.0
273.74011,0.0,0.0
273.75662,0.0,0.0
273.7731,54687414071.79371,142726621015.668
273.78961,90759891847.93085,191229314589.5247
273.80609,31672603155.96214,52586141026.58192
273.8226,0.0,0.0
273.83908,0.0,0.0
273.85559,0.0,0.0
273.8721,0.0,0.0
273.88861,32669063297.23461,128133675406.39488
273.90509,16646073546.749636,74580235336.84364
273.9216,0.0,0.0
273.93811,0.0,0.0
273.95462,0.0,0.0
273.97113,2275744101.130053,15851743334.000504
273.98764,27396646299.358368,205909058406.74228
274.00415,0.0,0.0
274.02066,0.0,0.0
274.03717,0.0,0.0
274.05368,11408145912.13686,7670556299.684647
274.07019,17553789301.051117,11451582977.669369
274.0867,53269144916.80141,65448231787.0245
274.10324,72317281987.30743,39231520595.18235
274.11975,11546632750.909876,6604669658.026663
274.13626,4428055744.444795,4244855656.688207
274.15277,0.0,0.0
274.16931,22951712.804687623,65358510.32590953
274.18582,34981861920.01353,65091638450.114296
274.20236,0.0,0.0
274.21887,26120904.046875544,104007011.07890798
274.23541,0.0,0.0
274.25192,0.0,0.0
274.26846,0.0,0.0
274.28497,0.0,0.0
274.30151,25345357482.46713,28750776490.155224
274.31805,0.0,0.0
274.33456,45442902993.24876,115596131143.0448
274.3511,10345813389.270966,19326543718.56339
274.36765,0.0,0.0
274.38419,0.0,0.0
274.4007,214047041910.17813,764373119411.7502
274.41724,168362876674.9111,491854126649.4608
274.43378,36373501936.85144,66649834973.80312
274.45032,0.0,0.0
274.46686,153478868970.0264,225616243626.56287
274.4834,943393286686.6488,2965780123688.5967
274.49994,1603720281801.657,8091253808629.134
274.51651,1065687763738.0555,4053782811591.081
274.53305,166802046698.20395,699880823021.7186
274.54959,64792649260.58761,507605842042.0792
274.56613,138632915659.82516,458847158847.4856
274.58267,41138957773.94317,170844554607.202
274.59924,0.0,0.0
274.61578,0.0,0.0
274.63232,141532908348.55188,343453196290.34344
274.6489,0.0,0.0
274.66544,23253453889.379597,38484299694.30966
274.68201,297325763267.04724,799861563539.7871
274.69855,0.0,0.0
274.71512,0.0,0.0
274.73166,0.0,0.0
274.74823,0.0,0.0
274.7648,79674339110.52379,593691937059.6416
274.78134,0.0,0.0
274.79791,0.0,0.0
274.81448,0.0,0.0
274.83105,0.0,0.0
274.8476,26260881917.464005,88367965509.41014
274.86417,1348644630.9510202,4907418750.433994
274.88074,0.0,0.0
274.89731,0.0,0.0
274.91388,0.0,0.0
274.93045,0.0,0.0
274.94702,27947115837.69205,80777157782.85863
274.96359,0.0,0.0
274.98016,3515266419.9378138,26204452352.99532
274.99677,76966841684.44576,767685933071.7056
275.01334,835895104.9326152,6814251378.44596
275.02991,192257155816.32275,705665683553.8452
275.04648,0.0,0.0
275.06308,2889507515.2046614,21411734126.47904
275.07965,0.0,0.0
275.09622,109256693889.0768,239468010588.92667
275.11282,0.0,0.0
275.12939,0.0,0.0
275.146,0.0,0.0
275.16257,0.0,0.0
275.17917,0.0,0.0
275.19574,0.0,0.0
275.21234,0.0,0.0
275.22894,0.0,0.0
275.24551,0.0,0.0
275.26212,89173841930.27487,221362264151.41644
275.27872,135855585491.05876,803268163480.5677
275.29532,159869842218.79413,1162506751671.891
275.31192,29197872049.82158,171422045459.0081
275.32849,0.0,0.0
275.34509,52852306428.93659,333591425938.10126
275.36169,13413871881.743124,57682533979.12574
275.3783,58384526216.09012,212252087979.2213
275.3949,0.0,0.0
275.4115,0.0,0.0
275.4281,0.0,0.0
275.44473,0.0,0.0
275.46133,67396586636.00138,231902154648.9344
275.47794,0.0,0.0
275.49454,0.0,0.0
275.51117,0.0,0.0
275.52777,0.0,0.0
275.54437,0.0,0.0
275.561,5910177806.072426,23753065370.12837
275.57761,83696413748.82507,661283545761.9729
275.59424,21475750821.63562,117390901153.87106
275.61084,0.0,0.0
275.62747,27670797338.05648,125282419538.17868
275.64407,0.0,0.0
275.66071,0.0,0.0
275.67731,0.0,0.0
275.69394,0.0,0.0
275.71057,97075482839.35912,640750691428.8881
275.7272,0.0,0.0
275.7438,124418942305.19904,271920138225.8894
275.76044,0.0,0.0
275.77707,0.0,0.0
275.7937,0.0,0.0
275.81033,33554863537.037758,45690396566.70442
275.82697,18197874857.57627,42620878840.86361
275.8436,25523233202.16868,42639902814.8857
275.86023,0.0,0.0
275.87686,64795307645.31238,152461017714.16257
275.89349,8310725589.107358,23671172234.760643
275.91013,49764427995.69707,93848331992.6045
275.92676,0.0,0.0
275.94342,14439519563.778316,18864739731.674355
275.96005,0.0,0.0
275.97668,0.0,0.0
275.99335,0.0,0.0
276.00998,0.0,0.0
276.02661,0.0,0.0
276.04327,23438564715.84048,25954541621.47996
276.05991,15739231113.471634,10288272532.88392
276.07657,0.0,0.0
276.0932,0.0,0.0
276.10986,0.0,0.0
276.12653,14634588739.36514,36442425112.26402
276.14316,0.0,0.0
276.15982,16743443714.674437,81322656606.21596
276.17648,44847789844.134514,326613072945.23145
276.19315,24243595377.3762,79999540827.81783
276.20978,61111302862.21302,231946435233.3977
276.22644,82861088109.93512,538011922756.61615
276.2431,59807025473.82471,328202425861.9577
276.25977,124845251384.29349,338151356588.3152
276.27643,0.0,0.0
276.29309,0.0,0.0
276.30975,0.0,0.0
276.32642,0.0,0.0
276.34308,0.0,0.0
276.35974,568091355592.6403,556864124809.4285
276.3764,1606546173430.8164,5176763363357.696
276.3931,596857225878.4436,3369045742006.7666
276.40976,133902454807.53429,431703132434.1643
276.42642,75180484867.67546,84190653234.47435
276.44312,90104059648.8656,125249861166.014
276.45978,25532525445.188343,30411217845.39786
276.47644,8941817439.489325,15506558608.400871
276.49313,753310019524.9834,2030124139561.174
276.5098,3815999666855.431,12375980157660.088
276.52649,4113817823189.329,12532136906955.516
276.54315,1610015732313.128,2920952816291.7285
276.55984,390521018372.04266,332206851473.4513
276.57651,240800843183.08008,165192719534.7438
276.5932,80711993160.52777,165556276095.0633
276.60989,0.0,0.0
276.62656,0.0,0.0
276.64325,34774177743.07093,87735406796.86969
276.65994,0.0,0.0
276.67664,0.0,0.0
276.69333,0.0,0.0
276.71002,0.0,0.0
276.72672,0.0,0.0
276.74341,0.0,0.0
276.7601,130942307560.35297,447210541547.7648
276.77679,0.0,0.0
276.79349,0.0,0.0
276.81018,0.0,0.0
276.82687,0.0,0.0
276.84357,98344933410.91566,362039804955.5638
276.86026,899846731680.6338,4481419170548.855
276.87698,2081305991135.8064,10824179831386.531
276.89368,1704782844798.5483,7829171868289.006
276.91037,459658355904.89294,1935453360165.307
276.92709,192201322870.16302,1364880887585.9153
276.94379,0.0,0.0
276.96051,0.0,0.0
276.9772,0.0,0.0
276.99393,0.0,0.0
277.01062,46898886673.82423,141737380249.97125
277.02734,0.0,0.0
277.04404,0.0,0.0
277.06076,66396294154.6299,258497012763.74734
277.07748,38525051258.822525,228260222340.49817
277.09418,328578971897.9602,1701250184830.852
277.1109,511409644986.079,2661448185950.539
277.12762,207161403730.3347,934320107445.8292
277.14435,69756259957.4389,247368332933.67343
277.16107,289100656073.78906,1306431372284.543
277.1778,249078287493.90927,913008278767.888
277.19452,21542920680.42142,39380163533.81557
277.21124,0.0,0.0
277.22797,981089010587.9606,3052895536961.2383
277.24469,2390695393702.197,13943877737249.805
277.26141,1017665113903.9824,6638891945530.197
277.27814,0.0,0.0
277.29486,0.0,0.0
277.31158,0.0,0.0
277.32834,60537214280.39669,146963976987.9493
277.34506,26170865806.7328,78269065960.50348
277.36179,0.0,0.0
277.37854,0.0,0.0
277.39526,0.0,0.0
277.41202,40151125501.530205,640480413589.2975
277.42874,219051942489.5232,3552000927900.846
277.4455,210510393833.4105,2022707463369.3115
277.46222,0.0,0.0
277.47897,0.0,0.0
277.4957,0.0,0.0
277.51245,0.0,0.0
277.52921,0.0,0.0
277.54593,38060548353.36544,91044312900.18852
277.56268,0.0,0.0
277.57944,0.0,0.0
277.59619,0.0,0.0
277.61295,139156632407.74796,529316534047.728
277.6297,34596595237.75862,156726681096.60843
277.64645,0.0,0.0
277.66321,0.0,0.0
277.67996,0.0,0.0
277.69672,0.0,0.0
277.71347,0.0,0.0
277.73022,12879880951.007,54785728625.305145
277.74698,58304172039.3991,339635775210.40173
277.76373,0.0,0.0
277.78052,0.0,0.0
277.79727,29404930483.360954,158347740198.58105
277.81403,3890815693.1267457,13784493594.971598
277.83078,0.0,0.0
277.84756,68480845706.55488,65482975538.7514
277.86432,0.0,0.0
277.8811,3567476560.804212,4343706353.635271
277.89786,26139561459.452747,45350270903.47273
277.91464,0.0,0.0
277.9314,0.0,0.0
277.94818,0.0,0.0
277.96497,0.0,0.0
277.98172,12584955908.45012,38032909400.99905
277.9985,83559723263.82637,535499060506.83264
278.01529,54262801283.85719,536831173707.631
278.03207,0.0,0.0
278.04883,0.0,0.0
278.06561,0.0,0.0
278.0824,12322614697.361952,8721721620.333055
278.09918,77707799792.99785,144314270717.98087
278.11597,0.0,0.0
278.13275,0.0,0.0
278.14954,0.0,0.0
278.16632,0.0,0.0
278.18311,0.0,0.0
278.19992,0.0,0.0
278.21671,0.0,0.0
278.23349,153366816153.96365,251065748155.746
278.25027,0.0,0.0
278.26709,155099588504.6551,129083252558.15344
278.28387,0.0,0.0
278.30066,41863748889.36003,118623730439.1566
278.31747,0.0,0.0
278.33426,0.0,0.0
278.35107,0.0,0.0
278.36786,0.0,0.0
278.38467,0.0,0.0
278.40146,0.0,0.0
278.41827,0.0,0.0
278.43509,0.0,0.0
278.45187,0.0,0.0
278.46869,0.0,0.0
278.4855,329816942347.2115,870368757942.8954
278.50232,0.0,0.0
278.51913,96995633190.75523,358370126749.2268
278.53595,17101148733.60771,43274129963.79079
278.55273,212926310335.5012,570604678373.9099
278.56955,493298156760.8475,1270166214712.2046
278.58636,38008561623.67168,106510742674.44296
278.60318,0.0,0.0
278.62003,0.0,0.0
278.63684,250449093296.23752,1057627127680.6102
278.65366,0.0,0.0
278.67047,0.0,0.0
278.68729,0.0,0.0
278.70413,113355457968.95244,773138419363.7186
278.72095,0.0,0.0
278.73776,0.0,0.0
278.75461,0.0,0.0
278.77142,0.0,0.0
278.78824,0.0,0.0
278.80508,31676277147.66475,314122222672.21265
278.8219,0.0,0.0
278.83875,0.0,0.0
278.85559,0.0,0.0
278.87241,30255946880.818592,220843514940.8167
278.88925,0.0,0.0
278.9061,0.0,0.0
278.92291,0.0,0.0
278.93976,56039384091.77366,328642717920.44806
278.9566,0.0,0.0
278.97345,55635270106.04452,187815972386.79037
278.9903,60334546564.60516,220263177668.04214
279.00714,0.0,0.0
279.02399,21881497893.723503,16415932449.760702
279.04083,0.0,0.0
279.05768,30824274366.982727,36168368514.63596
279.07452,0.0,0.0
279.09137,0.0,0.0
279.10822,0.0,0.0
279.12506,0.0,0.0
279.14191,0.0,0.0
279.15878,0.0,0.0
279.17563,157362588928.97894,433187571378.0486
279.19247,103797361057.64076,234180290612.0533
279.20935,0.0,0.0
279.2262,29693139207.38396,51319841835.25396
279.24307,0.0,0.0
279.25992,0.0,0.0
279.27679,0.0,0.0
279.29364,25093036427.287624,37147874056.25871
279.31052,17126893026.508762,60649782583.07998
279.32736,0.0,0.0
279.34424,0.0,0.0
279.36111,0.0,0.0
279.37796,0.0,0.0
279.39484,0.0,0.0
279.41171,0.0,0.0
279.42859,0.0,0.0
279.44547,0.0,0.0
279.46234,0.0,0.0
279.47922,0.0,0.0
279.49609,98234922778.19266,197041601975.17477
279.51297,390832183591.3375,527165834484.30994
279.52985,597098010961.7949,1634323532934.514
279.54672,841910889452.3237,5762328805338.663
279.5636,613246633896.184,3511930856612.341
279.58047,96511548986.7568,496199803694.99097
279.59735,47523468886.72836,112716432222.74106
279.61426,80336111598.85258,100795400692.16644
279.63113,0.0,0.0
279.64801,0.0,0.0
279.66492,21041063902.61131,75508793499.78389
279.68179,29463604635.92213,62920863964.04428
279.6987,0.0,0.0
279.71558,31277281635.74988,160484409778.59988
279.73248,50592193525.808044,191329092189.98755
279.74936,63448014260.29232,129980744070.5213
279.76627,0.0,0.0
279.78314,65023614618.2851,120968834992.78688
279.80005,140609388326.8264,174305702467.0006
279.81696,83740954649.91385,159603407739.49524
279.83383,0.0,0.0
279.85074,0.0,0.0
279.86765,155057742594.54443,384110193610.16895
279.88455,158052141450.59784,331807676042.07886
279.90146,12880468389.931408,20544079582.61611
279.91837,17240113158.48932,23080436942.005733
279.93527,5789944715.017866,8092174078.462111
279.95218,57844327905.04951,90025183448.00179
279.96909,0.0,0.0
279.98599,0.0,0.0
280.0029,0.0,0.0
280.01981,13127022157.303808,56320847747.90384
280.03671,0.0,0.0
280.05362,108497231888.91858,384077673154.2007
280.07056,0.0,0.0
280.08746,0.0,0.0
280.10437,0.0,0.0
280.12131,0.0,0.0
280.13821,98813520527.59312,169750169459.14325
280.15512,149958397481.25784,165949535365.12793
280.17206,0.0,0.0
280.18896,0.0,0.0
280.2059,434326481068.4472,1687153178722.4475
280.22284,1790518223077.931,4721894885063.119
280.23975,478055356776.4444,1170790484202.5664
280.25668,0.0,0.0
280.27362,31554506974.033813,33641482004.901764
280.29053,65895933406.5862,73973796632.61543
280.30746,0.0,0.0
280.3244,93623036372.12968,546364170018.10944
280.34134,47999339306.034775,251326210843.11407
280.35828,124644540952.9179,257968956201.9965
280.37521,0.0,0.0
280.39215,0.0,0.0
280.40909,0.0,0.0
280.42603,0.0,0.0
280.44296,0.0,0.0
280.4599,6719361441.444866,26711901321.740063
280.47684,160911370848.91147,856790299873.6525
280.49377,8123386848.853496,38748792099.738846
280.51071,177750398247.07556,471419238404.3188
280.52768,167451167431.21445,321457912126.7607
280.54462,52022576721.24579,116535077280.07423
280.56155,0.0,0.0
280.57852,0.0,0.0
280.59546,0.0,0.0
280.6124,0.0,0.0
280.62936,130346045881.2648,250998702196.80963
280.6463,125271833659.8742,135941416688.57603
280.66327,0.0,0.0
280.68024,0.0,0.0
280.69717,0.0,0.0
280.71414,0.0,0.0
280.73111,0.0,0.0
280.74805,0.0,0.0
280.76501,0.0,0.0
280.78198,0.0,0.0
280.79895,0.0,0.0
280.81592,0.0,0.0
280.83289,69859260085.84473,227518707549.09552
280.84985,101974678797.26695,253105658067.85968
280.86682,0.0,0.0
280.88379,0.0,0.0
280.90076,0.0,0.0
280.91772,0.0,0.0
280.93469,0.0,0.0
280.95166,248730210578.41583,197965117978.37265
280.96863,0.0,0.0
280.98563,0.0,0.0
281.00259,0.0,0.0
281.01956,0.0,0.0
281.03656,0.0,0.0
281.05353,0.0,0.0
281.07053,0.0,0.0
281.08749,0.0,0.0
281.10449,37758686568.54014,40427920432.03893
281.12146,367543761416.4643,1059592746736.7094
281.13846,71597711471.22299,342684033079.0793
281.15543,0.0,0.0
281.17242,0.0,0.0
281.18942,0.0,0.0
281.20639,0.0,0.0
281.22339,59399147800.700745,122097933901.78873
281.24039,5278048652.893657,13762441371.622438
281.25739,26348905198.79412,45036001761.86437
281.27438,10077727390.47357,12928219222.70468
281.29138,63748992378.86656,118197580552.6366
281.30838,141919246756.14462,441037746088.4585
281.32538,234365386275.3774,732843236143.5419
281.34238,912346077257.6312,2730785959904.889
281.35938,1472299622489.807,5345907612521.43
281.37637,459555437841.03577,1809944223034.46
281.39337,0.0,0.0
281.41037,3515810717.8433366,7997979112.789398
281.4274,0.0,0.0
281.4444,0.0,0.0
281.4614,0.0,0.0
281.47842,0.0,0.0
281.49542,0.0,0.0
281.51242,0.0,0.0
281.52945,0.0,0.0
281.54645,26045004330.50596,63159833637.25172
281.56348,229918335845.08252,838807406763.5006
281.58047,0.0,0.0
281.5975,0.0,0.0
281.61453,31063701743.10963,88918994833.65619
281.63153,0.0,0.0
281.64856,104461117101.23586,203293592214.78723
281.66559,126267970571.64893,411532940813.8346
281.68262,151981036184.16617,616627331419.877
281.69962,335411792118.08795,1176032972681.9631
281.71664,16988125563.202238,38185172287.0514
281.73367,0.0,0.0
281.7507,0.0,0.0
281.76773,0.0,0.0
281.78476,41498303247.70269,303193462816.4273
281.80179,0.0,0.0
281.81882,94235645454.289,163809448591.0136
281.83585,39601741858.68728,51702725751.12889
281.85291,0.0,0.0
281.86993,0.0,0.0
281.88696,118699287193.24403,500973633912.2011
281.90399,335711540268.4007,1961927713687.216
281.92105,0.0,0.0
281.93808,144182935650.09268,2405019226925.904
281.95511,234780923594.0959,2720131915712.4146
281.97217,142825475243.58313,561503553269.9673
281.9892,172217002820.2944,393237653996.967
282.00626,86304880562.67845,355932224632.0965
282.02328,57526768964.4418,208569327166.17056
282.04034,0.0,0.0
282.05737,0.0,0.0
282.07443,0.0,0.0
282.09149,0.0,0.0
282.10852,0.0,0.0
282.12558,83858565195.93756,353244569319.84827
282.14264,0.0,0.0
282.1597,0.0,0.0
282.17676,187152460598.35007,260202818337.56116
282.19382,0.0,0.0
282.21088,108565902403.85124,141536070020.9573
282.22794,0.0,0.0
282.245,0.0,0.0
282.26205,161899816454.6992,197601632080.34323
282.27911,84134837643.42628,221202872568.058
282.29617,0.0,0.0
282.31323,0.0,0.0
282.33029,135021791326.66028,124011291873.1814
282.34738,164451643041.358,248664910809.00647
282.36444,15156022403.001137,50793620584.7514
282.3815,0.0,0.0
282.39859,0.0,0.0
282.41565,27517192225.98963,418553398950.5472
282.43271,0.0,0.0
282.4498,0.0,0.0
282.46686,0.0,0.0
282.48395,1089117910.7808557,5790928466.492495
282.50101,204278505090.63187,891652429995.8193
282.5181,0.0,0.0
282.53519,0.0,0.0
282.55225,0.0,0.0
282.56934,0.0,0.0
282.58643,15667613973.04638,29735115051.332912
282.60352,0.0,0.0
282.62061,0.0,0.0
282.6377,0.0,0.0
282.65475,15413704374.639915,19791311238.052757
282.67184,39784794754.44684,93547661627.19716
282.68893,0.0,0.0
282.70602,249158138157.69662,665562218342.2139
282.72314,0.0,0.0
282.74023,0.0,0.0
282.75732,0.0,0.0
282.77441,37405694562.774,399810711515.5289
282.7915,73922449812.62912,661522882088.2756
282.80859,112822285205.90591,396164000254.5128
282.82571,0.0,0.0
282.8428,0.0,0.0
282.85989,63917271613.50232,25695352021.78093
282.87701,0.0,0.0
282.8941,22652037532.27657,41480989622.06402
282.91122,84710900653.39517,324685027280.2868
282.92831,32343854530.22484,99982578064.8944
282.94543,130806566289.49596,308413257628.93
282.96252,147035351976.59033,349241139807.8138
282.97964,37914904191.69788,37711972359.87213
282.99677,0.0,0.0
283.01389,50214068121.71224,119074666788.2877
283.03098,0.0,0.0
283.0481,23193704816.21406,62993720800.47183
283.06522,0.0,0.0
283.08234,23906010083.33095,87457580975.42941
283.09946,174460448444.0825,483545455434.6282
283.11658,167382811193.3061,282355006264.8506
283.1337,0.0,0.0
283.15082,0.0,0.0
283.16794,0.0,0.0
283.18506,53885861769.81884,282480842897.6321
283.20218,0.0,0.0
283.2193,0.0,0.0
283.23642,0.0,0.0
283.25354,0.0,0.0
283.27069,0.0,0.0
283.28781,0.0,0.0
283.30493,64041572581.66283,86709093726.69922
283.32208,0.0,0.0
283.3392,29381438836.985016,98863813414.2211
283.35635,0.0,0.0
283.37347,0.0,0.0
283.39062,0.0,0.0
283.40775,16215978752.523684,63688801518.04205
283.4249,0.0,0.0
283.44205,140634133625.01675,265326320248.79425
283.45917,0.0,0.0
283.47632,38838106576.91347,60008031574.35848
283.49347,0.0,0.0
283.51062,1340728877.5393653,1923493896.7815056
283.52774,0.0,0.0
283.54489,0.0,0.0
283.56204,0.0,0.0
283.57919,0.0,0.0
283.59634,0.0,0.0
283.61349,0.0,0.0
283.63065,0.0,0.0
283.6478,0.0,0.0
283.66495,69060340294.7643,112504439595.55132
283.68213,53548830338.94164,90047687383.10117
283.69928,0.0,0.0
283.71643,0.0,0.0
283.73358,0.0,0.0
283.75076,13470319939.42528,34268488182.92703
283.76791,0.0,0.0
283.78506,0.0,0.0
283.80225,13307109921.594423,46030305298.65605
283.8194,172151394355.49863,851309638339.4315
283.83658,159783212277.60577,837670586302.1879
283.85373,162024748258.53906,747865545674.1105
283.87091,67046746511.7586,225312878596.89316
283.88809,0.0,0.0
283.90524,49330415749.93638,67624231897.93653
283.92242,74129419717.7598,197925745863.2256
283.93961,0.0,0.0
283.95679,0.0,0.0
283.97394,47801032089.43245,123217474669.66264
283.99112,0.0,0.0
284.0083,26244707786.369297,81262178401.47852
284.02548,0.0,0.0
284.04266,0.0,0.0
284.05984,19807167815.387794,22225453301.202885
284.07703,0.0,0.0
284.09421,336171725560.84503,1003151430748.7578
284.11139,292465556058.3677,400983209583.45886
284.12857,217547949473.98383,299453654651.99225
284.14578,29739581676.25857,49048863161.03275
284.16296,20251903540.014484,41412926254.22566
284.18015,80237674376.54271,374309486418.3936
284.19733,0.0,0.0
284.21454,0.0,0.0
284.23172,0.0,0.0
284.24893,106893737309.6308,440715323087.5844
284.26611,0.0,0.0
284.28333,0.0,0.0
284.30051,0.0,0.0
284.31772,10804841616.938477,19514096980.724976
284.3349,4338769324.610719,10679593650.681664
284.35211,130429326258.71338,314107868346.80444
284.36932,284686048070.7505,294378333517.59143
284.38651,327632039255.3558,183323111466.88364
284.40372,218667480724.45883,475924416799.9808
284.42093,112532491008.7952,221957993645.0632
284.43814,150542361877.55524,434752113637.3882
284.45535,21827493030.060658,65849643434.88908
284.47256,0.0,0.0
284.48978,0.0,0.0
284.50699,23669921956.675514,85839994284.28549
284.5242,0.0,0.0
284.54141,38565707845.2198,293361778341.4934
284.55862,100687136336.68144,591795835739.4656
284.57584,119555597800.9594,514790894602.7336
284.59305,27330663246.508293,117971101223.18256
284.61026,31641040051.440216,103552640246.15054
284.6275,0.0,0.0
284.64471,0.0,0.0
284.66193,0.0,0.0
284.67914,0.0,0.0
284.69638,81975580667.01721,115406692810.90822
284.71359,22453675786.73185,35533401952.62902
284.73083,0.0,0.0
284.74805,58122026654.21182,120504075211.7944
284.76529,0.0,0.0
284.78253,57501805391.25851,126382664228.49722
284.79974,0.0,0.0
284.81699,0.0,0.0
284.83423,0.0,0.0
284.85144,10909648701.66186,28417562286.241264
284.86868,0.0,0.0
284.88593,0.0,0.0
284.90317,104958326767.73164,112370173269.50856
284.92041,0.0,0.0
284.93765,0.0,0.0
284.9549,0.0,0.0
284.97214,42856768655.016754,215914707171.2556
284.98938,164875051421.16153,402993457981.22034
285.00662,104329019968.85304,387832167866.36206
285.02386,0.0,0.0
285.04111,110399723724.22131,511649211571.34766
285.05835,0.0,0.0
285.07559,0.0,0.0
285.09286,0.0,0.0
285.11011,69932071741.37367,162734627216.34186
285.12735,76649293348.90875,83310575292.78636
285.14462,5820358483.859579,13760521934.659002
285.16187,28575971678.12535,134121517822.97395
285.17914,0.0,0.0
285.19638,0.0,0.0
285.21365,0.0,0.0
285.2309,0.0,0.0
285.24817,0.0,0.0
285.26544,0.0,0.0
285.28268,0.0,0.0
285.29996,0.0,0.0
285.31723,134070421328.06303,369252331478.6055
285.3345,0.0,0.0
285.35175,0.0,0.0
285.36902,0.0,0.0
285.38629,65899949341.25709,213509856738.1132
285.40356,0.0,0.0
285.42084,148386228003.20694,614409210930.6554
285.43811,0.0,0.0
285.45538,0.0,0.0
285.47266,0.0,0.0
285.48996,58221240273.71399,279429809736.0688
285.50723,0.0,0.0
285.52451,0.0,0.0
285.54178,0.0,0.0
285.55905,72062753913.47803,306441390456.6232
285.57635,106019064821.47766,854099366228.4132
285.59363,30485798155.05357,291657192388.0817
285.61093,333610394939.5425,494771550215.7763
285.6282,233438348096.7277,564127767079.2834
285.64551,0.0,0.0
285.66278,0.0,0.0
285.68008,921687519374.6038,1572592201497.936
285.69736,287182566295.98834,1047743309262.9342
285.71466,0.0,0.0
285.73196,0.0,0.0
285.74924,0.0,0.0
285.76654,101682851542.14246,527493885758.17993
285.78384,78344474632.07347,274501983848.80685
285.80115,0.0,0.0
285.81845,0.0,0.0
285.83572,0.0,0.0
285.85303,84569351862.43875,431067853292.00446
285.87033,70897666439.03287,346075268478.1679
285.88763,0.0,0.0
285.90497,0.0,0.0
285.92227,0.0,0.0
285.93958,0.0,0.0
285.95688,0.0,0.0
285.97418,86165775545.28386,281146484065.8948
285.99149,109229625798.6022,108256902576.17892
286.00882,0.0,0.0
286.02612,169379802949.47467,468375889227.5095
286.04343,212673811496.75632,783163010094.6649
286.06076,0.0,0.0
286.07806,96953738930.10532,567673861704.0472
286.0954,0.0,0.0
286.1127,0.0,0.0
286.13004,0.0,0.0
286.14734,0.0,0.0
286.16467,0.0,0.0
286.18201,0.0,0.0
286.19931,0.0,0.0
286.21664,0.0,0.0
286.23398,0.0,0.0
286.25131,0.0,0.0
286.26865,0.0,0.0
286.28595,18501769877.589024,22754420860.326385
286.30328,0.0,0.0
286.32062,0.0,0.0
286.33795,195550132524.3362,1716142405736.3445
286.35529,0.0,0.0
286.37265,65458022086.05002,165415088475.44043
286.38998,78659072860.44598,218195540005.98734
286.40732,0.0,0.0
286.42465,0.0,0.0
286.44199,0.0,0.0
286.45935,0.0,0.0
286.47668,289851834807.35034,1847853721124.992
286.49402,0.0,0.0
286.51138,0.0,0.0
286.52872,766979362.1757576,9965639800.034058
286.54608,152216414293.9594,1300579636289.0754
286.56342,117878480154.30196,196832133532.1555
286.58078,0.0,0.0
286.59811,0.0,0.0
286.61548,302795740487.5316,1192409911841.893
286.63281,0.0,0.0
286.65018,0.0,0.0
286.66754,0.0,0.0
286.68491,0.0,0.0
286.70224,0.0,0.0
286.7196,314266404258.78577,1542849599983.492
286.73697,4716447920.064378,12988269620.824797
286.75433,118067071712.3749,208419365324.0485
286.7717,147588035414.80923,558978991982.1675
286.78906,58538895819.06072,267206761111.7461
286.80643,0.0,0.0
286.82379,80290271037.51505,243730218303.06604
286.84116,80830276553.7049,334153465509.79987
286.85855,0.0,0.0
286.87592,13065188389.167538,68052401628.913536
286.89328,0.0,0.0
286.91064,0.0,0.0
286.92804,0.0,0.0
286.9454,0.0,0.0
286.96277,0.0,0.0
286.98016,0.0,0.0
286.99753,0.0,0.0
287.01492,0.0,0.0
287.03229,0.0,0.0
287.04968,2312487942.1868405,6456202824.451684
287.06705,0.0,0.0
287.08444,0.0,0.0
287.10184,0.0,0.0
287.1192,214176487432.10684,217190916440.67743
287.1366,591260637832.0245,947981991211.0028
287.15399,2539864494472.482,2924456522333.536
287.17139,5634544631493.997,6987112031319.9375
287.18878,4766618613005.095,3235774188371.068
287.20618,707606697070.4268,1468008706969.1436
287.22357,116844960385.87286,696351178297.1631
287.24097,106158862004.37326,446551758029.3222
287.25836,305462447420.3532,1996924008652.1616
287.27576,278733351211.952,1246975136023.4404
287.29315,0.0,0.0
287.31055,0.0,0.0
287.32794,0.0,0.0
287.34534,18915392951.591457,80257186014.41351
287.36276,117163088232.88783,842699301275.7098
287.38016,0.0,0.0
287.39755,395381460563.4064,1142716499699.692
287.41498,198213291047.9185,682578043719.9417
287.43237,33536054984.418213,71058443381.3631
287.4498,0.0,0.0
287.46719,101557361338.53276,285041610610.4079
287.48462,12503580357.746368,55577958037.78562
287.50201,112339692039.53198,274296525334.9061
287.51944,15037643987.568968,27155410750.95964
287.53687,0.0,0.0
287.55426,7184505207.122996,20434183717.34127
287.57169,0.0,0.0
287.58911,14612067829.22028,40059410498.338745
287.60651,0.0,0.0
287.62393,0.0,0.0
287.64136,0.0,0.0
287.65878,0.0,0.0
287.67621,0.0,0.0
287.69363,0.0,0.0
287.71106,130852512088.57368,141958789560.69382
287.72849,134127196067.02448,328430144410.484
287.74591,36413634979.79524,103231739428.7586
287.76334,80951861107.43391,237134296082.69968
287.78079,89371051402.66667,357493035359.3899
287.79822,0.0,0.0
287.81564,0.0,0.0
287.83307,26117770450.28852,23230739071.83588
287.85052,0.0,0.0
287.86795,0.0,0.0
287.88541,0.0,0.0
287.90283,156514464954.4439,186560744899.16068
287.92026,17970854587.74603,24286115478.20839
287.93771,0.0,0.0
287.95517,0.0,0.0
287.9726,0.0,0.0
287.99005,0.0,0.0
288.00751,18241206483.56459,46809291787.29791
288.02493,1250328250.6712973,3614831779.949116
288.04239,0.0,0.0
288.05984,43639487370.31813,332716447041.8205
288.0773,0.0,0.0
288.09476,0.0,0.0
288.11218,0.0,0.0
288.12964,0.0,0.0
288.14709,0.0,0.0
288.16455,0.0,0.0
288.18201,107717110324.08575,221184811995.52377
288.19949,0.0,0.0
288.21695,0.0,0.0
288.23441,13493776565.61469,37716440393.63104
288.25186,151386543261.528,326544087265.8647
288.26932,2320167210.065253,4711523873.295576
288.2868,34937589109.4306,70601757193.44121
288.30426,172653276219.56906,314886207886.1388
288.32172,0.0,0.0
288.3392,0.0,0.0
288.35666,0.0,0.0
288.37415,0.0,0.0
288.3916,128472582317.18964,346179023188.5718
288.40909,0.0,0.0
288.42654,0.0,0.0
288.44403,0.0,0.0
288.46152,0.0,0.0
288.479,0.0,0.0
288.49646,74641001342.85904,187130374512.7212
288.51395,0.0,0.0
288.53143,0.0,0.0
288.54892,0.0,0.0
288.56641,0.0,0.0
288.58389,371982052442.36,1149907697053.427
288.60138,219129503950.2753,408402105288.6616
288.61887,0.0,0.0
288.63635,0.0,0.0
288.65384,0.0,0.0
288.67133,0.0,0.0
288.68881,382764613626.3025,966871894612.3228
288.7063,81113668662.15636,99919379335.77592
288.72382,0.0,0.0
288.7413,0.0,0.0
288.75879,0.0,0.0
288.77631,85971037944.84619,306837851075.04126
288.79379,75157696580.14395,549860039878.0121
288.81131,1300670625200.8242,16539864069888.469
288.8288,3567513061644.4336,26391556858801.89
288.84631,2411942052149.4424,27811527042700.08
288.8638,0.0,0.0
288.88132,0.0,0.0
288.8988,0.0,0.0
288.91632,230597193818.31805,1182106276502.3271
288.93384,249347293089.60657,2546573642972.992
288.95135,66535478320.79984,827913794496.9537
288.96884,0.0,0.0
288.98636,0.0,0.0
289.00388,222234067153.50723,357820724150.7437
289.02139,0.0,0.0
289.03891,0.0,0.0
289.05643,485488698460.21606,715164717689.851
289.07394,421872390548.1669,1521026784816.89
289.09146,0.0,0.0
289.10898,199865967194.75183,728198305473.4635
289.1265,214528886581.3776,487685622272.1182
289.14404,0.0,0.0
289.16156,0.0,0.0
289.17908,0.0,0.0
289.19659,204469857286.29404,1062961315157.7628
289.21414,0.0,0.0
289.23166,0.0,0.0
289.24918,0.0,0.0
289.26672,272560938008.3584,675122199292.1266
289.28424,0.0,0.0
289.30179,281025347529.69617,2175527579711.305
289.31931,0.0,0.0
289.33685,0.0,0.0
289.3544,356512371885.04767,1556122868207.387
289.37192,89879347725.884,365510810591.252
289.38947,0.0,0.0
289.40701,140973653260.97275,407845339925.0613
289.42456,76791130526.7213,337189330059.55743
289.44211,0.0,0.0
289.45963,325360497711.33203,1419875148693.5244
289.47717,73448765647.97939,228342659087.8832
289.49472,0.0,0.0
289.51227,0.0,0.0
289.52982,8559884521.410061,9171744874.72576
289.54736,128968199432.95668,198545098198.1924
289.56494,0.0,0.0
289.58249,0.0,0.0
289.60004,11994447162.057615,10055099755.860762
289.61758,0.0,0.0
289.63513,0.0,0.0
289.65271,0.0,0.0
289.67026,0.0,0.0
289.68781,0.0,0.0
289.70538,62508241319.59464,108979306948.0433
289.72293,6621642130.303479,16965046508.797523
289.74051,0.0,0.0
289.75806,0.0,0.0
289.77563,11639869429.762053,18062210126.578312
289.79321,0.0,0.0
289.81076,0.0,0.0
289.82834,0.0,0.0
289.84592,0.0,0.0
289.86346,0.0,0.0
289.88104,0.0,0.0
289.89862,240445428469.59637,1225862793112.808
289.9162,86442888858.03151,365640314434.7127
289.93378,0.0,0.0
289.95135,72603199188.25363,175497147060.41302
289.96893,29826861901.59848,46082089179.93221
289.98651,43435790236.710266,99323253245.513
290.00409,239990516721.11337,326568508157.2965
290.02167,0.0,0.0
290.03925,0.0,0.0
290.05682,0.0,0.0
290.07443,0.0,0.0
290.09201,0.0,0.0
290.10959,0.0,0.0
290.1272,0.0,0.0
290.14478,10427037182.1981,81027435604.57816
290.16235,265325006270.756,1821516251035.6
290.17996,0.0,0.0
290.19754,0.0,0.0
290.21515,479882149298.5829,3253205067848.7573
290.23273,430620584910.6291,1155494705276.9763
290.25034,69901484795.38884,60459459575.702736
290.26794,879889138706.6586,476529646691.1891
290.28552,0.0,0.0
290.30313,4824524098.278957,5086456708.166049
290.32074,0.0,0.0
290.33835,587001712114.2275,1215834731382.1528
290.35596,800152390102.733,2272738599402.838
290.37357,331944564032.9095,2455630834236.8906
290.39114,15318236686.249334,201340704473.76364
290.40875,581525622081.3927,6968959648872.738
290.42636,0.0,0.0
290.444,0.0,0.0
290.46161,105092199497.4659,1050165700816.8976
290.47922,264884822670.7801,4769685723569.533
290.49683,410932418199.2745,10796664881213.783
290.51443,487488045707.1931,9104226032899.174
290.53204,0.0,0.0
290.54968,783357098062.829,12605303746243.336
290.56729,936070151741.5834,25360858246695.81
290.5849,0.0,0.0
290.60254,0.0,0.0
290.62015,0.0,0.0
290.63779,0.0,0.0
290.6554,0.0,0.0
290.67303,0.0,0.0
290.69064,0.0,0.0
290.70828,0.0,0.0
290.72592,0.0,0.0
290.74353,0.0,0.0
290.76117,0.0,0.0
290.77881,81757590971.81349,1147317659994.6204
290.79645,0.0,0.0
290.81406,0.0,0.0
290.8317,0.0,0.0
290.84933,1438654389909.7617,7241772507875.132
290.86697,2594465229354.266,6164923896020.556
290.88461,6745459061021.698,9916829864168.674
290.90225,2722868952686.668,17812861954376.07
290.91989,2069345160025.3696,13311218260812.318
290.93756,586669778244.2078,4237174351760.2935
290.9552,5094174154.616612,29514495700.19546
290.97284,0.0,0.0
290.99048,247069564498.78412,991712486227.9172
291.00815,125876005164.70316,571188165356.961
291.02579,4793756544.61965,15171041238.74248
291.04343,234166999348.78183,1169055085449.3447
291.0611,608893832902.0372,3816021399338.665
291.07874,265880840117.0765,1069343894134.126
291.09641,0.0,0.0
291.11404,0.0,0.0
291.13171,0.0,0.0
291.14935,0.0,0.0
291.16702,697359213965.6113,1279515506942.5432
291.18469,1738178563027.7449,10863156406071.71
291.20233,902016087436.9524,10988549494163.623
291.22,0.0,0.0
291.23767,0.0,0.0
291.25534,358017765731.5635,1360386125383.9114
291.27301,0.0,0.0
291.29065,0.0,0.0
291.30832,53193084469.64869,240858929665.0252
291.32599,155201091010.70657,826119581010.1791
291.34366,0.0,0.0
291.36136,0.0,0.0
291.37903,0.0,0.0
291.3967,0.0,0.0
291.41437,0.0,0.0
291.43204,0.0,0.0
291.44971,863190183042.9048,7607857582229.48
291.46741,645349037681.9668,1964953829526.2312
291.48508,3752144261257.6313,7879831557176.906
291.50275,5960264573220.227,23693561602462.81
291.52045,3069864817848.9697,18785554022756.95
291.53812,618687164531.0315,3374819694376.39
291.55582,0.0,0.0
291.57349,219140871089.27667,247162588920.799
291.59119,122163484722.7632,135297850039.73833
291.60889,0.0,0.0
291.62656,0.0,0.0
291.64426,0.0,0.0
291.66196,0.0,0.0
291.67963,0.0,0.0
291.69733,0.0,0.0
291.71503,42005793880.96188,59115038600.0782
291.73273,0.0,0.0
291.75043,0.0,0.0
291.76813,0.0,0.0
291.78583,112220461711.70494,128465164453.06438
291.80353,0.0,0.0
291.82123,0.0,0.0
291.83893,0.0,0.0
291.85663,0.0,0.0
291.87433,95439382236.08913,240766614892.2123
291.89206,0.0,0.0
291.90976,0.0,0.0
291.92746,0.0,0.0
291.94519,0.0,0.0
291.96289,106002019690.17928,308703501620.141
291.98059,173304156809.22028,973541555554.176
291.99832,0.0,0.0
292.01602,49384095598.877365,106713884969.61734
292.03375,0.0,0.0
292.05148,0.0,0.0
292.06918,0.0,0.0
292.08691,0.0,0.0
292.10464,0.0,0.0
292.12234,0.0,0.0
292.14008,0.0,0.0
292.15781,0.0,0.0
292.17554,12292872096.039627,17222056128.03695
292.19327,293375975358.6707,471918366640.6317
292.211,258937169822.59277,678189773246.535
292.22873,65922814543.14429,334539127877.4543
292.24646,0.0,0.0
292.26419,0.0,0.0
292.28192,0.0,0.0
292.29965,0.0,0.0
292.31738,0.0,0.0
292.33511,0.0,0.0
292.35287,0.0,0.0
292.37061,0.0,0.0
292.38834,116591348195.644,264170082631.8741
292.4061,296759125339.87463,766008613370.7124
292.42383,162389647186.54327,624569830589.4963
292.44156,27682685541.020256,135674560040.03444
292.45932,0.0,0.0
292.47705,0.0,0.0
292.49481,0.0,0.0
292.51257,0.0,0.0
292.5303,350341872808.6305,488416469552.4903
292.54807,0.0,0.0
292.56583,0.0,0.0
292.58356,0.0,0.0
292.60132,0.0,0.0
292.61908,0.0,0.0
292.63684,23430536408.764786,42465581187.09632
292.6546,0.0,0.0
292.67236,0.0,0.0
292.69012,46336088553.04146,128644266776.58743
292.70789,156997004469.49335,519758328617.0367
292.72565,0.0,0.0
292.74341,2558961005.539476,5306878538.664736
292.76117,0.0,0.0
292.77893,0.0,0.0
292.79672,0.0,0.0
292.81448,2636713571.914698,9023100678.207228
292.83224,0.0,0.0
292.85004,0.0,0.0
292.8678,22397410053.30332,36961988187.19266
292.88556,0.0,0.0
292.90335,0.0,0.0
292.92111,0.0,0.0
292.9389,0.0,0.0
292.9567,291649186662.47705,364710575284.18286
292.97446,853670672015.7727,2534758120414.47
292.99225,694850483041.537,4401421849048.369
293.01004,80051740067.02193,540411495985.8436
293.0278,241938256922.65125,934000954932.9946
293.04559,219177583989.35565,310961952645.25885
293.06339,0.0,0.0
293.08118,0.0,0.0
293.09897,0.0,0.0
293.11676,0.0,0.0
293.13455,0.0,0.0
293.15234,0.0,0.0
293.17014,216729441319.4849,1085086569641.4016
293.18793,0.0,0.0
293.20572,0.0,0.0
293.22351,0.0,0.0
293.2413,0.0,0.0
293.25909,39549641697.79228,300616550758.098
293.27692,256445108217.60773,2757622179470.373
293.29471,0.0,0.0
293.3125,305546164380.9303,1972242774102.4065
293.33032,0.0,0.0
293.34811,0.0,0.0
293.36594,0.0,0.0
293.38373,71074935534.44836,119457788165.82704
293.40155,352262675410.20575,988895100170.2184
293.41934,749530856409.6469,2129755623831.356
293.43716,127794519699.15112,412613214934.097
293.45499,0.0,0.0
293.47281,0.0,0.0
293.4906,0.0,0.0
293.50842,0.0,0.0
293.52625,262279380805.19095,2143114227622.524
293.54407,0.0,0.0
293.56189,80930527716.52515,787740646236.1451
293.57971,574441019648.5875,1761779217184.7185
293.59753,322753873471.439,1627882443419.153
293.61536,589063923631.8069,6442503719233.178
293.63318,23099845049.73443,288378176658.6284
293.651,50401385962.64723,343729693572.3454
293.66882,110204509246.88667,311878530704.3333
293.68665,0.0,0.0
293.70447,0.0,0.0
293.72232,0.0,0.0
293.74014,0.0,0.0
293.75797,119717978766.62357,432479523241.7285
293.77582,0.0,0.0
293.79364,396002288635.3764,2925193780434.919
293.81149,109650785512.71169,571727629971.145
293.82932,0.0,0.0
293.84717,38220962555.6466,448237223781.4636
293.86499,0.0,0.0
293.88284,0.0,0.0
293.9007,0.0,0.0
293.91852,15951733450.719627,201176836830.63483
293.93637,0.0,0.0
293.95422,0.0,0.0
293.97208,142519509630.06964,599686166694.0298
293.98993,0.0,0.0
294.00775,0.0,0.0
294.0256,59517878958.42913,269597914973.33304
294.04346,66939751756.367065,431077162866.4679
294.06131,0.0,0.0
294.07916,13424116699.95488,45908438447.25035
294.09705,26808877932.06292,58741370673.86777
294.1149,0.0,0.0
294.13275,0.0,0.0
294.1506,103189624964.1531,678356519185.273
294.16846,0.0,0.0
294.18634,119995263866.44908,168883552415.11432
294.20419,676632584465.9539,1156350851345.205
294.22205,619140464201.5995,3295481913059.458
294.23993,149005057737.73373,906249916886.5529
294.25778,0.0,0.0
294.27567,0.0,0.0
294.29352,0.0,0.0
294.3114,246913905116.5054,717900847385.1488
294.32925,216092626129.8219,882937512635.6881
294.34714,0.0,0.0
294.36502,177967784907.71313,726672543388.1586
294.3829,0.0,0.0
294.40076,388047705104.844,5122965165169.903
294.41864,0.0,0.0
294.43652,1205839223749.0298,12998259395869.867
294.45441,0.0,0.0
294.47229,0.0,0.0
294.49017,0.0,0.0
294.50806,0.0,0.0
294.52594,7975686840.758435,21020895952.77652
294.54382,118786553823.15878,584831531227.1738
294.56171,18223721938.37313,80523688677.99884
294.57959,0.0,0.0
294.59747,0.0,0.0
294.61539,0.0,0.0
294.63327,51934592057.53019,378880319263.68097
294.65115,0.0,0.0
294.66907,0.0,0.0
294.68695,0.0,0.0
294.70483,0.0,0.0
294.72275,46731560729.77634,510513279436.7499
294.74063,0.0,0.0
294.75854,57306623845.39709,914504640739.307
294.77646,185235365798.48517,1064356923579.3824
294.79434,0.0,0.0
294.81226,0.0,0.0
294.83017,0.0,0.0
294.84805,840560336434.6965,1123814285654.3691
294.86597,1608894802339.6245,4161477559902.137
294.88388,1727237764850.3855,13002627885576.82
294.90179,12822540180945.904,257892230879535.5
294.91971,11207572865891.64,140127115578095.05
294.93762,1772898817385.1355,23746728424151.74
294.95554,262346358811.355,2469924916325.011
294.97345,541124117955.8272,3473450149820.2534
294.99136,479039545149.0738,3254321216766.9644
295.00928,328437906341.71564,1102920565574.6797
295.02719,0.0,0.0
295.0451,0.0,0.0
295.06302,0.0,0.0
295.08096,0.0,0.0
295.09888,0.0,0.0
295.11679,35703324780.56374,215000721963.08075
295.13474,0.0,0.0
295.15265,0.0,0.0
295.17059,0.0,0.0
295.18851,0.0,0.0
295.20645,0.0,0.0
295.22437,181911579247.47275,1390579879737.9055
295.24231,20445946212.50716,86548361410.10712
295.26025,0.0,0.0
295.27817,63313127532.3348,204166709769.13766
295.29611,0.0,0.0
295.31406,0.0,0.0
295.332,0.0,0.0
295.34995,0.0,0.0
295.36786,218410497305.82324,910910289170.5815
295.3858,318934285243.51733,1425371250069.776
295.40375,0.0,0.0
295.42169,0.0,0.0
295.43964,0.0,0.0
295.45761,0.0,0.0
295.47556,0.0,0.0
295.4935,0.0,0.0
295.51144,216190902069.4154,590814056812.8829
295.52939,39455943268.53843,197545817613.69897
295.54736,60765707016.407845,380240730788.39343
295.56531,0.0,0.0
295.58325,0.0,0.0
295.60123,0.0,0.0
295.61917,0.0,0.0
295.63715,99700277592.8216,200987719968.35696
295.65509,20798991850.13908,71926398525.78366
295.67307,0.0,0.0
295.69101,0.0,0.0
295.70898,0.0,0.0
295.72696,132299911998.18944,1001502835139.5312
295.74493,125057403086.78809,656915600686.4554
295.76288,0.0,0.0
295.78085,80012349494.28368,137007432735.1002
295.79883,532162983129.59534,2996643211498.1763
295.8168,587323439938.4481,4632338599776.637
295.83478,379289633966.8375,2185552420668.396
295.85275,295200142288.4767,1600636784721.96
295.87073,0.0,0.0
295.8887,0.0,0.0
295.90668,95151676458.19592,246809073699.5652
295.92465,0.0,0.0
295.94263,389843397782.9872,3297511350656.324
295.9606,113752274182.34306,693695206033.4218
295.97861,0.0,0.0
295.99658,33998771303.71516,50031179441.19984
296.01456,0.0,0.0
296.03256,47056341680.33725,160655084276.50775
296.05054,124996046869.2546,547677872946.0903
296.06851,0.0,0.0
296.08652,0.0,0.0
296.10452,0.0,0.0
296.1225,273529817890.396,290140197139.426
296.1405,337493446223.08984,611855357125.7363
296.15848,95225941516.82834,263087393169.96616
296.17648,190002957196.89886,362536350795.3939
296.19449,0.0,0.0
296.21249,0.0,0.0
296.23047,0.0,0.0
296.24847,143930527000.50415,171483384572.47867
296.26648,63833706647.20103,58247452056.1229
296.28448,0.0,0.0
296.30249,0.0,0.0
296.3205,0.0,0.0
296.3385,0.0,0.0
296.35651,0.0,0.0
296.37451,0.0,0.0
296.39252,0.0,0.0
296.41055,137791905235.89954,325778219411.43915
296.42856,120444265250.52802,319510105611.8836
296.44656,0.0,0.0
296.46457,159743547655.1128,429159556139.2599
296.4826,0.0,0.0
296.50061,48761388810.70299,507210153031.07227
296.51865,0.0,0.0
296.53665,0.0,0.0
296.55469,0.0,0.0
296.57269,144302088829.53836,554879184539.0397
296.59073,0.0,0.0
296.60873,0.0,0.0
296.62677,0.0,0.0
296.64481,167207886045.67703,864943885024.8588
296.66284,0.0,0.0
296.68085,0.0,0.0
296.69888,0.0,0.0
296.71692,0.0,0.0
296.73495,0.0,0.0
296.75299,453528182454.9689,2626117634385.4404
296.77103,0.0,0.0
296.78906,0.0,0.0
296.8071,212311130056.3892,1727887102513.4053
296.82513,0.0,0.0
296.84317,471507741127.6606,1827268744303.8025
296.86124,275860943984.1921,1605159401860.9138
296.87927,249772896876.99063,1976109742723.6184
296.89731,234498598909.64893,1744971661521.938
296.91534,430961282187.2268,2905409704892.711
296.93341,0.0,0.0
296.95145,0.0,0.0
296.96951,0.0,0.0
296.98755,0.0,0.0
297.00562,10705848361.539255,155447275843.09763
297.02365,241988738906.4003,1390295758041.038
297.04172,0.0,0.0
297.05975,0.0,0.0
297.07782,0.0,0.0
297.09589,0.0,0.0
297.11392,0.0,0.0
297.13199,0.0,0.0
297.15005,0.0,0.0
297.16812,649626060188.7933,11832022165187.02
297.18619,0.0,0.0
297.20425,0.0,0.0
297.22232,752987481832.1075,4550472501251.5
297.24039,3563889949764.7417,11430603991441.049
297.25845,10553964595247.703,9437026219125.588
297.27652,7795221435862.771,6671782353758.53
297.29459,1429706144682.2146,1161730279356.874
297.31265,238089654001.1273,841069931680.562
297.33075,0.0,0.0
297.34882,1071715334844.7634,9344653859146.46
297.36688,0.0,0.0
297.38498,0.0,0.0
297.40305,0.0,0.0
297.42111,1071102712594.5154,10026308309711.889
297.43921,389276701765.4395,1462239876504.2957
297.45728,113854827504.70074,127764906330.1294
297.47537,1997379047757.016,2722543074192.3267
297.49347,3647199099958.834,11878917869878.854
297.51154,2744720875117.8057,22711636270183.29
297.52963,1281455007606.549,16493184038241.809
297.54773,765001039740.5083,6084296773226.623
297.5658,18895656053.933464,54206008459.81696
297.58389,0.0,0.0
297.60199,29823750842.75307,78440133969.02425
297.62009,0.0,0.0
297.63818,0.0,0.0
297.65628,0.0,0.0
297.67438,616471234819.8191,5250001683922.766
297.69247,0.0,0.0
297.71057,0.0,0.0
297.72867,0.0,0.0
297.74677,191151991741.1193,965591053635.1362
297.76486,71040724508.70477,349568493725.2313
297.78296,0.0,0.0
297.80109,0.0,0.0
297.81918,0.0,0.0
297.83728,0.0,0.0
297.85541,0.0,0.0
297.8735,112677298050.26062,760512031452.6207
297.89163,242067629181.4792,1333562606875.7642
297.90973,443033890616.2871,2646849180612.607
297.92786,426899748722.77216,4199205682611.405
297.94595,3329038225166.7944,18810662270510.355
297.96408,6985264313760.099,13741031772539.408
297.98221,4728722002899.836,20677674165063.22
298.00031,1689174321806.386,7799634894766.148
298.01843,566763873155.0297,845004565802.7549
298.03656,0.0,0.0
298.05469,0.0,0.0
298.07281,2628967749526.764,3494084306594.2925
298.09094,7771650091485.4,11251641341386.15
298.10904,4570447378744.369,16342313443236.176
298.12717,241971373296.05484,973723812902.126
298.14529,90090980741.81502,243584868798.11832
298.16345,26753283878.139236,168533305885.1395
298.18158,0.0,0.0
298.19971,0.0,0.0
298.21783,0.0,0.0
298.23596,92001394431.32544,202505366433.04343
298.25412,0.0,0.0
298.27225,0.0,0.0
298.29037,0.0,0.0
298.30853,81011353556.51186,252758251617.0758
298.32666,0.0,0.0
298.34479,445063665054.031,707450371730.9595
298.36295,950627532248.636,2396042920638.948
298.3811,443252386365.7693,1146788325763.9077
298.39923,124351314227.12862,1134549589440.7349
298.41739,519436200474.77264,1510964416720.5703
298.43552,0.0,0.0
298.45367,0.0,0.0
298.47183,0.0,0.0
298.48999,911312619559.2816,1061422559229.3292
298.50815,57747657673.43739,182939944398.78543
298.52628,0.0,0.0
298.54443,0.0,0.0
298.56259,0.0,0.0
298.58075,0.0,0.0
298.59891,0.0,0.0
298.61707,0.0,0.0
298.63522,0.0,0.0
298.65341,0.0,0.0
298.67157,0.0,0.0
298.68973,255427322248.1948,487982701116.0246
298.70789,531399766289.0617,1094345605858.8524
298.72607,134686385721.9521,231057655389.33667
298.74423,0.0,0.0
298.76239,348847997139.2958,2360175874455.2573
298.78058,0.0,0.0
298.79874,0.0,0.0
298.81693,0.0,0.0
298.83508,55405529494.35837,177382371263.82178
298.85327,18684523148.77099,57466936393.24766
298.87146,0.0,0.0
298.88962,0.0,0.0
298.90781,0.0,0.0
298.92599,0.0,0.0
298.94418,0.0,0.0
298.96234,0.0,0.0
298.98053,0.0,0.0
298.99872,0.0,0.0
299.01691,0.0,0.0
299.0351,0.0,0.0
299.05328,0.0,0.0
299.07147,0.0,0.0
299.08966,0.0,0.0
299.10788,69691562416.93378,697968657273.0253
299.12607,0.0,0.0
299.14426,0.0,0.0
299.16245,0.0,0.0
299.18066,0.0,0.0
299.19885,0.0,0.0
299.21704,0.0,0.0
299.23526,0.0,0.0
299.25345,0.0,0.0
299.27167,0.0,0.0
299.28986,0.0,0.0
299.30807,0.0,0.0
299.32629,235428732141.96075,1186822903435.291
299.34448,0.0,0.0
299.3627,0.0,0.0
299.38092,0.0,0.0
299.39911,173009193318.5797,163884734836.3176
299.41733,0.0,0.0
299.43555,0.0,0.0
299.45377,543783864170.5612,3200258775413.7524
299.47198,350618729531.2038,677402033427.5015
299.4902,444884013.29015976,449295130.71315455
299.50842,298864229242.84424,609856115525.8723
299.52664,0.0,0.0
299.54486,120707995523.7446,836250738036.0879
299.56311,412309402.9884586,2971992386.0484023
299.58133,42072349320.39504,370297338004.1806
299.59955,256595797776.5872,2223809632591.3955
299.61777,315957114537.5199,2547366237982.158
299.63602,167472397429.04276,1009835007046.1572
299.65424,108088878689.7858,244336680604.3484
299.67245,0.0,0.0
299.6907,0.0,0.0
299.70892,0.0,0.0
299.72717,259990396014.9698,722856712484.095
299.74539,353873157973.72986,1165232959927.9475
299.76364,1900449228346.8032,11079187329708.834
299.78189,2783584387158.396,12253547058372.082
299.80011,1004020161826.7568,1132686283241.961
299.81836,215321036004.6479,549786372838.071
299.83661,67063482905.57714,110978867199.55997
299.85486,119426686752.13748,134441630288.132
299.87308,0.0,0.0
299.89133,488752041722.5624,3400854730220.422
299.90958,0.0,0.0
299.92783,0.0,0.0
299.94608,0.0,0.0
299.96432,82746203435.57893,220031508907.79388
299.98257,113784469159.13126,565669778199.7195
300.00082,156851087173.50748,898592973945.64
300.0191,0.0,0.0
300.03735,0.0,0.0
300.0556,0.0,0.0
300.07385,183682970991.36972,363439533923.6088
300.09213,0.0,0.0
300.11038,0.0,0.0
300.12866,0.0,0.0
300.14691,55164124217.78739,232382910785.97647
300.16516,0.0,0.0
300.18344,0.0,0.0
300.20172,0.0,0.0
300.21997,0.0,0.0
300.23825,0.0,0.0
300.25653,0.0,0.0
300.27478,327574258449.22534,418501214345.721
300.29306,8486462575.221378,13691684312.113806
300.31134,0.0,0.0
300.32962,0.0,0.0
300.3479,0.0,0.0
300.36618,0.0,0.0
300.38446,0.0,0.0
300.40274,0.0,0.0
300.42102,0.0,0.0
300.4393,0.0,0.0
300.45758,0.0,0.0
300.47586,0.0,0.0
300.49414,0.0,0.0
300.51242,0.0,0.0
300.53073,0.0,0.0
300.54901,0.0,0.0
300.56729,0.0,0.0
300.5856,0.0,0.0
300.60388,0.0,0.0
300.62219,0.0,0.0
300.64047,0.0,0.0
300.65878,0.0,0.0
300.67709,0.0,0.0
300.69537,454509722531.9384,3491301816827.288
300.71368,507758104564.12665,3750977894982.113
300.73199,0.0,0.0
300.75031,0.0,0.0
300.76859,184568045835.11447,440582166745.96814
300.7869,0.0,0.0
300.80521,0.0,0.0
300.82352,183768042197.96823,537419065966.23615
300.84183,0.0,0.0
300.86014,196566991702.68427,219508960295.2091
300.87845,12750151236.069658,13710029392.348013
300.89676,169616646038.40808,278622599415.31744
300.91507,644747442404.3273,700187786261.9666
300.93341,1433388326660.2495,1145530210514.274
300.95172,876542453452.1722,525144108941.5245
300.97003,130065041296.61047,205701584487.7825
300.98834,0.0,0.0
301.00668,0.0,0.0
301.02499,267409723473.7825,1667428929168.5476
301.04333,418397997161.3036,1987909772767.902
301.06165,1404442121319.955,2818329482022.1567
301.07999,4165950565023.696,8748740261979.102
301.0983,5236698113846.534,17024064611947.834
301.11664,2442353711499.072,6992071685701.727
301.13495,965704051794.8204,2129728469610.7688
301.15329,2348037132878.9507,7513363042385.047
301.17163,3354924267020.4497,9284750128306.39
301.18994,2188379726044.77,7516757990839.71
301.20828,585395400806.1191,3745732035346.78
301.22662,1024720965206.755,5376628738311.612
301.24496,2762856671719.815,3580916036442.185
301.26331,2796008749212.0645,5861266058743.075
301.28165,381553608172.8483,897732509666.7832
301.29999,0.0,0.0
301.31833,0.0,0.0
301.33667,0.0,0.0
301.35501,0.0,0.0
301.37335,306025489730.4033,2989928897029.548
301.39169,233936134362.30267,773083144003.9579
301.41006,0.0,0.0
301.42841,0.0,0.0
301.44675,76752779502.74062,444158700366.59406
301.46512,307726106143.2501,1247082469641.5051
301.48346,0.0,0.0
301.50183,0.0,0.0
301.52017,0.0,0.0
301.53854,0.0,0.0
301.55688,440201016272.6968,1071834282731.2842
301.57526,102384689335.33173,175943909679.64554
301.5936,189160908912.99844,650451646446.4304
301.61197,0.0,0.0
301.63034,0.0,0.0
301.64871,0.0,0.0
301.66705,0.0,0.0
301.68542,812728597057.4319,4977702104500.39
301.7038,4894430372793.019,18764815467675.49
301.72217,971820534149.6246,899382569515.4583
301.74054,128210768723.34064,57995390953.34455
301.75891,0.0,0.0
301.77728,0.0,0.0
301.79565,0.0,0.0
301.81403,519603363600.3966,234052811603.57
301.8324,104901187450.86288,104442385373.6682
301.8508,308167771992.4659,480022809505.8577
301.86917,147905351956.08414,143114277018.49225
301.88754,0.0,0.0
301.90594,667373457372.8307,4067037607112.645
301.92432,120500005700.96722,986492128619.2614
301.94269,72153831606.55386,343473767096.62115
301.96109,0.0,0.0
301.97946,0.0,0.0
301.99786,0.0,0.0
302.01624,0.0,0.0
302.03464,83560705466.22963,142230405025.43484
302.05304,40981333290.943184,53594166774.52838
302.07141,0.0,0.0
302.08981,0.0,0.0
302.10822,0.0,0.0
302.12662,0.0,0.0
302.14502,0.0,0.0
302.16342,0.0,0.0
302.18182,0.0,0.0
302.20023,0.0,0.0
302.21863,0.0,0.0
302.23703,0.0,0.0
302.25543,0.0,0.0
302.27383,53760859127.28578,206291643514.5725
302.29224,963079037622.0156,3823001299977.996
302.31064,0.0,0.0
302.32907,0.0,0.0
302.34747,0.0,0.0
302.36588,0.0,0.0
302.38431,602027796024.0623,2954580932818.017
302.40271,399975652299.21625,1555785029183.0037
302.42114,381542695628.2749,407131118429.4456
302.43954,0.0,0.0
302.45798,336376590791.1302,784980766439.6754
302.47638,0.0,0.0
302.49481,0.0,0.0
302.51324,0.0,0.0
302.53165,135364854054.03166,161423683494.63885
302.55008,232721668547.64087,604824347808.5289
302.56851,92855644643.50375,259466853420.3212
302.58694,0.0,0.0
302.60538,0.0,0.0
302.62378,11591052849.191032,9624395174.361183
302.64221,0.0,0.0
302.66064,0.0,0.0
302.67908,0.0,0.0
302.69754,212983824458.5352,378392193824.1469
302.71597,0.0,0.0
302.73441,0.0,0.0
302.75284,0.0,0.0
302.77127,213538542108.37656,697944660230.403
302.78973,0.0,0.0
302.80817,55090044965.78155,65660346263.321846
302.8266,170162003514.6175,469463424933.2328
302.84506,281469187047.20435,955400498894.5413
302.86349,128876560458.43655,255643641709.83344
302.88196,0.0,0.0
302.90039,19915003916.585373,43838565942.24941
302.91885,0.0,0.0
302.93729,34102344164.817787,219918802144.83377
302.95575,0.0,0.0
302.97421,0.0,0.0
302.99268,673161025978.1599,2756432192366.7803
303.01111,0.0,0.0
303.02957,0.0,0.0
303.04803,0.0,0.0
303.0665,231232844621.3566,1483451045157.3235
303.08496,296067032805.7639,2052291107515.9875
303.10342,310375695045.53534,3335510029116.0137
303.12189,0.0,0.0
303.14035,0.0,0.0
303.15881,0.0,0.0
303.17728,0.0,0.0
303.19574,0.0,0.0
303.21423,0.0,0.0
303.2327,0.0,0.0
303.25116,0.0,0.0
303.26962,0.0,0.0
303.28812,0.0,0.0
303.30658,43981364990.34436,258842979023.4296
303.32507,0.0,0.0
303.34354,31246015011.04493,143619494340.8502
303.36203,0.0,0.0
303.38049,45375507693.45074,260242631663.52795
303.39899,310100746348.7115,1553237219695.4514
303.41748,0.0,0.0
303.43594,0.0,0.0
303.45444,727827385269.6666,2764742596174.432
303.47293,465168907885.5183,760313834598.9253
303.49142,0.0,0.0
303.50992,0.0,0.0
303.52841,186965419394.01425,726056690879.6184
303.54691,0.0,0.0
303.5654,392879241917.7413,964312669185.7964
303.58389,0.0,0.0
303.60239,447836956435.5981,1077890481700.2136
303.62088,248454674257.62805,853494308968.8131
303.63937,0.0,0.0
303.65787,0.0,0.0
303.67639,0.0,0.0
303.69489,199537636046.72144,802387011393.5862
303.71338,0.0,0.0
303.7319,0.0,0.0
303.7504,0.0,0.0
303.76889,0.0,0.0
303.78741,358633141404.8813,1810676845688.0857
303.80591,245927145372.9124,1873435732806.1023
303.82443,0.0,0.0
303.84296,0.0,0.0
303.86145,0.0,0.0
303.87997,0.0,0.0
303.8985,0.0,0.0
303.91702,0.0,0.0
303.93552,0.0,0.0
303.95404,0.0,0.0
303.97256,0.0,0.0
303.99109,593363875055.1434,3775951828544.8223
304.00961,0.0,0.0
304.02814,0.0,0.0
304.04666,49070449656.50518,411793100494.976
304.06519,0.0,0.0
304.08371,402694141777.8585,820418942652.2457
304.10226,569254985477.6064,2563316327670.427
304.12079,853485845865.3806,5146985602813.765
304.13931,103862853894.38287,262773808918.4801
304.15784,0.0,0.0
304.17639,0.0,0.0
304.19492,0.0,0.0
304.21347,0.0,0.0
304.23199,0.0,0.0
304.25055,17041999876.983158,49068178498.02217
304.26907,81494401095.48105,139685472302.62305
304.28763,0.0,0.0
304.30615,0.0,0.0
304.32471,0.0,0.0
304.34326,0.0,0.0
304.36182,0.0,0.0
304.38034,248830000251.06427,1265719869327.1526
304.3989,458350829274.5721,4348407825055.1216
304.41745,338450740782.34186,2993183736463.267
304.436,0.0,0.0
304.45456,0.0,0.0
304.47311,87670664265.7613,113232719452.87488
304.49167,0.0,0.0
304.51022,46612680906.82736,126441775854.05832
304.52878,0.0,0.0
304.54733,207031510840.7144,533864352818.4674
304.56592,0.0,0.0
304.58447,0.0,0.0
304.60303,0.0,0.0
304.62161,194392963732.6238,1083673457186.1656
304.64017,0.0,0.0
304.65872,0.0,0.0
304.67731,0.0,0.0
304.69586,0.0,0.0
304.71445,0.0,0.0
304.73303,0.0,0.0
304.75159,60984911522.62994,51666802323.71987
304.77017,0.0,0.0
304.78876,141461916784.2127,91493959644.3532
304.80731,0.0,0.0
304.8259,0.0,0.0
304.84448,0.0,0.0
304.86307,14960352573.480438,71462004830.74054
304.88165,30337120345.233475,151500262673.44595
304.90024,0.0,0.0
304.91882,0.0,0.0
304.93741,49022498323.47784,71255417704.28206
304.95599,582200731875.3417,1613644460045.424
304.97458,91316111055.1042,158949268333.59875
304.99316,0.0,0.0
305.01175,153263921241.78964,317168286717.9476
305.03033,0.0,0.0
305.04895,0.0,0.0
305.06754,0.0,0.0
305.08612,0.0,0.0
305.10474,0.0,0.0
305.12332,0.0,0.0
305.14194,0.0,0.0
305.16052,0.0,0.0
305.17914,0.0,0.0
305.19775,74861826254.91663,94523023032.72218
305.21634,373008165921.2339,319684928284.063
305.23495,233467956565.15775,299410005529.4833
305.25357,0.0,0.0
305.27216,0.0,0.0
305.29077,0.0,0.0
305.30939,245271207478.07367,245480935117.23013
305.328,182984501489.0573,155776302560.6339
305.34662,183857756323.0613,294874354714.47394
305.36523,28946084205.670982,97793221460.75302
305.38385,0.0,0.0
305.40247,0.0,0.0
305.42108,188742517504.54367,624409612038.4935
305.4397,400984144300.7544,1477330370471.4731
305.45831,82449267184.33313,353854653101.26965
305.47696,363879484198.7533,1501154130853.3083
305.49557,102799187102.77202,318014817147.2725
305.51419,65972864447.23129,184726205842.2991
305.53284,37787808381.031296,145349077112.80875
305.55145,255313036600.4068,991520260508.4856
305.57007,106962837622.00592,389924611765.9493
305.58871,82300830654.10532,392332268250.0693
305.60733,58975098641.55874,315034951697.7667
305.62598,0.0,0.0
305.64462,0.0,0.0
305.66324,191862082231.79068,266180949052.25632
305.68188,119175948592.35931,378401513728.5194
305.70053,0.0,0.0
305.71915,190801954201.8559,1406580943211.9902
305.73779,244234929647.48468,1206075487380.796
305.75644,0.0,0.0
305.77509,0.0,0.0
305.79373,136328688841.4763,319941784651.3368
305.81238,0.0,0.0
305.83102,0.0,0.0
305.84967,0.0,0.0
305.86832,0.0,0.0
305.88696,0.0,0.0
305.90561,68209497487.24418,131580518812.12978
305.92429,0.0,0.0
305.94293,0.0,0.0
305.96158,0.0,0.0
305.98022,0.0,0.0
305.9989,193533596256.68317,562007851892.1232
306.01755,26303401772.297688,71564154790.31052
306.03622,0.0,0.0
306.05487,96049273560.18636,137786327596.80936
306.07355,275997992564.68555,1011187306121.928
306.09219,84144088925.78816,503854023210.7832
306.11087,157676226013.57547,906360370709.5848
306.12955,596202222231.739,3221931975032.861
306.14819,992984263359.3524,3777003854362.916
306.16687,1668507492950.6714,2809928356990.939
306.18555,1897406676461.636,3808654651517.4136
306.20422,1089236896464.3628,1570825813291.115
306.2229,96940573178.82082,265110299530.55
306.24158,9287895164.60934,38375539074.41737
306.26025,0.0,0.0
306.27893,0.0,0.0
306.29761,0.0,0.0
306.31628,207110852904.9792,1124047405826.7632
306.33496,0.0,0.0
306.35364,422008664205.8068,2161959414049.881
306.37231,432362604814.32666,893353266613.6763
306.39099,25246711388.491283,99301402298.20746
306.4097,261393860772.2435,655038154595.2219
306.42838,748263913490.9836,3409586860378.415
306.44705,96576696574.85768,715363287545.5375
306.46576,0.0,0.0
306.48444,0.0,0.0
306.50314,148550602571.3877,513371463384.9992
306.52182,171729086758.69025,1337644223759.2166
306.54053,0.0,0.0
306.55923,50646609310.99519,228852015332.65964
306.57791,0.0,0.0
306.59662,250807582014.7639,572085612280.6921
306.61533,0.0,0.0
306.634,0.0,0.0
306.65271,29601808227.793182,137182216018.19176
306.67142,975259413596.6588,1021489876857.4248
306.69012,0.0,0.0
306.70883,305641954986.994,401750656594.5053
306.72754,176836340030.18173,162371831974.57397
306.74625,3744357024374.559,6458952063855.271
306.76495,1808372813703.0437,4199438169310.096
306.78366,490165974993.0361,807790876666.516
306.80237,369912564873.04144,2108280321558.1665
306.82111,0.0,0.0
306.83981,0.0,0.0
306.85852,0.0,0.0
306.87723,110760522093.09984,276653475440.8766
306.89597,0.0,0.0
306.91467,0.0,0.0
306.93341,0.0,0.0
306.95212,378346813951.432,931773073363.1824
306.97086,170435492517.14066,261413977446.20236
306.98956,0.0,0.0
307.0083,216390102961.4213,595110970306.942
307.02704,187004851606.289,255257964095.5045
307.04575,48421090953.64711,32254524175.36057
307.06448,261980522904.77563,111445575403.62444
307.08322,141471859777.2614,113944011374.89992
307.10196,0.0,0.0
307.12067,0.0,0.0
307.1394,69100774621.48564,135485328387.07332
307.15814,0.0,0.0
307.17688,81949553687.22217,109876788101.5702
307.19562,0.0,0.0
307.21436,0.0,0.0
307.23312,0.0,0.0
307.25186,3590208407.9679217,8918964307.04719
307.2706,6484812816.458615,15968808943.084764
307.28934,324465722878.54785,1332162564683.553
307.30807,0.0,0.0
307.32684,0.0,0.0
307.34558,0.0,0.0
307.36435,0.0,0.0
307.38309,114402459596.78609,310044916825.06604
307.40182,0.0,0.0
307.42059,0.0,0.0
307.43936,385623328295.25433,1358550738599.167
307.4581,35050712290.61831,129824117260.89136
307.47687,172972414014.08853,842374412875.7731
307.49561,0.0,0.0
307.51437,0.0,0.0
307.53314,0.0,0.0
307.55191,0.0,0.0
307.57068,0.0,0.0
307.58945,0.0,0.0
307.60822,28607715243.000397,116331090529.02872
307.62698,0.0,0.0
307.64575,0.0,0.0
307.66452,0.0,0.0
307.68329,172004929272.75577,284332048449.37573
307.70206,7186290457.201674,5456029365.801596
307.72083,0.0,0.0
307.73959,0.0,0.0
307.75839,0.0,0.0
307.77716,0.0,0.0
307.79593,497104948073.7398,2568997016187.8857
307.81473,3921478882748.5327,22954598129014.16
307.8335,9550866611384.72,36447694761108.17
307.85229,8364285890497.597,10800532331901.15
307.87106,1230455107312.5374,1059374480391.0538
307.88986,825771113204.4861,1668887353171.11
307.90863,835468564081.1937,1992749850020.632
307.92743,0.0,0.0
307.94623,0.0,0.0
307.965,0.0,0.0
307.9838,46098339095.6054,427293656835.99146
308.00259,0.0,0.0
308.02139,928312228042.17,2572108901302.6123
308.04019,760898393662.2332,2333416589879.4863
308.05899,434062312774.96313,1094922780872.57
308.07779,331946095128.5602,248351675257.07343
308.09659,988158104101.12,1593235414739.4924
308.11539,1162974416947.2202,2610814528362.8003
308.13419,8115758890314.402,45893352717825.05
308.15298,9571089356008.668,96447758507084.48
308.17178,3336974617440.886,57726854151915.625
308.19058,460516020175.76746,3993030190379.8994
308.20941,0.0,0.0
308.22821,0.0,0.0
308.24701,0.0,0.0
308.26584,273595280083.67896,905635402329.7148
308.28464,0.0,0.0
308.30347,0.0,0.0
308.32227,391724600701.806,2345209132876.132
308.34109,0.0,0.0
308.35989,0.0,0.0
308.37872,0.0,0.0
308.39755,18039456424.802746,21742117025.49152
308.41635,265302526342.19696,434819542180.993
308.43518,0.0,0.0
308.45401,0.0,0.0
308.47284,0.0,0.0
308.49167,356133282678.9863,1677158160604.93
308.5105,0.0,0.0
308.52933,726565258973.6857,4354776150083.645
308.54816,918280616983.0536,5397019201492.974
308.56699,2341872019219.25,10761265570384.52
308.58582,5596774575236.044,36543753915650.414
308.60464,6578706512906.007,52458994272831.67
308.62347,1676182391357.549,9244064912597.947
308.6423,1534257380965.088,2383304943877.6826
308.66116,0.0,0.0
308.67999,0.0,0.0
308.69882,0.0,0.0
308.71768,0.0,0.0
308.73651,0.0,0.0
308.75537,811994774899.6641,5869536578820.756
308.7742,0.0,0.0
308.79306,0.0,0.0
308.81189,0.0,0.0
308.83075,0.0,0.0
308.84961,0.0,0.0
308.86844,41458177799.60804,103490883623.1019
308.8873,0.0,0.0
308.90616,0.0,0.0
308.92502,0.0,0.0
308.94388,0.0,0.0
308.96274,0.0,0.0
308.9816,0.0,0.0
309.00046,346553814050.42896,2383256063791.195
309.01932,171904222806.4778,735890684947.7277
309.03818,0.0,0.0
309.05704,0.0,0.0
309.0759,0.0,0.0
309.09476,418536567849.63214,2962110113277.11
309.11365,328091081863.7961,2091274425054.0464
309.13251,0.0,0.0
309.15137,0.0,0.0
309.17026,0.0,0.0
309.18912,0.0,0.0
309.20801,303645518836.70447,1075219004149.2402
309.22687,0.0,0.0
309.24576,0.0,0.0
309.26462,1583861420.7855074,7318032154.099309
309.28351,708488166675.1371,2833152031460.5947
309.3024,229939765936.9775,608344189241.5282
309.32126,296776092375.5071,288129232543.866
309.34015,0.0,0.0
309.35904,269144100842.67548,396520404635.2902
309.37793,0.0,0.0
309.39682,0.0,0.0
309.41571,0.0,0.0
309.4346,240726323006.9391,921349680739.1094
309.45349,0.0,0.0
309.47238,0.0,0.0
309.49127,0.0,0.0
309.51016,0.0,0.0
309.52905,0.0,0.0
309.54794,5487201282.198755,23211234257.184307
309.56686,0.0,0.0
309.58575,0.0,0.0
309.60464,0.0,0.0
309.62357,0.0,0.0
309.64246,0.0,0.0
309.66138,0.0,0.0
309.68027,0.0,0.0
309.69919,0.0,0.0
309.71808,74190836424.73372,169568777628.58896
309.737,225216902412.64227,437483917024.9932
309.75592,167314155934.739,201571796856.84967
309.77484,0.0,0.0
309.79373,0.0,0.0
309.81265,0.0,0.0
309.83157,0.0,0.0
309.85049,71346409065.60548,293284084248.8396
309.86942,0.0,0.0
309.88834,0.0,0.0
309.90726,0.0,0.0
309.92618,0.0,0.0
309.9451,0.0,0.0
309.96402,69633371369.99661,276254627458.7007
309.98294,387876465259.3085,1182711926533.626
310.00189,0.0,0.0
310.02081,0.0,0.0
310.03973,237269156721.3038,409397160339.6416
310.05869,171949819153.32715,626891096137.5875
310.07761,182684978492.04,1024465596645.5009
310.09653,0.0,0.0
310.11548,0.0,0.0
310.1344,0.0,0.0
310.15335,160827476521.45688,96164940385.63425
310.1723,317965288262.105,477708790692.06775
310.19122,0.0,0.0
310.21017,0.0,0.0
310.22913,0.0,0.0
310.24805,309813180601.488,369734568034.7472
310.267,0.0,0.0
310.28595,0.0,0.0
310.3049,683725144186.6826,582371101195.1582
310.32385,256828689046.5007,625053868944.6975
310.3428,0.0,0.0
310.36176,0.0,0.0
310.38071,0.0,0.0
310.39966,88299506564.77393,105820959352.2002
310.41861,87933464033.85707,237455905521.62512
310.43759,0.0,0.0
310.45654,299609571059.3458,306907409262.443
310.47549,0.0,0.0
310.49445,132685411102.06892,273285254647.37885
310.51343,29407149428.325253,25463469505.239223
310.53238,2042908635.106992,773466227.2081231
310.55136,210767358917.784,140467557562.85098
310.57031,0.0,0.0
310.58929,0.0,0.0
310.60825,0.0,0.0
310.62723,0.0,0.0
310.64621,0.0,0.0
310.66516,197320089115.57703,525205443668.1513
310.68414,197754612252.92145,535027374757.6637
310.70312,0.0,0.0
310.72211,0.0,0.0
310.74109,0.0,0.0
310.76004,0.0,0.0
310.77902,1940754366.1834304,3543181530.6744595
310.798,83592804923.72403,201696624577.99323
310.81699,168648958467.32516,346949655671.8749
310.83597,132499709610.0499,105303702619.71088
310.85498,464942326037.85626,112987261043.9913
310.87396,1874239484804.784,4114763679119.132
310.89294,3236136083827.6167,13597064400812.889
310.91193,1997178031618.9675,4945630758942.627
310.93094,237337102640.988,553684532891.652
310.94992,231530194222.15244,1351524830238.6492
310.9689,98890667912.98524,466548871764.24365
310.98792,229703084813.18655,338352670215.2883
311.0069,183483245950.57407,195178378460.08347
311.02591,0.0,0.0
311.04489,329634982443.7698,245741600355.21924
311.0639,2173315222160.8271,2269927945930.5347
311.08289,2385169835982.286,5056863994491.455
311.1019,398506133261.3558,838989403749.159
311.12091,102543502141.4242,68783724668.0471
311.13992,0.0,0.0
311.15891,116273621479.749,597372274267.3373
311.17792,297879897219.8776,843612661169.4146
311.19693,141910709943.23758,200895463093.6385
311.21594,19972438798.98723,36980295642.26616
311.23495,91006417538.25078,61938484700.85879
311.25397,0.0,0.0
311.27298,0.0,0.0
311.29199,0.0,0.0
311.311,55710901390.71942,100151076008.15263
311.33002,0.0,0.0
311.34906,0.0,0.0
311.36807,9533964463.849289,26482849262.24608
311.38708,0.0,0.0
311.4061,196313961595.8964,579157731753.5281
311.42514,0.0,0.0
311.44415,21854020174.252537,54829551710.42844
311.4632,120629610261.05824,289929787410.77136
311.48221,42017934789.84535,154573229520.1338
311.50125,0.0,0.0
311.52026,442483806010.3252,1599800477997.4026
311.53931,93294172652.35973,237767879524.80875
311.55835,0.0,0.0
311.57736,0.0,0.0
311.59641,0.0,0.0
311.61545,103610918226.76184,305967341710.7394
311.63449,0.0,0.0
311.65353,367431187902.34,1099410345612.552
311.67258,0.0,0.0
311.69162,55626969946.59341,57850321117.51288
311.71066,0.0,0.0
311.72971,0.0,0.0
311.74875,186358417174.353,973407784504.0392
311.76779,1948853907894.895,9933969793209.34
311.78683,4343963325376.8926,8062027866018.273
311.80588,26795638346538.1,16041418720788.2
311.82495,19308070211505.98,18442833043060.55
311.84399,2431095929238.7607,6574620193912.61
311.86304,187641831963.9788,683731231392.4089
311.88211,825071185893.4498,2845663139269.536
311.90115,359746017387.9968,2572815784286.5093
311.92023,0.0,0.0
311.93927,41077028468.23422,169906319336.49924
311.95834,0.0,0.0
311.97739,0.0,0.0
311.99646,0.0,0.0
312.01553,0.0,0.0
312.03458,164042859877.10226,911383539413.6508
312.05365,24139510891.9975,212713424082.1937
312.07272,84558871702.37224,720650607096.2493
312.0918,0.0,0.0
312.11087,0.0,0.0
312.12994,0.0,0.0
312.14902,0.0,0.0
312.16809,0.0,0.0
312.18716,243356781646.1679,909530190188.8708
312.20624,0.0,0.0
312.22531,0.0,0.0
312.24438,0.0,0.0
312.26346,17377089844.39005,122310430931.32416
312.28256,0.0,0.0
312.30164,503894738816.751,2435510660764.051
312.32071,673822506867.4365,3187919705226.8667
312.33981,67206250739.85146,331441342249.2407
312.35889,568674815854.1764,3068981768015.6865
312.37799,0.0,0.0
312.39706,0.0,0.0
312.41617,463095963925.733,901969327968.478
312.43527,0.0,0.0
312.45435,0.0,0.0
312.47345,24854817326.256283,17246280662.61945
312.49255,2931710786.3187246,2312141315.685231
312.51163,712165905600.4946,1307484818977.3113
312.53073,107219278144.0161,254578852389.9864
312.54984,0.0,0.0
312.56894,0.0,0.0
312.58804,146447318336.62436,354838409676.0483
312.60715,167287515430.97653,474102747649.4535
312.62625,922452840195.692,2752566817471.158
312.64536,100171101861.41272,324176647919.6954
312.66446,502151233097.4202,1357156606752.2383
312.68356,1411087386178.4883,4423244282620.152
312.7027,7057235954413.04,32587819291759.176
312.7218,12462195458032.77,64190908456368.1
312.74091,6444551117194.74,39201835796007.63
312.76004,614292220991.2634,3300830465172.64
312.77914,0.0,0.0
312.79825,197610665656.3824,465880566671.8032
312.81738,243671085967.236,1071803746092.8969
312.83649,0.0,0.0
312.85562,0.0,0.0
312.87473,0.0,0.0
312.89386,0.0,0.0
312.91299,0.0,0.0
312.9321,0.0,0.0
312.95123,0.0,0.0
312.97037,0.0,0.0
312.9895,0.0,0.0
313.00864,32438775979.728783,36573865198.04012
313.02777,270597787935.07944,667423477025.219
313.04691,0.0,0.0
313.06604,0.0,0.0
313.08517,0.0,0.0
313.10431,0.0,0.0
313.12344,10240934668.679213,35459926624.11552
313.14258,0.0,0.0
313.16171,0.0,0.0
313.18088,0.0,0.0
313.20001,10888852023.75145,78127981516.17706
313.21915,258017243099.2416,2299861559141.035
313.23831,440437689367.3746,1440817906525.525
313.25745,0.0,0.0
313.27661,99960740478.7706,128207238059.82014
313.29575,864149332294.91,2196483671325.1404
313.31491,3429265842.656157,6832945564.375202
313.33405,0.0,0.0
313.35321,0.0,0.0
313.37238,903366132490.7396,2010587289689.0005
313.39151,457211113956.4648,2176309146894.0305
313.41068,229473907107.1396,896922636997.2245
313.42984,0.0,0.0
313.44901,0.0,0.0
313.46817,0.0,0.0
313.48734,0.0,0.0
313.5065,0.0,0.0
313.52567,0.0,0.0
313.54483,0.0,0.0
313.564,0.0,0.0
313.58316,104611043018.1624,483739867924.6952
313.60233,547407138305.4162,3260692581827.1724
313.62152,0.0,0.0
313.64069,0.0,0.0
313.65985,43194771717.0769,300094925344.0599
313.67905,348850590654.91547,4789682037232.059
313.69821,1124524279304.3716,22985034059884.79
313.71738,4330869755966.299,93117115649453.31
313.73657,15414531890640.252,198441633433334.47
313.75574,10814745429803.63,52521487026291.52
313.77493,980310786053.735,1993128373580.9036
313.79413,3150321901456.724,10233380365477.52
313.81329,202945046938.38013,1824633172728.232
313.83249,0.0,0.0
313.85168,0.0,0.0
313.87088,0.0,0.0
313.89005,171110382132.77902,651301163527.6509
313.90924,0.0,0.0
313.92844,0.0,0.0
313.94763,0.0,0.0
313.96683,309006494504.428,979424386333.6996
313.98602,0.0,0.0
314.00522,0.0,0.0
314.02441,425856874792.7536,1824501584749.2944
314.04364,191151112259.74503,537153198297.7629
314.06284,1890537018236.2705,4499704008956.873
314.08203,1591169743050.9905,4144361499275.737
314.10123,773269009815.4945,1222068445766.2207
314.12045,0.0,0.0
314.13965,520987826627.7181,3236921316781.901
314.15887,539365993598.7046,4246057276564.1113
314.17807,0.0,0.0
314.1973,0.0,0.0
314.21649,244906599269.40097,2084625467619.2075
314.23572,619942208686.1064,1550927109498.0378
314.25491,1967466233647.8733,7739857502051.318
314.27414,8568846889064.77,42449677548334.86
314.29337,15729159472931.56,26099401474852.4
314.31259,13114122879940.877,22546452787275.75
314.33179,5393235854890.155,5475177505503.561
314.35101,2724273572915.0723,1199143977941.2407
314.37024,3077811373994.864,3851818649427.996
314.38947,820930853924.5785,2015989469727.3152
314.40869,0.0,0.0
314.42792,0.0,0.0
314.44714,0.0,0.0
314.46637,9431412839.188766,13078965527.601055
314.4856,367889415704.161,493271690209.8836
314.50485,0.0,0.0
314.52408,0.0,0.0
314.5433,5386653518.95608,29292608087.77652
314.56253,74948443969.47717,163336677339.17133
314.58179,0.0,0.0
314.60101,0.0,0.0
314.62027,32381080206.977093,48166123276.763016
314.6395,111674059508.67673,184636033505.78867
314.65875,0.0,0.0
314.67798,102711463313.49364,63285580234.76678
314.69724,595160172504.96,1104806509593.829
314.71649,1490726644782.746,3764308789071.6055
314.73572,2845319409074.3857,3321051038602.268
314.75497,494892466070.26605,1117904613457.4949
314.77423,212433723834.92975,511603781479.44006
314.79349,134882795459.5372,153906776692.25345
314.81274,338407254987.4818,293973110408.0654
314.83197,229043065106.8805,624633817005.4471
314.85123,0.0,0.0
314.87048,0.0,0.0
314.88974,270321565057.81424,1569016806196.5557
314.90903,681862632073.4773,1413798684957.6145
314.92828,1223195844662.857,599281143225.0999
314.94754,471339106362.2004,179388644089.732
314.9668,0.0,0.0
314.98605,0.0,0.0
315.00534,86979810251.82777,324052120059.3833
315.0246,0.0,0.0
315.04385,5406586633.6581,15891859279.897043
315.06314,0.0,0.0
315.0824,0.0,0.0
315.10168,0.0,0.0
315.12094,5523278678.314137,13130128102.877468
315.14023,80820090344.40125,236584411447.90167
315.15952,0.0,0.0
315.17877,0.0,0.0
315.19806,6538180653.823484,13112401979.224957
315.21735,67055775780.13408,105129282720.9303
315.23663,0.0,0.0
315.25592,0.0,0.0
315.27518,0.0,0.0
315.29446,0.0,0.0
315.31375,162088775227.7941,415710262451.2201
315.33304,1337095800209.8335,2168059547584.683
315.35233,5290362511982.845,10181231406981.871
315.37164,6799130400951.628,21076199627498.805
315.39093,2775106397749.944,12240766990890.607
315.41022,1534774095.3229854,5875268452.573799
315.4295,0.0,0.0
315.44879,157120895035.0289,479421136932.52167
315.46811,128974045856.62112,179329731292.08945
315.4874,115591515954.23737,150731488697.12613
315.50671,131297059993.16164,160508807244.27225
315.526,309598597829.6979,576006695072.8644
315.54532,140201833074.18796,226181377364.6385
315.56461,0.0,0.0
315.58392,0.0,0.0
315.60321,0.0,0.0
315.62253,0.0,0.0
315.64185,0.0,0.0
315.66113,205815857967.6804,578110532825.5233
315.68045,0.0,0.0
315.69977,0.0,0.0
315.71909,0.0,0.0
315.7384,1682939351500.468,2151881100566.5728
315.75772,6020319451004.722,3764728884718.055
315.77704,5765533197706.777,1128009189455.736
315.79636,911710808675.294,315096358065.2786
315.81567,463932374002.8319,349879841264.9501
315.83499,127391922921.97311,225799550119.92767
315.85431,439319152639.34406,1380452721328.345
315.87366,0.0,0.0
315.89297,233651772869.45236,355887656335.48444
315.91229,0.0,0.0
315.93161,758030285967.3466,2479993382960.867
315.95096,2361954569376.288,14771116157159.902
315.97028,4937778617589.518,23835141616087.92
315.98962,242966108092.3027,374366486017.29016
316.00894,0.0,0.0
316.02829,529421091708.56976,851572506831.1041
316.04761,306675160040.9889,314798564346.2127
316.06696,553902943785.618,864426499344.3646
316.0863,0.0,0.0
316.10565,493113277771.8866,423527700707.3984
316.12497,0.0,0.0
316.14432,0.0,0.0
316.16367,0.0,0.0
316.18301,0.0,0.0
316.20236,154179227454.49277,319729268133.3075
316.22171,0.0,0.0
316.24106,196571721769.819,698629153087.1807
316.26041,412704715705.4605,643098721958.9594
316.27975,474337431979.0026,624981302356.9935
316.2991,190967491015.36243,582230622132.8834
316.31848,677067748294.5315,2717377875795.333
316.33783,237266061143.3992,590976655214.3546
316.35718,149340333152.47052,155592380312.02472
316.37653,34989671355.326965,46826277799.66568
316.3959,0.0,0.0
316.41525,0.0,0.0
316.43463,79051240130.23769,114115939149.5344
316.45398,656507543949.3282,740659873183.629
316.47336,0.0,0.0
316.49271,0.0,0.0
316.51208,498276806722.8724,1311241730132.734
316.53146,298788192388.4302,1040154926271.6506
316.55081,0.0,0.0
316.57019,0.0,0.0
316.58957,0.0,0.0
316.60895,933867820041.7535,1675543114576.345
316.62833,567435618955.9337,1155463637192.2815
316.64771,0.0,0.0
316.66708,309996880238.18494,614134624585.9225
316.68646,0.0,0.0
316.70584,49310522976.00399,43028624947.87408
316.72522,0.0,0.0
316.7446,0.0,0.0
316.76398,0.0,0.0
316.78336,290815473910.4421,2614875397747.308
316.80276,258556241141.8794,1950448166515.383
316.82214,0.0,0.0
316.84152,0.0,0.0
316.86093,0.0,0.0
316.88031,0.0,0.0
316.89972,0.0,0.0
316.9191,173235321425.27228,199938428159.9855
316.93851,0.0,0.0
316.95789,0.0,0.0
316.97729,0.0,0.0
316.9967,0.0,0.0
317.01611,0.0,0.0
317.03549,532655194766.7846,880679947846.965
317.0549,399425633153.296,1242648605958.5974
317.07431,3989430086.1170735,10356026961.796707
317.09372,0.0,0.0
317.11313,0.0,0.0
317.13254,80547581779.71861,312722618589.17065
317.15195,0.0,0.0
317.17136,0.0,0.0
317.19077,380813640640.61145,716783347079.1779
317.21017,8347655993.542399,16327318216.201183
317.22961,0.0,0.0
317.24902,0.0,0.0
317.26843,0.0,0.0
317.28787,0.0,0.0
317.30728,511083335134.2088,3745240261771.7305
317.32669,137585379306.49942,851637626574.9926
317.34613,670603597333.3983,960828285246.2002
317.36554,0.0,0.0
317.38498,0.0,0.0
317.40442,817124752999.7806,2108549990061.5813
317.42383,492612988195.5477,495055471805.8157
317.44327,0.0,0.0
317.46271,85663096056.4667,104283125333.70872
317.48215,39176144878.485306,72483622459.13762
317.50156,0.0,0.0
317.521,0.0,0.0
317.54044,276260482792.2161,290882862198.5528
317.55988,1302420973353.9973,3695022200315.9897
317.57932,2117806449138.7664,15837532795532.969
317.59875,1893189643511.4456,10225339957946.086
317.61819,981819504702.9498,4616911208884.75
317.63763,680772100642.6345,2876365283887.2783
317.6571,0.0,0.0
317.67654,0.0,0.0
317.69598,0.0,0.0
317.71542,0.0,0.0
317.73489,0.0,0.0
317.75433,0.0,0.0
317.77377,0.0,0.0
317.79324,0.0,0.0
317.81268,0.0,0.0
317.83215,0.0,0.0
317.85162,101730415245.28384,511946658461.1447
317.87106,0.0,0.0
317.89053,0.0,0.0
317.91,0.0,0.0
317.92944,919568919166.8396,2962565314800.6187
317.94891,0.0,0.0
317.96838,0.0,0.0
317.98785,369678911495.58734,1011046597899.8804
318.00732,549425468944.29193,682699141202.896
318.02679,0.0,0.0
318.04626,0.0,0.0
318.06573,281144398396.5637,598878536165.5703
318.08521,0.0,0.0
318.10468,232976544795.3549,566563765733.6361
318.12418,0.0,0.0
318.14365,0.0,0.0
318.16312,0.0,0.0
318.18259,0.0,0.0
318.20209,0.0,0.0
318.22156,0.0,0.0
318.24106,0.0,0.0
318.26053,0.0,0.0
318.28003,0.0,0.0
318.2995,0.0,0.0
318.319,50290202448.37191,243200020333.4177
318.3385,0.0,0.0
318.35797,0.0,0.0
318.37747,0.0,0.0
318.39697,0.0,0.0
318.41647,0.0,0.0
318.43597,0.0,0.0
318.45547,0.0,0.0
318.47498,0.0,0.0
318.49448,0.0,0.0
318.51398,336542979614.79205,4639829824487.98
318.53348,0.0,0.0
318.55298,0.0,0.0
318.57248,0.0,0.0
318.59198,0.0,0.0
318.61151,160172033784.46902,577490481158.1487
318.63101,144555064528.73483,996773211410.1632
318.65051,18587605011.58472,83901915565.14546
318.67004,51357120755.54153,151089324463.98245
318.68954,185915291533.58765,493168685849.4276
318.70908,0.0,0.0
318.72858,0.0,0.0
318.74811,0.0,0.0
318.76761,393346395266.5235,307387449196.67487
318.78714,0.0,0.0
318.80667,0.0,0.0
318.8262,0.0,0.0
318.8457,0.0,0.0
318.86523,0.0,0.0
318.88477,5548569011.100494,11410390298.444738
318.9043,271586611687.4227,290063943903.09937
318.92383,10038618275.748724,8749268223.703882
318.94336,194264594517.62613,114714832495.45268
318.96289,0.0,0.0
318.98242,139557028568.50986,573949496653.1925
319.00195,0.0,0.0
319.02148,0.0,0.0
319.04105,300110696071.43835,766603831480.0704
319.06058,324530122080.5724,1023629468682.042
319.08011,325501855882.1096,758892321348.1697
319.09967,223288145502.0202,129821560243.34248
319.1192,0.0,0.0
319.13876,0.0,0.0
319.15829,0.0,0.0
319.17786,0.0,0.0
319.19739,0.0,0.0
319.21695,0.0,0.0
319.23648,0.0,0.0
319.25604,0.0,0.0
319.2756,67424897843.07616,293639599345.6609
319.29517,0.0,0.0
319.31473,0.0,0.0
319.33426,0.0,0.0
319.35382,369853044389.6034,2358030439077.025
319.37338,595068039428.0367,2079906982698.4343
319.39294,0.0,0.0
319.41251,0.0,0.0
319.43207,0.0,0.0
319.45166,76823213770.5865,205815641880.6282
319.47122,149541581646.5205,193063491635.56232
319.49078,170397729827.42078,134225778033.77245
319.51035,0.0,0.0
319.52994,98997353348.6586,93887584364.57616
319.5495,0.0,0.0
319.56906,0.0,0.0
319.58865,0.0,0.0
319.60822,532853014567.3892,700998132177.8278
319.62781,0.0,0.0
319.64737,32013228453.740128,74224144680.83838
319.66696,0.0,0.0
319.68655,0.0,0.0
319.70612,57656475074.68153,106785830042.2301
319.72571,403702560706.8903,1196732687104.549
319.7453,0.0,0.0
319.76489,0.0,0.0
319.78448,58139136184.70783,89019725647.97472
319.80405,321526512126.857,950989789977.3436
319.82364,1075812147310.4178,2828284756596.3574
319.84323,1802954919868.9116,2466389230085.67
319.86285,0.0,0.0
319.88245,286609682039.7317,498378797491.8854
319.90204,0.0,0.0
319.92163,0.0,0.0
319.94122,0.0,0.0
319.96082,0.0,0.0
319.98044,84206302969.90306,501860758453.0604
320.00003,224246710687.5361,1733164862120.193
320.01962,293934199134.65656,1679150895296.16
320.03925,0.0,0.0
320.05884,221501897235.84653,211851069576.4911
320.07846,73782010112.83342,102481801988.14574
320.09805,20098417847.50837,19257181791.302338
320.11768,0.0,0.0
320.1373,3270812245.270842,6029526167.816013
320.15689,0.0,0.0
320.17651,113476795798.50533,305723932062.6097
320.19614,0.0,0.0
320.21576,0.0,0.0
320.23538,0.0,0.0
320.255,254596558040.5528,209928138966.9557
320.27463,0.0,0.0
320.29425,0.0,0.0
320.31387,0.0,0.0
320.3335,140804650883.38843,172959968415.42813
320.35312,34945658433.24154,83662760850.72482
320.37274,14093476966.576712,23512837558.62725
320.39236,130796224433.34167,269950760572.86496
320.41199,121918430232.97496,450563951791.1818
320.43164,107326243767.616,277787471977.3957
320.45126,1346964539555.8171,2620934981243.149
320.47092,1408516171745.85,2553085680414.464
320.49054,111414672477.07275,248468952977.2526
320.51016,95868514046.78555,265227402453.59192
320.52982,226946443304.8105,816865357139.9594
320.54947,0.0,0.0
320.56909,0.0,0.0
320.58875,0.0,0.0
320.6084,0.0,0.0
320.62802,0.0,0.0
320.64767,329410238951.6235,2060638508154.1985
320.66733,0.0,0.0
320.68698,97545862875.3402,281956279952.5655
320.70663,79583909073.71872,258711355681.21927
320.72629,0.0,0.0
320.74594,0.0,0.0
320.76559,227734272407.6766,211325205500.14703
320.78525,1113211308947.3145,1124049745434.671
320.8049,640290909193.3005,825345682685.159
320.82455,701768856150.6178,749554603038.4695
320.84421,2577650161262.348,1874730028686.4795
320.86389,3875135138141.9175,5190070607538.875
320.88354,1275754835761.9585,2123980490899.0095
320.9032,125789367756.50642,318067678989.24084
320.92288,56094063310.29083,136396157544.65326
320.94254,0.0,0.0
320.96222,0.0,0.0
320.98187,0.0,0.0
321.00156,0.0,0.0
321.02121,281883403494.34485,636440136801.8298
321.04089,0.0,0.0
321.06058,0.0,0.0
321.08023,35142589656.57146,26845821026.073105
321.09991,0.0,0.0
321.1196,0.0,0.0
321.13928,0.0,0.0
321.15897,106659227891.0624,187549890115.94955
321.17865,278044303387.5426,435677729976.89
321.19833,14831309310.716131,21815615397.266502
321.21802,0.0,0.0
321.2377,49869402089.38991,96435252659.9638
321.25739,0.0,0.0
321.27707,306637855708.6089,1057490222951.6523
321.29675,245258199700.01437,998109046098.6516
321.31647,0.0,0.0
321.33615,0.0,0.0
321.35583,0.0,0.0
321.37555,263103825136.38428,1423929384770.186
321.39523,0.0,0.0
321.41495,0.0,0.0
321.43463,24301437518.0096,36402751500.97129
321.45435,36221008414.45866,36904708678.66456
321.47403,342742907497.67834,306582915964.99176
321.49374,290164021902.4231,557898475760.8458
321.51346,117116316843.54495,377953561404.5129
321.53314,0.0,0.0
321.55286,0.0,0.0
321.57257,230142201738.21173,385493823965.3454
321.59229,0.0,0.0
321.612,0.0,0.0
321.63171,0.0,0.0
321.65143,0.0,0.0
321.67114,246521651802.84647,312057591661.5617
321.69086,270000940143.0869,516223393499.8125
321.71057,0.0,0.0
321.73029,0.0,0.0
321.75,619776011421.538,634537533230.1404
321.76974,67639860496.63644,114584380836.08942
321.78946,0.0,0.0
321.80917,0.0,0.0
321.82892,0.0,0.0
321.84863,0.0,0.0
321.86838,0.0,0.0
321.88809,0.0,0.0
321.90784,231128100104.1744,631141173231.4191
321.92755,13366668151.61386,46084267062.29704
321.9473,0.0,0.0
321.96704,0.0,0.0
321.98679,0.0,0.0
322.0065,0.0,0.0
322.02625,481822603527.66754,3405865725878.101
322.04599,0.0,0.0
322.06573,0.0,0.0
322.08548,0.0,0.0
322.10522,0.0,0.0
322.12497,694685273074.3828,565288438293.5715
322.14471,533459422370.1415,808757287844.8358
322.16446,0.0,0.0
322.1842,562080819445.8529,818976055017.9324
322.20398,0.0,0.0
322.22372,0.0,0.0
322.24347,0.0,0.0
322.26324,0.0,0.0
322.28299,0.0,0.0
322.30273,124658447640.14684,449254584535.0702
322.32251,254058470368.92453,1532448299383.513
322.34225,557832367250.7292,3184516020083.415
322.36203,32801575251.20148,104712434875.035
322.38181,660977572584.0908,1275729252259.751
322.40155,1292115664139.0652,1448870904083.0977
322.42133,1889989678724.9077,2805861813145.4688
322.4411,860908340183.5778,2607999861036.696
322.46088,224479156902.6614,632847719040.9517
322.48062,0.0,0.0
322.5004,0.0,0.0
322.52017,0.0,0.0
322.53995,0.0,0.0
322.55972,0.0,0.0
322.5795,0.0,0.0
322.59927,0.0,0.0
322.61905,343094948440.472,926869857821.2102
322.63885,69146325728.81387,280720985987.9908
322.65863,425043737952.02136,2240038371193.289
322.67841,0.0,0.0
322.69821,0.0,0.0
322.71799,0.0,0.0
322.73776,0.0,0.0
322.75757,0.0,0.0
322.77734,89703464033.39818,326525138016.9277
322.79715,168484358135.6334,367058918741.767
322.81693,519187864804.1445,473653200377.0423
322.83673,0.0,0.0
322.85654,0.0,0.0
322.87631,299232467440.5741,845208312242.0293
322.89612,50454755098.0425,240909526511.37927
322.91592,42461825002.90829,212326757251.41864
322.93573,0.0,0.0
322.95554,0.0,0.0
322.97534,0.0,0.0
322.99515,501213720374.34033,2152591062870.8623
323.01495,448022851551.47546,1686075556074.439
323.03476,0.0,0.0
323.05457,0.0,0.0
323.07437,0.0,0.0
323.09418,0.0,0.0
323.11398,0.0,0.0
323.13382,0.0,0.0
323.15363,0.0,0.0
323.17343,407238497657.10205,2320061367492.8
323.19327,15842946717.429258,80625235665.5933
323.21307,100421524998.16077,532941282444.0538
323.23291,0.0,0.0
323.25272,0.0,0.0
323.27255,0.0,0.0
323.29236,0.0,0.0
323.31219,0.0,0.0
323.33203,245700663199.5599,253355383300.17484
323.35187,556273014615.4791,906800438505.9775
323.37167,0.0,0.0
323.39151,0.0,0.0
323.41135,0.0,0.0
323.43118,0.0,0.0
323.45102,59570120969.755646,120019233369.87344
323.47086,489783697117.1493,942355146092.4252
323.49069,371142632135.3139,882238019774.2169
323.51053,0.0,0.0
323.53036,0.0,0.0
323.55023,155572127569.20416,195708988376.7021
323.57007,0.0,0.0
323.5899,301887751644.4283,896534988703.6113
323.60977,0.0,0.0
323.62961,0.0,0.0
323.64944,0.0,0.0
323.66931,225156989432.08755,696810790710.4233
323.68915,0.0,0.0
323.70901,0.0,0.0
323.72888,0.0,0.0
323.74872,0.0,0.0
323.76859,0.0,0.0
323.78845,0.0,0.0
323.80829,0.0,0.0
323.82816,0.0,0.0
323.84802,0.0,0.0
323.86789,0.0,0.0
323.88776,22073580389.73941,26871414975.543243
323.90762,0.0,0.0
323.92749,0.0,0.0
323.94736,422634419122.7942,657686281012.2145
323.96722,0.0,0.0
323.98709,0.0,0.0
324.00699,0.0,0.0
324.02686,0.0,0.0
324.04672,861923676480.4877,3664298939423.579
324.06659,0.0,0.0
324.08649,0.0,0.0
324.10635,0.0,0.0
324.12625,0.0,0.0
324.14612,0.0,0.0
324.16602,225802451788.30145,427079173000.4448
324.18588,162617693346.21686,225186078441.26404
324.20578,471439906380.1652,415202807012.0918
324.22568,0.0,0.0
324.24557,0.0,0.0
324.26544,208872361647.90475,382572586275.3479
324.28534,0.0,0.0
324.30524,0.0,0.0
324.32513,0.0,0.0
324.34503,541146900420.4271,2712268993880.2954
324.36493,0.0,0.0
324.38483,0.0,0.0
324.40472,0.0,0.0
324.42462,0.0,0.0
324.44452,443251609652.05054,985877059900.3552
324.46445,0.0,0.0
324.48434,0.0,0.0
324.50424,0.0,0.0
324.52417,0.0,0.0
324.54407,0.0,0.0
324.56396,0.0,0.0
324.58389,0.0,0.0
324.60379,455011160554.4191,197651419895.47748
324.62372,0.0,0.0
324.64365,0.0,0.0
324.66354,0.0,0.0
324.68347,0.0,0.0
324.7034,0.0,0.0
324.7233,0.0,0.0
324.74323,76148787771.5016,188909245713.62253
324.76315,149026743567.5493,168846600581.47784
324.78308,9062364786.801653,3755803511.54441
324.80301,0.0,0.0
324.82294,0.0,0.0
324.84286,0.0,0.0
324.86279,0.0,0.0
324.88272,0.0,0.0
324.90268,0.0,0.0
324.92261,0.0,0.0
324.94254,0.0,0.0
324.96249,1151080802202.5637,2478915100645.2285
324.98242,477962127278.4614,991988172383.1348
325.00235,0.0,0.0
325.02231,0.0,0.0
325.04224,163116076736.02188,344808271974.6276
325.06219,0.0,0.0
325.08212,51617085645.5519,103525895912.04568
325.10208,0.0,0.0
325.12204,0.0,0.0
325.14197,0.0,0.0
325.16193,0.0,0.0
325.18188,172701525150.30386,499872087280.6505
325.20184,0.0,0.0
325.2218,0.0,0.0
325.24176,0.0,0.0
325.26172,0.0,0.0
325.28168,0.0,0.0
325.30164,0.0,0.0
325.32159,0.0,0.0
325.34155,264590355257.10492,218391740632.75195
325.36151,471639269805.4562,466628819499.7317
325.3815,223137728762.3328,408663107276.4307
325.40146,1347802523335.7268,2724968353231.107
325.42142,5411603891884.307,11297767365184.04
325.44141,6144245901033.271,9204187427238.15
325.46136,2135501305088.629,938284619253.8828
325.48132,992083333298.148,464589543304.0072
325.50131,105556143794.44456,97117854241.92346
325.5213,39022169145.11406,52715073444.59191
325.54126,210311136655.0039,311678124261.9158
325.56125,0.0,0.0
325.58124,0.0,0.0
325.6012,166121520179.27448,222454951447.91525
325.62119,0.0,0.0
325.64117,16262189007.9049,40364606892.15822
325.66116,0.0,0.0
325.68115,0.0,0.0
325.70114,203965258779.60367,320899758892.05725
325.72113,514618601940.8533,525968698528.5958
325.74112,371070765914.1848,372068281134.3903
325.76111,86602584020.02342,109270829303.13834
325.7811,624218358347.1973,1201238430749.8347
325.80109,171402254933.5531,589101587449.3047
325.82108,313535222111.7292,1494208045133.9846
325.84109,0.0,0.0
325.86108,0.0,0.0
325.88107,0.0,0.0
325.90109,224399187600.63437,372629965811.1249
325.92108,163794088435.0067,187358719498.3523
325.9411,0.0,0.0
325.96109,0.0,0.0
325.98111,0.0,0.0
326.0011,60297405657.31251,161940366121.6603
326.02112,0.0,0.0
326.04114,0.0,0.0
326.06113,276580739180.0971,1335209742919.0352
326.08115,60888808196.70187,147706341073.3262
326.10117,0.0,0.0
326.12119,36579111485.90195,18775150508.20278
326.1412,98766901311.91312,63654393957.49983
326.16122,0.0,0.0
326.18124,0.0,0.0
326.20126,82551180087.659,84220297411.61482
326.22128,0.0,0.0
326.2413,0.0,0.0
326.26132,0.0,0.0
326.28137,0.0,0.0
326.30139,0.0,0.0
326.32141,0.0,0.0
326.34146,0.0,0.0
326.36148,1103804832427.943,754631417476.7151
326.38153,1858031628682.0432,1010329719735.2528
326.40155,1022750086992.5692,1576579773861.8943
326.4216,88679933253.00157,221202707859.1742
326.44162,0.0,0.0
326.46167,71082486804.59108,192696938269.60297
326.48172,18807423326.415497,19755498693.08725
326.50174,0.0,0.0
326.52179,0.0,0.0
326.54184,0.0,0.0
326.56189,0.0,0.0
326.58194,3653124386.1897416,3250875573.6052227
326.60199,34214311010.915947,46630492466.7497
326.62204,0.0,0.0
326.64209,0.0,0.0
326.66214,497500866526.77954,3240374154604.7783
326.68219,0.0,0.0
326.70224,0.0,0.0
326.72229,50087683740.67056,137617836748.8917
326.74234,509702857868.6814,744488466552.0276
326.76242,2186944930730.9324,3988614742793.504
326.78247,4403892296208.583,7121038702411.684
326.80255,2123911840541.728,1579956845715.0278
326.8226,1455937725256.1077,1577897704928.0825
326.84265,1235555406315.4287,2002282645898.9968
326.86273,310134608929.3568,505046409082.9047
326.88281,0.0,0.0
326.90286,22209722561.29017,82784113551.029
326.92294,0.0,0.0
326.94302,2741889324.5605845,1773572798.393959
326.96307,5094053864.971398,2282048234.784457
326.98315,0.0,0.0
327.00323,64143753538.07515,91037351725.7684
327.02332,45450513703.44014,62985113544.049416
327.0434,123787976015.3643,170215226701.94113
327.06348,295084737044.0866,476623327061.1868
327.08356,872225936823.1289,1639695867865.3655
327.10364,852463746741.9912,2135870426661.706
327.12372,443384970436.0234,1226135838074.692
327.1438,149007792125.96487,302793195386.0939
327.16388,0.0,0.0
327.18396,0.0,0.0
327.20407,68440727245.17726,74655982502.13414
327.22415,60021607226.1203,51206411145.66766
327.24423,275658219236.52,374015748180.0405
327.26434,146036626600.75677,448528153857.28107
327.28442,318726324176.6503,823234161084.4795
327.30453,0.0,0.0
327.32462,0.0,0.0
327.34473,0.0,0.0
327.36484,0.0,0.0
327.38492,0.0,0.0
327.40503,0.0,0.0
327.42514,260286290962.1892,319020849151.37744
327.44525,138863596762.76843,203530871270.74564
327.46533,753771989183.8793,1329163765077.0125
327.48544,336384224899.3344,545117271265.12463
327.50555,0.0,0.0
327.52567,0.0,0.0
327.54578,71876935792.36282,180560182577.83023
327.56589,303398678851.504,1114126796283.9631
327.58603,251381302638.74725,975839965175.5656
327.60614,0.0,0.0
327.62625,0.0,0.0
327.64636,339413094300.463,430931745347.6944
327.66647,0.0,0.0
327.68661,0.0,0.0
327.70673,0.0,0.0
327.72687,0.0,0.0
327.74698,0.0,0.0
327.76712,0.0,0.0
327.78723,0.0,0.0
327.80737,364802437245.6689,972386283094.578
327.82748,373985088349.9708,260779773273.1894
327.84763,335915980279.1604,434362139285.0733
327.86777,155260725589.60974,225749228199.59924
327.88791,0.0,0.0
327.90805,19098689385.24999,7310415929.698315
327.92816,0.0,0.0
327.9483,0.0,0.0
327.96844,256327868703.2447,493543002004.67816
327.98859,593990752617.1747,1036010809679.4648
328.00873,0.0,0.0
328.0289,0.0,0.0
328.04904,0.0,0.0
328.06918,461931140469.525,1655356654516.0784
328.08932,583929731934.654,1074285146069.0012
328.10947,471771790812.77374,1280568270692.9167
328.12964,0.0,0.0
328.14978,0.0,0.0
328.16995,110992586681.13258,187207453420.06555
328.19009,101539857879.78935,156076881060.89197
328.21024,307527619087.6232,497124591020.3326
328.23041,0.0,0.0
328.25058,0.0,0.0
328.27072,0.0,0.0
328.29089,15306405636.489182,20715667729.52034
328.31107,0.0,0.0
328.33121,0.0,0.0
328.35138,0.0,0.0
328.37155,24152778102.14897,20184775050.003567
328.39172,831547480699.747,692466263808.8655
328.4119,1020964279622.2944,1105767818027.2844
328.43207,513714224602.0661,732403320390.7961
328.45224,451287017977.56537,627236534478.2985
328.47241,0.0,0.0
328.49258,0.0,0.0
328.51276,0.0,0.0
328.53296,0.0,0.0
328.55313,13551618521.587072,16054720962.54935
328.5733,284230598971.9038,302657455902.5215
328.59351,956645331385.8632,1546857632583.4082
328.61368,0.0,0.0
328.63385,0.0,0.0
328.65405,0.0,0.0
328.67422,0.0,0.0
328.69443,0.0,0.0
328.71463,422377772845.29486,1344293707694.3516
328.7348,0.0,0.0
328.755,0.0,0.0
328.77521,0.0,0.0
328.79541,0.0,0.0
328.81558,364415079251.7716,1020932564064.3528
328.83578,212371941717.53543,380086310004.47394
328.85599,137891029218.76776,412827532891.9912
328.87619,0.0,0.0
328.89639,492201332405.3492,2737880052733.0874
328.9166,0.0,0.0
328.9368,265866108013.39783,667849584574.6766
328.95703,322189158209.0239,696628569254.4119
328.97723,19061452160.11725,32812800483.13143
328.99744,0.0,0.0
329.01764,0.0,0.0
329.03787,0.0,0.0
329.05807,17929145008.453255,45019237176.98066
329.07828,0.0,0.0
329.09851,0.0,0.0
329.11871,159370152570.72983,581281113550.1914
329.13895,0.0,0.0
329.15918,105958510548.43326,157324143634.63843
329.17938,0.0,0.0
329.19962,0.0,0.0
329.21985,259819104494.72076,273906450443.65677
329.24005,0.0,0.0
329.26028,0.0,0.0
329.28052,0.0,0.0
329.30075,0.0,0.0
329.32098,490156444628.7501,637927405369.2261
329.34122,0.0,0.0
329.36145,0.0,0.0
329.38168,0.0,0.0
329.40192,0.0,0.0
329.42215,0.0,0.0
329.44241,0.0,0.0
329.46265,0.0,0.0
329.48288,0.0,0.0
329.50314,0.0,0.0
329.52338,183230399304.78256,222246292905.15427
329.54361,120530741486.99406,132966641637.69952
329.56387,0.0,0.0
329.58414,12972842849.373384,28345610423.31033
329.60437,0.0,0.0
329.62463,0.0,0.0
329.64487,419719740663.8075,183264577093.7841
329.66513,679509867828.9023,437625597451.7286
329.68539,1097182851383.4412,1990435573042.8635
329.70566,248501958188.1201,663919371670.7933
329.72592,0.0,0.0
329.74615,621650665689.8792,1038617735614.504
329.76642,3855135105375.704,4536263741576.401
329.78668,4629760046834.513,7609773331439.738
329.80695,1524767565427.829,2209455784776.477
329.82721,224368220507.8849,175118543734.95062
329.8475,0.0,0.0
329.86777,0.0,0.0
329.88803,0.0,0.0
329.90829,60025307888.565445,205083732959.02493
329.92859,498964451037.6631,1228500478635.9373
329.94885,2018921567394.8352,2119549876060.5
329.96912,4014338087516.815,2673632665443.014
329.98941,2579484139761.585,1679870166922.0278
330.00967,350784558210.7546,354314665725.2152
330.02997,0.0,0.0
330.05023,0.0,0.0
330.07053,0.0,0.0
330.09082,0.0,0.0
330.11108,424870563279.8633,2771475920653.4004
330.13138,1894443630975.209,7771825382837.521
330.15167,2137276216992.324,2813243109043.3965
330.17197,686061366803.7087,599480386973.9003
330.19226,244596669356.61057,452943883111.314
330.21252,316701733676.8836,1259189995596.3862
330.23282,1776538361277.827,5740875388924.856
330.25311,3871892051178.36,7717602270399.678
330.27344,1508178294029.8828,4042448948684.1177
330.29373,271879739820.21933,596504621721.9838
330.31403,0.0,0.0
330.33432,149667609330.25214,195207875856.2884
330.35461,389855780563.65295,753936991811.5029
330.37494,0.0,0.0
330.39523,378856006457.9948,739332200888.6604
330.41553,0.0,0.0
330.43585,6958879616.877917,14482458773.898487
330.45615,114370095412.77756,251186183524.32028
330.47647,0.0,0.0
330.49677,0.0,0.0
330.51709,0.0,0.0
330.53738,111282533176.68526,240430117236.07828
330.55771,419541588012.2385,652717351426.7521
330.57803,0.0,0.0
330.59836,0.0,0.0
330.61868,0.0,0.0
330.63898,1100576328507.856,2399119915001.468
330.6593,3690837866227.024,8229222763690.843
330.67963,5704495906095.476,9881092873841.756
330.69995,1711694404964.172,2878897975805.368
330.72028,106276440132.06454,276219376923.3574
330.7406,254444262826.56924,833539696232.529
330.76096,300916669206.2669,783700246353.3448
330.78128,0.0,0.0
330.80161,560833065198.7977,914688513051.0424
330.82193,599492229106.6143,600011577401.9137
330.84229,2948854958482.042,3193629198579.0547
330.86261,3222760061181.1333,7239021755061.702
330.88293,703067504038.7976,2649520460945.692
330.90329,408600338671.9769,927492938798.3236
330.92361,1878701593678.158,1499490905106.5503
330.94397,7519042744195.672,5165381029496.241
330.96429,4125736483643.848,10392571253463.713
330.98465,914495555754.3188,3546438736385.674
331.005,356704162360.09766,795541785309.3406
331.02533,0.0,0.0
331.04568,77740693915.8446,138004141496.71692
331.06604,326021967783.67505,489027425316.9536
331.0864,349754262644.8633,326729060391.24646
331.10675,0.0,0.0
331.12711,0.0,0.0
331.14746,0.0,0.0
331.16782,311417241656.1274,1082904228488.128
331.18817,182099885501.4872,641627600896.0481
331.20853,0.0,0.0
331.22888,0.0,0.0
331.24924,45795586818.12889,152977866418.24185
331.26962,58556738867.91785,116428627791.65404
331.28998,0.0,0.0
331.31033,0.0,0.0
331.33072,0.0,0.0
331.35107,58078120961.01119,35508679233.39832
331.37146,0.0,0.0
331.39182,0.0,0.0
331.4122,0.0,0.0
331.43256,62903298302.17552,39311130534.2321
331.45294,226429489990.08743,101825272837.65352
331.47333,0.0,0.0
331.49371,0.0,0.0
331.51407,0.0,0.0
331.53445,0.0,0.0
331.55484,95696223627.7732,187521434198.65628
331.57523,58157036865.12278,89253263856.28741
331.59561,0.0,0.0
331.616,0.0,0.0
331.63638,0.0,0.0
331.65677,0.0,0.0
331.67715,0.0,0.0
331.69757,0.0,0.0
331.71796,0.0,0.0
331.73834,0.0,0.0
331.75876,0.0,0.0
331.77914,0.0,0.0
331.79953,0.0,0.0
331.81995,0.0,0.0
331.84033,0.0,0.0
331.86075,0.0,0.0
331.88116,206614203334.96155,603536179128.1605
331.90155,0.0,0.0
331.92197,216272541146.73425,648700703400.8846
331.94238,506396115109.5992,1478339961928.4863
331.96277,1056843193.4908727,2906397762.527378
331.98318,28246704909.28863,60746837237.84423
332.0036,0.0,0.0
332.02402,0.0,0.0
332.04443,0.0,0.0
332.06485,0.0,0.0
332.08527,9884868080.34078,15719748500.070965
332.10568,0.0,0.0
332.1261,0.0,0.0
332.14655,0.0,0.0
332.16696,0.0,0.0
332.18738,47162022860.695145,105818752487.70624
332.20782,18076283770.87649,33458710894.75829
332.22824,24082485803.697502,30205555613.10052
332.24866,163992811712.68716,213122269366.46155
332.2691,1785456574.0822003,2935693264.6536283
332.28952,0.0,0.0
332.30997,26972804911.34393,40577555343.56139
332.33041,0.0,0.0
332.35083,0.0,0.0
332.37128,12380235155.496948,20997047311.63068
332.39172,0.0,0.0
332.41214,0.0,0.0
332.43259,19832456827.37188,37662479944.26244
332.45303,9272784689.03933,17328978110.753418
332.47348,92405450713.73882,101848181250.00545
332.49393,130154611908.15266,111249218849.0302
332.51437,114156499419.50444,94359818218.74942
332.53482,0.0,0.0
332.55527,0.0,0.0
332.57571,0.0,0.0
332.59619,0.0,0.0
332.61664,371118551137.4168,277896178570.3905
332.63708,0.0,0.0
332.65753,0.0,0.0
332.67801,415389668706.552,978177107297.1008
332.69846,2284426359082.716,4279310984871.085
332.71893,2495345277220.227,4417836572483.137
332.73938,660385981082.3942,1270891582338.371
332.75986,528540888358.045,1223540477842.7046
332.7803,599534299715.1946,1304112768633.2195
332.80078,965412645687.2072,1086136568014.786
332.82126,2157926376491.8784,1030188291090.584
332.84171,743962496803.5869,898124047413.6979
332.86218,106524423718.0613,233390152521.12296
332.88266,228809259742.0684,388086311457.2984
332.90314,69599503849.15947,101648565250.384
332.92361,73838984796.48032,152930874600.72897
332.94409,0.0,0.0
332.96457,0.0,0.0
332.98505,294746477558.4499,613331202571.0023
333.00552,2069657996232.327,2826280884810.081
333.026,1984219052211.4265,2925716077131.8164
333.04648,690298583502.518,1520591552944.387
333.06696,0.0,0.0
333.08746,0.0,0.0
333.10794,177499974710.55582,533394830095.1351
333.12842,239109931319.7094,848758234662.2882
333.14893,224054417132.91965,736012719646.5337
333.1694,0.0,0.0
333.18991,0.0,0.0
333.21039,0.0,0.0
333.2309,193434368363.11017,312547695341.6993
333.2514,1833494160308.5137,5981172147661.457
333.27188,939996825417.5778,2440101846803.232
333.29239,0.0,0.0
333.3129,0.0,0.0
333.3334,0.0,0.0
333.35391,0.0,0.0
333.37439,85362843725.15623,154662019055.07333
333.3949,419603111813.1858,337604669456.46497
333.41541,0.0,0.0
333.43591,0.0,0.0
333.45645,0.0,0.0
333.47696,0.0,0.0
333.49747,0.0,0.0
333.51797,431529649663.742,136065344010.5324
333.53848,835022064256.441,277997379002.259
333.55902,834130232384.5552,1035553689989.4794
333.57953,3010644249149.3604,6345952466627.463
333.60004,8849117251237.164,18564872357052.61
333.62057,5165917501021.187,6581785101790.273
333.64108,1538594475567.1526,992660215342.8412
333.66162,631935986526.7473,408351617641.6202
333.68216,282876909255.8536,338274689342.28613
333.70267,0.0,0.0
333.72321,446552981330.073,781958344062.7042
333.74374,0.0,0.0
333.76425,0.0,0.0
333.78479,0.0,0.0
333.80533,60057030107.6122,73724048412.23918
333.82587,0.0,0.0
333.84641,0.0,0.0
333.86694,0.0,0.0
333.88748,210591557572.20343,542158507904.3691
333.90802,423304187079.0566,1446252393550.7874
333.92856,0.0,0.0
333.9491,0.0,0.0
333.96967,209416112137.9393,438769004418.4813
333.9902,745220921618.0175,1759148040288.6162
334.01074,594372801700.5867,1045761787680.1716
334.03131,1276575089870.1775,1382148185559.7314
334.05185,2768504515339.739,1922949626139.431
334.07239,1865904822901.2903,2156293168403.0176
334.09296,278639174429.019,826217334645.4916
334.11353,293048378017.47,811694244287.7983
334.13406,38650054451.26074,101030594910.25533
334.15463,0.0,0.0
334.17517,0.0,0.0
334.19574,59751031801.85034,243683967480.3437
334.21631,294463774322.8052,914275261260.8044
334.23688,0.0,0.0
334.25745,0.0,0.0
334.27802,53641456250.51844,116615645817.87453
334.29855,0.0,0.0
334.31912,0.0,0.0
334.33969,340765704829.47546,735738342460.4132
334.36029,208701645198.3264,203191061015.40155
334.38086,205754359258.57568,109393909117.97067
334.40143,0.0,0.0
334.422,40097352537.94001,25915572132.349937
334.44257,0.0,0.0
334.46317,0.0,0.0
334.48373,328616534239.6622,137509442309.87433
334.5043,79515541839.48753,73825410615.38707
334.5249,0.0,0.0
334.54547,0.0,0.0
334.56607,0.0,0.0
334.58667,0.0,0.0
334.60724,0.0,0.0
334.62784,99468995099.18246,149467115547.60345
334.64844,297019680557.32263,330669998383.8531
334.66901,438012498390.0236,341756249081.7742
334.68961,221109596930.296,81686214698.92267
334.71021,180010263257.8257,185424681756.1527
334.7308,450898227189.1735,1201437063123.2085
334.7514,18989054934.195614,57016805597.52965
334.772,105793495890.60213,222478103635.5409
334.7926,201849304847.1541,791784147932.9949
334.8132,30842695430.92841,235376178467.88043
334.8338,1313908478753.36,10201472110268.943
334.8544,2328973490153.301,11544527489619.363
334.87503,1043723343281.9796,2679894511977.1763
334.89563,0.0,0.0
334.91623,0.0,0.0
334.93686,116600964768.47516,197554373853.21973
334.95746,166319683776.93317,766761558597.6318
334.97806,0.0,0.0
334.99869,234567469196.78543,470420632126.2636
335.01929,508191229268.2988,371586684925.91833
335.03992,337485964635.7204,220764520479.4613
335.06055,48072100244.84246,41031264032.03864
335.08115,0.0,0.0
335.10178,220133835413.0592,385261903703.39233
335.12241,0.0,0.0
335.14304,113609520453.92735,181084434629.4745
335.16367,248871272977.3424,187920434862.1204
335.18427,158122513680.38928,115815747482.21176
335.2049,0.0,0.0
335.22552,0.0,0.0
335.24615,0.0,0.0
335.26682,149870348787.72897,249599592547.02603
335.28745,131323544027.19733,342480645886.39
335.30807,0.0,0.0
335.3287,0.0,0.0
335.34933,0.0,0.0
335.37,0.0,0.0
335.39062,0.0,0.0
335.41125,0.0,0.0
335.43192,0.0,0.0
335.45255,123534226439.7594,95255775980.2123
335.47321,0.0,0.0
335.49387,0.0,0.0
335.5145,0.0,0.0
335.53516,90552546398.9482,110291444210.99258
335.55582,0.0,0.0
335.57645,0.0,0.0
335.59711,0.0,0.0
335.61777,439590148135.08246,936585769991.8884
335.63843,365792806529.1731,573094348468.3583
335.65909,111408403715.51804,87910595717.36708
335.67975,0.0,0.0
335.70041,0.0,0.0
335.72107,310111697119.44904,189481830958.77325
335.74173,0.0,0.0
335.76239,0.0,0.0
335.78308,204741202074.57217,366925305482.9967
335.80374,194224073682.38165,241707719219.26956
335.8244,315941893882.0921,226817817750.95563
335.84509,0.0,0.0
335.86575,0.0,0.0
335.88641,0.0,0.0
335.9071,0.0,0.0
335.9278,0.0,0.0
335.94846,63849900827.49532,84863989039.0676
335.96915,389008420807.1303,537646110054.7341
335.98981,75389902517.38414,98924648191.85196
336.0105,0.0,0.0
336.03119,106576672076.8057,87864941120.78424
336.05188,0.0,0.0
336.07257,74979679095.81873,192115494579.5289
336.09326,382605910529.7263,457648063749.712
336.11395,313719174935.16003,289240975008.8127
336.13464,0.0,0.0
336.15533,58436193007.82468,33652621848.81594
336.17603,0.0,0.0
336.19672,0.0,0.0
336.21741,0.0,0.0
336.2381,0.0,0.0
336.25882,0.0,0.0
336.27951,51420172961.53185,56003798834.0711
336.3002,254033196443.74023,346162150699.7384
336.32092,225056369864.73355,522968800002.26447
336.34161,142883004717.89383,300786790604.2494
336.36234,326527153315.81226,614387123898.7797
336.38303,137083437741.76378,380832895526.5218
336.40375,193368400732.8778,616630312644.2592
336.42444,26494615313.763065,86603863192.25252
336.44516,0.0,0.0
336.46588,0.0,0.0
336.4866,0.0,0.0
336.50729,0.0,0.0
336.52802,7954184697.524184,8291767987.858201
336.54874,78854694499.39584,203079198008.6836
336.56946,0.0,0.0
336.59018,6399248618.737374,6750731355.627452
336.6109,183833750655.3845,89944584014.25969
336.63162,0.0,0.0
336.65237,0.0,0.0
336.6731,238707578556.85727,316285370284.4883
336.69382,0.0,0.0
336.71454,0.0,0.0
336.73529,123666782030.40485,122862913591.53566
336.75601,309336280564.4897,603074440385.4884
336.77673,623236515150.8872,511454024308.41547
336.79749,3106442490363.222,1677803106228.1626
336.81821,7224396539047.132,8298994664102.762
336.83896,4899180893396.871,8224448866500.717
336.85971,1895695270508.9888,2791975403260.197
336.88043,1711820054318.0815,1780567840008.4424
336.90118,1983822388548.0056,1824994189951.7085
336.92194,1471969730372.1108,2234770473729.611
336.94266,781245827291.6292,3092957121226.643
336.96341,973892454529.6232,3749829301910.688
336.98416,2811870817164.7007,5452166138250.316
337.00491,4884569464674.735,4602006412514.971
337.02567,3078881043418.996,6237758555946.296
337.04642,1094516183109.7084,3095193145188.367
337.06717,733138228373.7408,1103767104367.3923
337.08792,801397598229.2325,579377578355.9697
337.10867,2188203440037.576,1797796387592.3423
337.12946,2229537665257.9844,5682679017527.802
337.15021,1234645134061.77,3458710286879.839
337.17096,203831368897.2156,510780700182.6392
337.19171,2986023543.9909167,7624833440.16003
337.21249,134238941281.67584,189838777936.6152
337.23325,0.0,0.0
337.25403,0.0,0.0
337.27478,0.0,0.0
337.29556,0.0,0.0
337.31631,42145871971.428055,79334253779.86705
337.3371,0.0,0.0
337.35788,41844790868.76573,88788338377.23088
337.37866,0.0,0.0
337.39941,0.0,0.0
337.4202,53883794562.09687,56039057013.75175
337.44098,504102351480.7076,1605498716936.656
337.46176,856470266133.8632,3573172682461.25
337.48254,7508803894163.962,21470945141887.89
337.50333,13949146137319.742,25267271153387.81
337.52411,7544738148791.688,8470913475419.693
337.54489,1798654935895.553,2339954742671.6963
337.56567,348223064582.0167,217655095359.24203
337.58649,144904655224.269,54591951825.61783
337.60727,292693557889.3914,175133522906.34344
337.62805,123308901525.95251,127053328075.60158
337.64886,19004403483.372604,23952323841.345745
337.66965,210153244774.9931,142490073706.0939
337.69043,406597165717.4473,446009331748.35895
337.71124,498947461494.3255,617754481396.5852
337.73203,201323671598.24252,140839366461.4311
337.75284,0.0,0.0
337.77365,0.0,0.0
337.79443,257080381653.3979,185312980406.43643
337.81525,0.0,0.0
337.83606,0.0,0.0
337.85687,38167390665.86669,77746554401.74829
337.87766,0.0,0.0
337.89847,0.0,0.0
337.91928,0.0,0.0
337.94009,0.0,0.0
337.96091,85542748270.91838,123528401197.25282
337.98172,38258059215.79194,68623339130.23583
338.00253,0.0,0.0
338.02338,0.0,0.0
338.04419,0.0,0.0
338.065,0.0,0.0
338.08582,0.0,0.0
338.10666,0.0,0.0
338.12747,515453346544.8717,839228995912.7643
338.14832,244286175927.40723,518957806154.3853
338.16913,0.0,0.0
338.18997,686543582501.5836,1927340626360.111
338.21078,0.0,0.0
338.23163,0.0,0.0
338.25247,0.0,0.0
338.27328,214932318192.1891,308876327400.51624
338.29413,3827000883871.844,10179678794169.691
338.31497,9901430023014.465,32628119289299.96
338.33582,3925720102723.2656,8800551512724.139
338.35666,612393020923.9178,1090669656141.95
338.3775,585647642710.1375,898197270254.7046
338.39835,29761265217.94391,17424321092.801834
338.41919,111239577719.97946,69661658005.3228
338.44003,0.0,0.0
338.46088,0.0,0.0
338.48172,75487897593.04732,95840926780.25005
338.50256,0.0,0.0
338.52344,666019601346.4489,645262042616.7208
338.54428,1184048972005.8137,1012818199899.7078
338.56512,2463220999763.4946,986127560050.8508
338.586,1430529373820.881,882114946939.472
338.60684,34285291373.75993,27023982687.496147
338.62772,0.0,0.0
338.64856,0.0,0.0
338.66943,0.0,0.0
338.69028,48609848454.45408,72913199610.13055
338.71115,339275635831.0443,519077015960.0357
338.73203,0.0,0.0
338.7529,0.0,0.0
338.77377,0.0,0.0
338.79462,542550728951.50336,1655935241860.2795
338.81549,0.0,0.0
338.83636,0.0,0.0
338.85724,0.0,0.0
338.87811,0.0,0.0
338.89899,0.0,0.0
338.91989,0.0,0.0
338.94077,0.0,0.0
338.96164,0.0,0.0
338.98251,0.0,0.0
339.00342,0.0,0.0
339.02429,253224554795.8113,294440320781.0576
339.04517,0.0,0.0
339.06607,27837950482.618267,64954510497.61286
339.08694,166280588148.13968,446772520162.92426
339.10785,14555117189.82224,29552671159.7456
339.12875,0.0,0.0
339.14963,0.0,0.0
339.17053,135362541901.84172,288280249966.8034
339.19144,336371178383.7876,870198716087.7817
339.21234,0.0,0.0
339.23322,34289899632.64274,34154567847.15997
339.25412,0.0,0.0
339.27502,0.0,0.0
339.29593,509060790686.57697,871526440053.651
339.31683,146316331399.92233,347282538183.00854
339.33774,1015568567607.0186,2007729663226.7075
339.35864,0.0,0.0
339.37958,0.0,0.0
339.40048,0.0,0.0
339.42139,0.0,0.0
339.44229,630401407810.6678,2027447823818.9167
339.46323,0.0,0.0
339.48413,815034258618.6057,729917410132.0105
339.50507,643252101312.2515,438143741578.1941
339.52597,33176700305.066708,21899020745.263805
339.54691,1169578077713.0054,1735538709515.58
339.56781,3974785508124.28,12402390901204.312
339.58875,5800925631592.193,16833078249914.254
339.60965,1201156540036.1082,3366416193672.087
339.63058,8732153624.24065,19130400452.4787
339.65152,0.0,0.0
339.67245,0.0,0.0
339.69339,0.0,0.0
339.71432,0.0,0.0
339.73523,136906760275.39412,775580499219.7699
339.75616,217167666229.3248,613645451460.403
339.77713,74987426644.56595,69768449061.01746
339.79807,0.0,0.0
339.819,0.0,0.0
339.83994,285282635158.7556,435252504263.6675
339.86087,0.0,0.0
339.88181,0.0,0.0
339.90277,0.0,0.0
339.92371,185144291486.81143,58507545759.21079
339.94467,0.0,0.0
339.96561,0.0,0.0
339.98654,0.0,0.0
340.00751,0.0,0.0
340.02847,0.0,0.0
340.04941,0.0,0.0
340.07037,121545838220.89502,103822118825.77434
340.09134,172222313345.80655,354566453873.96124
340.11227,0.0,0.0
340.13324,0.0,0.0
340.15421,229613167509.58493,312499624754.37805
340.17517,217645064338.092,256030322122.4509
340.19614,92089387426.68262,130724383636.33807
340.2171,0.0,0.0
340.23807,0.0,0.0
340.25903,0.0,0.0
340.28,83805281784.37079,209500179154.1865
340.30099,98003657474.50658,153564777869.64777
340.32196,321595255784.9351,701619616953.816
340.34293,172922113781.91534,486375483450.564
340.36389,0.0,0.0
340.38489,0.0,0.0
340.40585,0.0,0.0
340.42685,0.0,0.0
340.44781,326267649120.82544,290581831056.96454
340.46881,0.0,0.0
340.48978,0.0,0.0
340.51077,304677729878.6928,458610367575.4934
340.53177,402847016931.4288,578452003647.2434
340.55276,722881778209.8671,941987017636.934
340.57373,481501419298.8363,514825649207.2795
340.59473,0.0,0.0
340.61572,194421276193.06503,495908263667.6508
340.63672,0.0,0.0
340.65771,0.0,0.0
340.67871,0.0,0.0
340.69971,240465775008.14243,303750036264.5962
340.7207,85062368160.64561,50839102619.32871
340.7417,0.0,0.0
340.76273,0.0,0.0
340.78372,0.0,0.0
340.80472,3163182371.916428,2946693438.662408
340.82574,0.0,0.0
340.84674,273816401450.3667,320925151698.78064
340.86774,283700001044.0902,220189699884.5104
340.88876,521646937209.66223,471551412226.8322
340.90976,483989832538.4576,345800932072.52094
340.93079,85938007595.48128,119184192490.30247
340.95181,291811064317.5924,308565902141.65326
340.97281,0.0,0.0
340.99384,0.0,0.0
341.01486,0.0,0.0
341.03589,124177515012.56732,224659380566.82224
341.05688,0.0,0.0
341.07791,26323036231.828136,49592438691.24925
341.09894,0.0,0.0
341.11996,330914038266.87585,282231776312.41754
341.14099,96092184496.05212,40782965431.75885
341.16202,0.0,0.0
341.18307,603011619133.3507,503496671084.4655
341.2041,0.0,0.0
341.22513,210568785529.7382,82766780562.84494
341.24615,5922867748.287519,11434959948.07403
341.26721,0.0,0.0
341.28824,200276949428.554,294361148888.7112
341.30927,92043491218.12424,140909260236.72522
341.33032,278740706124.4947,339630367700.6485
341.35135,156672496066.27112,63999921573.42177
341.37241,0.0,0.0
341.39346,0.0,0.0
341.41449,77641687583.72197,138331858589.1779
341.43555,154752382002.61963,214690272460.4448
341.4566,73685968723.81177,102455415886.27003
341.47763,1359660176212.594,2493733041845.62
341.49869,8686334815181.0625,20900848713239.973
341.51974,10238314602352.902,15053244644942.158
341.5408,3945480947954.224,4559009523486.872
341.56186,604143823870.5238,1208445449979.9534
341.58292,248538193653.8078,764655324872.555
341.60397,0.0,0.0
341.62503,0.0,0.0
341.64609,54072534723.66474,110479169255.35149
341.66718,359468269836.30994,317579014730.04376
341.68823,0.0,0.0
341.70929,0.0,0.0
341.73038,0.0,0.0
341.75143,0.0,0.0
341.77249,314270112497.1631,444655444101.3683
341.79358,975591351387.628,1463351905224.5647
341.81464,2941748374456.617,2571063934120.0566
341.83572,1834799803167.9844,2791970010344.047
341.85681,136197708830.77724,288339871319.9609
341.87787,374824976522.40985,730924669362.9742
341.89896,270960038690.95053,921104583009.7778
341.92004,0.0,0.0
341.94113,0.0,0.0
341.96219,47393123188.12004,103997374503.83565
341.98328,0.0,0.0
342.00436,0.0,0.0
342.02545,0.0,0.0
342.04654,49613851644.042816,32559123673.01272
342.06763,43077187562.19306,24802882247.03742
342.08875,572386585320.683,243476797377.2069
342.10983,1369873707719.1206,961514650784.0732
342.13092,4802246011956.308,7465187012437.256
342.15201,9437612448046.664,8136698942416.692
342.17313,6019744980557.296,3388034582713.8745
342.19421,1145239777374.1753,1017532477304.4684
342.2153,220401041657.4553,280143401063.6207
342.23642,0.0,0.0
342.25751,0.0,0.0
342.27863,0.0,0.0
342.29974,223186726436.06845,427520339820.38776
342.32083,323214174446.73944,198229081474.8217
342.34195,170531561397.93893,184393758677.77008
342.36307,213773749054.7192,320507584656.0325
342.38416,134976457570.22713,168934116418.4647
342.40527,0.0,0.0
342.42639,0.0,0.0
342.44751,153231716533.3981,65444656504.8671
342.46863,122816992995.30934,62506006824.88774
342.48975,144476298388.18378,188045551214.86923
342.51086,75602611692.46,104706939102.45096
342.53198,30459221407.936333,48090914100.25693
342.5531,130721560941.38312,161966000650.50708
342.57425,906177110112.329,556101390299.4479
342.59537,972248591208.0406,1528096933148.4558
342.61649,413469881969.0776,609395464723.2317
342.63763,267262463484.9828,244638140450.74225
342.65875,70995928970.24979,60599184324.98704
342.67987,0.0,0.0
342.70102,0.0,0.0
342.72214,16750439101.447767,11377294419.555311
342.74329,139480909382.53033,40219186524.57742
342.76443,279323786112.9343,211882918866.67563
342.78555,112488792201.30132,116624121852.54128
342.8067,0.0,0.0
342.82785,54763334699.591576,122081891685.96413
342.849,122500841504.02676,272797257095.78015
342.87012,238975606667.2592,163025496787.6916
342.89127,14948201189.198866,19146011731.35943
342.91241,0.0,0.0
342.93356,0.0,0.0
342.95471,573065222773.5707,323227676142.6574
342.97586,813098318300.0624,346917972402.456
342.99704,275075198229.0756,175635417770.38644
343.01819,0.0,0.0
343.03934,0.0,0.0
343.06049,0.0,0.0
343.08167,0.0,0.0
343.10281,128753860758.1508,195902106025.92947
343.12396,176623288216.8448,436273122288.2189
343.14514,364579750926.4852,828157608435.9663
343.16629,259426605677.16495,434995870907.0636
343.18747,127756044816.47316,136353440793.14224
343.20862,115851382767.31969,76324250440.22542
343.2298,100179517972.4678,127471685811.1204
343.25098,456628319870.18176,496225522538.9248
343.27216,2487036616706.8022,2721175213108.9434
343.2933,5426107167646.147,11571610384971.3
343.31448,3617962844644.709,12375016864576.682
343.33566,754262433664.4619,2407249338504.053
343.35684,214988653568.9574,436348283557.87744
343.37802,0.0,0.0
343.3992,0.0,0.0
343.42038,0.0,0.0
343.44156,138916550569.93033,120061484682.71666
343.46274,1263240659082.0256,1574471745630.1123
343.48395,2038799039556.1084,2459114945303.132
343.50513,1128646372823.732,1279844827037.424
343.52631,253280434245.21036,357199948076.63794
343.54752,42234943297.84679,44457714493.15473
343.5687,0.0,0.0
343.58987,0.0,0.0
343.61108,155919608832.7262,442684118270.77606
343.63226,0.0,0.0
343.65347,0.0,0.0
343.67468,0.0,0.0
343.69586,0.0,0.0
343.71707,203769606536.58615,141080729210.54245
343.73828,89794033331.1102,133496465546.6625
343.75949,0.0,0.0
343.78067,402512709939.7865,615916988525.5703
343.80188,0.0,0.0
343.82309,0.0,0.0
343.8443,0.0,0.0
343.86551,21345625961.786846,35805353469.81358
343.88672,196558949661.34552,301028251719.0692
343.90796,305920205007.2182,335424202883.0301
343.92917,62591909436.68839,52423403321.3717
343.95038,247138417125.32547,414899882860.7498
343.97159,0.0,0.0
343.99283,0.0,0.0
344.01404,0.0,0.0
344.03525,0.0,0.0
344.05649,56373174564.5885,48543129997.35992
344.0777,0.0,0.0
344.09894,0.0,0.0
344.12018,18664914244.54476,23882655117.33353
344.14139,0.0,0.0
344.16263,0.0,0.0
344.18387,232379534860.18085,172442253065.7672
344.20511,1382609182107.6848,1390138328743.317
344.22632,1249377148297.2156,1216924248133.859
344.24756,252036837286.3065,293301076459.6202
344.2688,723970359820.8684,871343848374.8678
344.29004,571157014144.3483,764299256327.7057
344.31128,1478013147293.7944,2099232319837.8445
344.33252,703911985335.0684,1056421070945.1102
344.35379,224216742571.90625,436771743008.8016
344.37503,150889019381.7252,254593061119.92056
344.39627,156183665488.6217,291376920995.8681
344.41751,277180938655.7082,631176495996.8447
344.43875,0.0,0.0
344.46002,0.0,0.0
344.48126,184478663660.43533,272096024138.2469
344.50253,420252581640.9446,696483629302.8129
344.52377,0.0,0.0
344.54504,0.0,0.0
344.56628,0.0,0.0
344.58755,0.0,0.0
344.60883,0.0,0.0
344.63007,0.0,0.0
344.65134,0.0,0.0
344.67261,0.0,0.0
344.69388,0.0,0.0
344.71515,0.0,0.0
344.73642,0.0,0.0
344.75769,93774438583.0536,73675913394.80994
344.77896,0.0,0.0
344.80023,0.0,0.0
344.8215,2382352561.3794146,3503477921.4837966
344.84277,0.0,0.0
344.86407,310833867494.1627,770877496492.2021
344.88535,0.0,0.0
344.90662,203598078393.8109,415136137290.9184
344.92792,0.0,0.0
344.94919,20027974147.02827,17975430984.857864
344.97049,0.0,0.0
344.99176,0.0,0.0
345.01306,0.0,0.0
345.03433,0.0,0.0
345.05563,48926847385.08634,281812303283.21967
345.07693,548390267237.7801,2019612369317.1875
345.09821,124985847514.60509,233697319598.50803
345.11951,0.0,0.0
345.14081,0.0,0.0
345.16211,0.0,0.0
345.18341,0.0,0.0
345.20471,0.0,0.0
345.22601,0.0,0.0
345.24731,0.0,0.0
345.26862,0.0,0.0
345.28992,0.0,0.0
345.31125,0.0,0.0
345.33255,0.0,0.0
345.35385,0.0,0.0
345.37518,0.0,0.0
345.39648,0.0,0.0
345.41782,547908242384.67975,838999655116.7657
345.43912,0.0,0.0
345.46045,0.0,0.0
345.48175,0.0,0.0
345.50308,0.0,0.0
345.52441,49885479891.71146,59029061030.20632
345.54572,15215684914.660408,15976787174.448496
345.56705,0.0,0.0
345.58838,0.0,0.0
345.60971,0.0,0.0
345.63104,0.0,0.0
345.65237,0.0,0.0
345.67371,50307402101.09311,69912235399.93329
345.69504,421659761541.6035,553480204095.0806
345.71637,234197254181.21024,421074427696.242
345.7377,0.0,0.0
345.75906,134710369395.42606,77493769793.91064
345.7804,397213875992.2531,112888970557.15918
345.80173,2425852205770.263,3035532169763.7954
345.82306,9413570124667.482,4733485363581.448
345.84442,13681811392977.535,10252129805987.943
345.86575,3080716155265.1714,3658795579891.928
345.88712,438232945146.8006,477144218617.2944
345.90845,78415808250.34926,151572362438.17282
345.92981,131743331339.74551,164989920631.63486
345.95117,55666928465.633736,57228797127.459946
345.9725,175652640100.66104,103155955701.61598
345.99387,0.0,0.0
346.01523,0.0,0.0
346.03659,0.0,0.0
346.05795,0.0,0.0
346.07932,0.0,0.0
346.10065,337199263347.40063,170552965288.27032
346.12204,0.0,0.0
346.1434,0.0,0.0
346.16476,163764170581.2547,115396204528.88338
346.18613,443661990481.5784,532647728718.143
346.20749,0.0,0.0
346.22885,0.0,0.0
346.25024,0.0,0.0
346.27161,5938488544.110251,18014137955.29418
346.29297,1346012681060.6885,3572003472582.958
346.31436,1652592504738.2356,3234184957024.5547
346.33572,352213725788.0475,845548812599.2941
346.35712,0.0,0.0
346.37848,0.0,0.0
346.39987,0.0,0.0
346.42126,141782274062.54416,150159215039.68677
346.44263,161544908830.51428,168384376217.79773
346.46402,152526433683.13852,242056638299.0392
346.48541,0.0,0.0
346.50681,128896346754.17451,103760361883.35304
346.5282,1535095907202.405,609978758521.9485
346.54959,1486372131932.25,1799397525390.5076
346.57098,583942408985.4338,873415452714.4003
346.59238,109684600395.93571,232415712191.7351
346.61377,0.0,0.0
346.63516,121378509780.21356,135753858183.0669
346.65656,0.0,0.0
346.67798,0.0,0.0
346.69937,60656656419.07749,35088529902.00146
346.72076,0.0,0.0
346.74219,0.0,0.0
346.76358,0.0,0.0
346.785,0.0,0.0
346.8064,116554327921.13892,126546556045.56706
346.82782,82174765021.16707,115277170634.6107
346.84921,0.0,0.0
346.87064,0.0,0.0
346.89206,1788021988.253519,5020096113.90386
346.91345,155818413986.11017,359161945559.6007
346.93488,0.0,0.0
346.9563,0.0,0.0
346.97772,0.0,0.0
346.99915,0.0,0.0
347.02057,0.0,0.0
347.04199,0.0,0.0
347.06342,0.0,0.0
347.08484,0.0,0.0
347.10626,0.0,0.0
347.12772,0.0,0.0
347.14914,0.0,0.0
347.17056,287875512638.1545,291115188930.0152
347.19202,264953001073.056,194799303538.4858
347.21344,145506075310.1842,138133101172.26425
347.23489,140263857876.10275,156647494954.40637
347.25632,0.0,0.0
347.27777,0.0,0.0
347.29919,0.0,0.0
347.32065,0.0,0.0
347.3421,89235471943.82803,129319515491.6304
347.36353,129341165421.23547,118608729015.73088
347.38498,234271423053.31863,238535299925.3555
347.40643,129533238437.17175,186485645203.7764
347.42789,1814567118.803605,2334058904.9556923
347.44934,20138325458.792786,27910739390.59561
347.47079,225345102313.56985,322099689489.8493
347.49225,431503710359.6332,464424376982.35065
347.5137,753408693847.9677,546023531238.5596
347.53516,824287100593.0908,331262750598.3086
347.55661,39126156711.04026,8734054852.961287
347.57806,0.0,0.0
347.59955,0.0,0.0
347.621,130002725885.58395,42105270039.31643
347.64246,274321086604.04584,136516082000.52583
347.66394,133623721959.3399,80946479962.4806
347.68539,0.0,0.0
347.70688,79229357628.17114,71487923935.5026
347.72833,114931089054.4397,105134137607.64671
347.74982,0.0,0.0
347.7713,0.0,0.0
347.79276,0.0,0.0
347.81424,1300062585.288003,1697301848.77572
347.83572,0.0,0.0
347.85721,44155233721.49774,73977899185.75552
347.87869,0.0,0.0
347.90018,1249073302.302876,634118204.4861054
347.92166,35248846862.052345,23272498465.403576
347.94315,2153876524.388327,2591892379.107448
347.96463,7575044313.076896,12820479787.935308
347.98611,134844293008.7651,218860942591.8185
348.0076,320622520262.6045,367684577868.4574
348.02908,550667848293.2548,473387945078.7793
348.05057,138547340050.2908,188180360709.4359
348.07208,0.0,0.0
348.09357,0.0,0.0
348.11505,0.0,0.0
348.13657,200749346360.86307,199337140082.1916
348.15805,518647831536.8496,274047876573.6394
348.17957,840205628350.1406,397710338995.041
348.20108,2574891953002.5474,1519727115615.6868
348.22256,4500071701333.663,6007548773345.929
348.24408,1571494553485.2937,2723393007744.9595
348.26559,494843904542.9644,456204100091.59454
348.28708,358628339549.3103,382936658872.0768
348.30859,31651552282.53615,65462640990.98487
348.33011,8391338963.334352,12638943928.235888
348.35162,6356290635.346081,8547432532.961439
348.37314,0.0,0.0
348.39465,0.0,0.0
348.41617,0.0,0.0
348.43768,0.0,0.0
348.4592,0.0,0.0
348.48074,0.0,0.0
348.50226,0.0,0.0
348.52377,66459274253.73442,42813500297.94625
348.54532,67191596624.87015,78704041376.94104
348.56683,0.0,0.0
348.58835,83356550052.96349,44007822602.66972
348.60989,0.0,0.0
348.63141,0.0,0.0
348.65295,135995460725.04276,178267004005.60126
348.6745,50280094532.3326,116698803029.7384
348.69601,19524780746.468384,18370518200.6818
348.71756,19536678674.38771,28807009751.774597
348.73911,21886624257.216743,35061709562.55539
348.76065,0.0,0.0
348.7822,0.0,0.0
348.80374,21469595267.35736,2743573634.9419904
348.82526,51356226345.630775,8807327755.375135
348.8468,0.0,0.0
348.86838,19809960993.97305,10677236812.878504
348.88992,0.0,0.0
348.91147,244066721226.58563,155287790001.03827
348.93301,957224943502.096,722600215795.455
348.95456,3749192249282.4976,5734072963194.551
348.97614,4732557934007.832,3993942214324.167
348.99768,1275618732744.6917,1811926959099.0293
349.01923,81785450889.71448,57549878936.78714
349.0408,0.0,0.0
349.06235,0.0,0.0
349.08392,0.0,0.0
349.10547,493129219827.9783,242920504976.30875
349.12704,0.0,0.0
349.14862,0.0,0.0
349.17017,0.0,0.0
349.19174,181708363245.85092,149472917272.39212
349.21332,125856784050.45036,85891868187.39706
349.23489,181458212591.72836,175546427453.8663
349.25647,0.0,0.0
349.27805,0.0,0.0
349.29962,0.0,0.0
349.3212,0.0,0.0
349.34277,694013718183.4172,449570371113.16144
349.36435,563090758823.7574,873759105206.155
349.38593,353740582531.1735,422931080504.8712
349.40753,166996117121.07916,212520118777.7528
349.42911,70902428283.19716,71843532441.71707
349.45068,289494218319.9263,501956710964.8556
349.47229,262545102515.99588,652941311874.8169
349.49387,119304760055.91849,177578853167.7618
349.51547,0.0,0.0
349.53705,0.0,0.0
349.55865,71831225799.76392,52010918556.64464
349.58023,0.0,0.0
349.60184,12497993564.906431,17052757786.404203
349.62344,0.0,0.0
349.64502,387788340718.2764,631076653493.5355
349.66663,892055391444.3562,1089492527387.1056
349.68823,356542085422.9233,334289287732.8524
349.70984,0.0,0.0
349.73145,17216237185.21143,16187846489.938429
349.75305,121839986193.0401,108422284998.25684
349.77466,182787347475.25293,277037579056.5198
349.79626,191031489643.4757,232507730341.64053
349.81787,576533731127.6088,572892170032.8185
349.83951,532959263031.6644,607880519876.4
349.86111,88857754355.43819,129286350239.29823
349.88272,0.0,0.0
349.90433,0.0,0.0
349.92596,292518588182.89514,375595571792.0857
349.94757,427119882859.23584,505722862491.0481
349.96921,759237594091.4713,1180504155475.6006
349.99081,908665724555.438,1016375862367.23
350.01245,1194705881881.9197,635802311865.6976
350.03409,4430526194898.836,6092532948601.272
350.05569,5270479545717.932,3557362326228.6875
350.07733,2148798942513.1855,1190924288899.8413
350.09897,347487862091.45605,248545554168.61526
350.12061,49956129160.955215,32822616277.081142
350.14221,168267107420.2892,43462082513.74771
350.16385,124418639773.4407,35539828677.3802
350.18549,44515629014.0622,49191159958.49184
350.20712,11083486609.401234,16606735101.76645
350.22876,0.0,0.0
350.2504,0.0,0.0
350.27206,16948568283.452888,13504773558.03689
350.2937,0.0,0.0
350.31534,0.0,0.0
350.33698,201467344397.4341,122788102011.13722
350.35864,0.0,0.0
350.38028,0.0,0.0
350.40192,0.0,0.0
350.42358,29681323361.240173,39488082793.19007
350.44525,273519292779.07208,340928743119.0273
350.46689,635900306155.6997,649564568224.6326
350.48856,829782520350.4968,1060947531865.474
350.51019,434611703729.4125,386564341065.4445
350.53186,296154805020.1972,529522489954.0064
350.55353,216380705626.48663,648238730196.7083
350.5752,146272864678.31525,331472340786.54584
350.59686,349205825900.4773,449728453626.864
350.6185,145056089137.38477,200859381445.81384
350.64017,0.0,0.0
350.66183,58026277549.03616,30601347131.23491
350.68353,502934040507.2282,620064976175.4707
350.7052,726290205220.5493,1447124022927.6477
350.72687,1760490665243.6345,3674013787710.7583
350.74854,1351479522255.6692,2608218021374.284
350.7702,27909608803.81844,61711996383.609856
350.7919,25682086135.136192,47137661009.58875
350.81357,0.0,0.0
350.83524,0.0,0.0
350.85693,0.0,0.0
350.8786,97680848172.56989,158085473761.29184
350.9003,0.0,0.0
350.92197,0.0,0.0
350.94366,0.0,0.0
350.96536,0.0,0.0
350.98703,19063724255.862263,19344596997.80589
351.00873,105868015238.2295,206593621854.7319
351.03043,0.0,0.0
351.05212,191147931666.5272,373031054486.0653
351.07382,2145212474.6946585,2149942819.9878607
351.09552,0.0,0.0
351.11722,21287842002.116634,30807606120.90674
351.13892,0.0,0.0
351.16061,0.0,0.0
351.18231,0.0,0.0
351.20401,184086973913.9977,196556320514.762
351.22571,0.0,0.0
351.24744,0.0,0.0
351.26913,0.0,0.0
351.29083,0.0,0.0
351.31256,0.0,0.0
351.33426,25257138413.25515,34076096154.419437
351.35599,62737171524.65603,33420698308.68337
351.37772,0.0,0.0
351.39941,0.0,0.0
351.42114,47478542186.054825,107359285984.3727
351.44287,93936306782.56346,160656586507.05112
351.46457,23597615412.687016,16914503575.51912
351.4863,0.0,0.0
351.50803,18930716528.062435,9309841351.357714
351.52975,47172718075.30603,39085606279.44041
351.55148,0.0,0.0
351.57321,0.0,0.0
351.59494,0.0,0.0
351.61667,0.0,0.0
351.6384,3494522578.421036,5134037222.787662
351.66013,0.0,0.0
351.68188,0.0,0.0
351.70361,0.0,0.0
351.72534,3360735475.1523457,3969740184.261085
351.7471,0.0,0.0
351.76883,0.0,0.0
351.79059,0.0,0.0
351.81232,0.0,0.0
351.83408,0.0,0.0
351.8558,31080756479.39444,44433856729.35983
351.87756,165285112289.85147,145430266702.7821
351.89932,0.0,0.0
351.92108,0.0,0.0
351.94281,0.0,0.0
351.96457,0.0,0.0
351.98633,0.0,0.0
352.00809,0.0,0.0
352.02985,5162499434.913704,5996905299.683353
352.05161,123062770034.50682,43404741106.88026
352.07336,0.0,0.0
352.09515,15685285212.831514,16389564965.950748
352.11691,114774668193.71524,38141052972.648346
352.13867,315405254184.3138,189940884241.45157
352.16043,1614516173492.2488,1308641797951.8916
352.18222,1281146773451.5483,1366209415537.233
352.20398,236011035548.64783,56231937925.32508
352.22574,0.0,0.0
352.24753,135857910887.3072,74849005694.45253
352.26932,0.0,0.0
352.29108,132472397339.6256,160310415686.8371
352.31287,0.0,0.0
352.33463,33123019621.710808,53353580241.54878
352.35641,0.0,0.0
352.3782,0.0,0.0
352.39999,8424106225.445943,12399983459.113808
352.42178,32697501431.67459,91223797718.9655
352.44357,0.0,0.0
352.46536,198782898655.04572,270353731614.38797
352.48715,0.0,0.0
352.50894,0.0,0.0
352.53073,0.0,0.0
352.55252,0.0,0.0
352.57431,136995021568.19868,256947673728.3181
352.5961,0.0,0.0
352.61792,113885656321.60826,32722325107.69958
352.63971,0.0,0.0
352.6615,0.0,0.0
352.68332,0.0,0.0
352.70511,0.0,0.0
352.72693,53046120669.05538,40204795918.65234
352.74875,0.0,0.0
352.77054,0.0,0.0
352.79236,0.0,0.0
352.81418,152885785963.45026,277313347030.775
352.83597,116407801605.2191,192973831578.8029
352.85779,138060836645.83627,115000006619.57072
352.87961,946697586351.964,886650441634.4128
352.90143,3252176092128.447,2142592815431.5488
352.92325,2254509759563.1035,848065806008.5868
352.94507,614947519982.1783,326667520723.3794
352.96689,116604108979.0514,75429143384.1969
352.98871,114952071028.70782,163901248650.1732
353.01053,0.0,0.0
353.03238,749192603720.133,231363377708.88284
353.0542,2177565196762.1492,3167933357679.1294
353.07602,1189463935835.652,2207647364378.0967
353.09787,224155148015.246,194875702615.99463
353.11969,103551288568.41362,118185890765.442
353.14151,158482736709.45905,267119593540.51892
353.16336,97306323514.13586,121317328773.48463
353.18521,51069591618.41074,31577113303.5842
353.20703,125624029548.71396,123989846698.76622
353.22888,0.0,0.0
353.2507,0.0,0.0
353.27255,0.0,0.0
353.2944,0.0,0.0
353.31625,110375376612.34064,71517361103.50203
353.3381,15077273014.681612,6821929207.672701
353.35995,0.0,0.0
353.38181,0.0,0.0
353.40366,0.0,0.0
353.42551,0.0,0.0
353.44736,0.0,0.0
353.46921,621153670982.9829,520568785660.3184
353.49106,955502397427.2288,232269965622.55496
353.51294,347427577063.65234,66311427901.012665
353.53479,0.0,0.0
353.55664,74262762604.72423,53864456323.65839
353.57852,70474242160.80826,72878273656.94235
353.60037,58658237155.723816,76802277311.71413
353.62225,0.0,0.0
353.6441,0.0,0.0
353.66599,0.0,0.0
353.68787,0.0,0.0
353.70972,0.0,0.0
353.7316,33920115735.75848,69102076922.49463
353.75348,0.0,0.0
353.77536,0.0,0.0
353.79724,190082971039.8029,267826094208.28305
353.81909,510628871997.685,398959891924.6491
353.84097,647597279804.3202,268363647658.7052
353.86288,272248682471.4494,135163639242.89162
353.88477,75603484630.07156,44096213031.84614
353.90665,47330818752.952194,40935420031.12666
353.92853,0.0,0.0
353.95041,252150276011.00543,236620344238.53503
353.97229,1210673339895.3494,991938837624.547
353.9942,958514152041.884,1107645908063.7705
354.01608,431538271931.9755,854469175828.04
354.03799,357106942108.0044,1007986156824.5784
354.05988,1778413606814.477,5242094439217.735
354.08179,3409810947096.645,9261894561813.684
354.10367,1897350308370.0488,3189058815617.616
354.12558,292192778395.9241,277537413467.5664
354.14746,0.0,0.0
354.16937,0.0,0.0
354.19128,80113661907.85402,61166778582.0795
354.2132,92784006615.34114,47592056469.12245
354.23511,0.0,0.0
354.25702,0.0,0.0
354.2789,0.0,0.0
354.30081,0.0,0.0
354.32275,0.0,0.0
354.34467,13024229068.29388,17860114104.286266
354.36658,21265259582.587826,33218069323.23018
354.38849,31779433295.53414,38997240255.431564
354.4104,39306055310.60432,24273935199.147457
354.43234,0.0,0.0
354.45425,0.0,0.0
354.47617,0.0,0.0
354.49811,0.0,0.0
354.52002,0.0,0.0
354.54196,0.0,0.0
354.56387,45989568318.40244,15394646733.030512
354.58582,0.0,0.0
354.60776,0.0,0.0
354.62967,0.0,0.0
354.65161,46477818434.85473,70670978928.36594
354.67355,153209523222.21628,328294379608.22107
354.6955,96650224079.83138,142419381304.4399
354.71744,1613714225.6784527,1914589151.757396
354.73938,68270962084.73689,91378705498.34537
354.76132,51984677125.80057,44149735058.26907
354.78326,0.0,0.0
354.80521,1598797143.7228527,864690235.9075544
354.82715,0.0,0.0
354.84909,0.0,0.0
354.87103,0.0,0.0
354.89301,24009865347.52354,17853517993.451717
354.91495,57851585364.085335,45346233047.816086
354.93692,92172698454.49948,101100699575.03036
354.95886,52801831282.97464,85160628440.61783
354.9808,0.0,0.0
355.00278,0.0,0.0
355.02475,0.0,0.0
355.04669,0.0,0.0
355.06866,0.0,0.0
355.09064,7023883022.978256,4148739834.6039934
355.11258,62603860582.0088,66284592548.2135
355.13455,101074358234.934,67778677750.2803
355.15652,13784462281.530027,14719134046.028015
355.1785,106379452187.81915,115542682992.72308
355.20047,130714694151.2001,32526286295.959507
355.22244,348636028723.0072,143059591613.4767
355.24442,266523796231.01868,76734522938.94159
355.26639,324259417941.5821,246488671626.35013
355.28839,518378015296.3797,540603017662.9938
355.31036,822691845909.1515,909460096048.8932
355.33234,451189534746.11975,388055568724.0868
355.35431,152227078138.23615,86725320958.47368
355.37631,229994713462.14008,96704683664.8254
355.39828,144381366801.49344,183977352595.32025
355.42029,160376840509.16583,184314868904.18948
355.44226,408866965945.58295,246557108862.9853
355.46426,1789996527340.2258,994415794341.9418
355.48624,1509435322688.6914,1414515343201.1506
355.50824,2400294294646.2744,1303111814060.423
355.53024,562327474210.9861,414684308250.47534
355.55222,0.0,0.0
355.57422,28194368894.89476,18203055726.285538
355.59622,70677955089.30725,17235238326.632977
355.61823,0.0,0.0
355.64023,71814888686.38506,27164507547.21781
355.66223,45625940747.04347,20086688003.31609
355.68423,0.0,0.0
355.70624,17917494507.257683,17587313629.1728
355.72824,6316156183.550769,8810345079.679907
355.75024,34130043578.05145,47078189787.328224
355.77228,71495900284.29802,74306687616.50446
355.79428,0.0,0.0
355.81628,0.0,0.0
355.83832,0.0,0.0
355.86032,12297658875.289558,8304015105.969666
355.88232,10158525882.772873,5709403143.471114
355.90436,29656099923.99719,14571064620.575548
355.92639,0.0,0.0
355.94839,54592248168.044174,14266471755.99372
355.97043,0.0,0.0
355.99246,0.0,0.0
356.01447,0.0,0.0
356.0365,0.0,0.0
356.05853,43527597316.69553,36936631929.58654
356.08057,232054992364.3261,418536318258.1023
356.1026,0.0,0.0
356.12463,0.0,0.0
356.14667,126794030997.54214,153180190097.63828
356.1687,0.0,0.0
356.19073,0.0,0.0
356.21277,71507977542.16249,57818437280.283264
356.23483,1053092356117.0796,550556919902.9257
356.25687,850099315007.931,616635694057.2153
356.2789,71428538845.37335,83119873305.7947
356.30096,98268465135.30878,122146964044.48558
356.323,0.0,0.0
356.34506,0.0,0.0
356.3671,50464226597.651855,10777162056.735111
356.38916,17163274509.314877,8927713168.337772
356.41119,40052116157.83057,34762579245.55849
356.43326,111102951442.15472,57403739984.425385
356.45532,165768780907.65793,59921496792.00304
356.47739,104658104503.0543,69643114366.56467
356.49942,464863450496.11176,351103445966.8487
356.52148,1953803269096.6384,1759139913330.266
356.54355,2077464617346.076,1621620210961.1953
356.56561,442454905030.40326,266737214969.5593
356.58768,15221777555.27305,8735733503.535797
356.60974,7643029596.404801,5069477469.3156185
356.63181,0.0,0.0
356.6539,238317093380.27283,239748659988.2176
356.67596,44527133680.626656,56321318588.61362
356.69803,619878920094.5061,563449130698.2186
356.72009,4310144129814.618,2064327123692.2373
356.74219,3334033358336.403,1275709976218.473
356.76425,905015310962.9016,547219437469.4348
356.78635,113900462719.63588,110704976433.96771
356.80841,0.0,0.0
356.83051,0.0,0.0
356.85257,62405297065.95992,46482218140.42928
356.87466,0.0,0.0
356.89676,0.0,0.0
356.91882,108261178329.8155,73135560346.10744
356.94092,0.0,0.0
356.96301,18956526187.433502,14130038482.375216
356.98511,122662120761.05566,158334546744.59042
357.0072,12824207780.884571,15124177583.834164
357.0293,54757026544.2974,98124902428.5067
357.05139,77196351575.01227,142871750658.0846
357.07349,0.0,0.0
357.09558,0.0,0.0
357.11768,0.0,0.0
357.1398,0.0,0.0
357.1619,180700729232.05487,164770053506.31
357.18399,41892126412.00004,78938394987.05055
357.20612,102404956766.32024,256834546397.08627
357.22821,197904548306.3052,473793921684.50446
357.25031,125154443879.74368,210011477382.8893
357.27243,0.0,0.0
357.29456,0.0,0.0
357.31665,0.0,0.0
357.33878,0.0,0.0
357.3609,0.0,0.0
357.383,0.0,0.0
357.40512,29950910672.62153,35495333388.61334
357.42725,91544969164.69878,131754651116.62093
357.44937,0.0,0.0
357.4715,1283351744.205477,1654224755.672142
357.49362,0.0,0.0
357.51575,104370053882.8898,165719605311.024
357.53787,140811537318.73245,505202796163.3793
357.56,0.0,0.0
357.58212,0.0,0.0
357.60428,65773731387.49154,341965739989.98615
357.6264,0.0,0.0
357.64853,0.0,0.0
357.67068,0.0,0.0
357.69281,0.0,0.0
357.71497,0.0,0.0
357.73709,139345419464.78174,113727424555.54704
357.75925,156818235167.51904,131056455630.61407
357.7814,165484513357.46375,47468937816.72157
357.80353,101053655253.06348,10155556615.390257
357.82568,0.0,0.0
357.84784,0.0,0.0
357.87,8173330953.785343,15557398954.481745
357.89212,0.0,0.0
357.91428,0.0,0.0
357.93643,11337387320.581808,5953150642.4064245
357.95859,135976544320.51352,239018188243.76584
357.98074,235817257351.33133,526583384187.0709
358.00293,0.0,0.0
358.02509,0.0,0.0
358.04724,0.0,0.0
358.0694,0.0,0.0
358.09158,80168963738.76207,92895448579.75424
358.11374,0.0,0.0
358.13589,0.0,0.0
358.15808,5281558352.434135,5005483912.517165
358.18024,0.0,0.0
358.20242,0.0,0.0
358.22461,135228196736.5402,85539025071.29625
358.24677,33178908019.744843,13785718563.011667
358.26895,0.0,0.0
358.29114,0.0,0.0
358.31332,0.0,0.0
358.33548,87427937681.9852,88060065421.47559
358.35767,0.0,0.0
358.37985,143540942734.66058,121481890244.84532
358.40204,45355873292.861786,31028429837.782444
358.42422,450429708254.1363,374770825083.9943
358.44641,322340172851.0672,467236296603.034
358.46863,198573667653.58368,205340722003.4307
358.49081,50306472164.33282,24291440890.884533
358.513,125432639002.41795,157014012469.3491
358.53519,70466868682.63635,120753365854.07788
358.5574,0.0,0.0
358.57959,0.0,0.0
358.60178,4054414037.408135,4383631689.574902
358.62399,8746658547.632408,8065623250.401651
358.64621,0.0,0.0
358.6684,0.0,0.0
358.69061,22525102815.451324,16923495825.391922
358.7128,68050433597.414,71031017451.1362
358.73502,589702159054.9188,1048228868238.7642
358.75723,668534260644.9021,1376203943330.3691
358.77945,231949823439.54395,312078628840.2888
358.80167,74249813399.66368,76096932044.48048
358.82388,124788710715.8078,128833842527.23328
358.8461,6402944095.433685,8209884831.12217
358.86832,8208638135.7582655,16775200520.130514
358.89053,0.0,0.0
358.91275,0.0,0.0
358.93497,0.0,0.0
358.95718,0.0,0.0
358.9794,93368954113.75246,35136393245.93194
359.00165,0.0,0.0
359.02386,1121323041.5397668,1144543326.0315788
359.04611,4639664536.323243,4965284935.915295
359.06833,45079869729.890434,16469701389.808037
359.09058,15017029979.517092,7359968359.554328
359.11279,43113208994.96597,13778722287.840548
359.13504,925912948889.3412,338483985006.9183
359.15726,2834005100485.841,1024889367436.5798
359.1795,2394891285207.066,1818314759328.8616
359.20175,708716004310.5328,630566323624.1667
359.224,331822123210.9162,399816776221.0657
359.24625,241516461847.27615,447898180330.37854
359.26846,134108539449.07396,194678409256.87827
359.29071,73164574112.21135,82689802260.3316
359.31296,36875958366.39399,38889644890.68472
359.33521,116634976241.4883,82625171579.10597
359.35748,245865245476.83087,165034481804.69742
359.37973,438147365961.3691,403404571188.1722
359.40198,324320727239.42755,329030906883.85614
359.42422,62832383620.092026,55860435667.72641
359.44647,163711464656.1028,75686773411.78305
359.46875,188616899170.2752,56476043293.24708
359.491,35055705005.372574,31122001607.701584
359.51328,31188798985.796417,37003818668.27906
359.53552,58661107926.26975,46531833767.40379
359.5578,125935817227.33002,105246322205.11784
359.58005,220631406918.2881,259341542204.6204
359.60233,170443135873.07797,220640129969.96332
359.6246,1268780426.26332,1437524784.4802551
359.64685,0.0,0.0
359.66913,58968961000.15254,34989801429.088585
359.69141,137591887682.3793,138430994033.05444
359.71368,59879897418.93839,73521286222.94164
359.73596,12347219811.765451,13787650844.888926
359.75824,58360501244.16374,64782043552.43476
359.78052,0.0,0.0
359.8028,43161929456.87193,36497341845.1665
359.82507,14325192420.598566,11821690742.083223
359.84735,113784982039.12737,57556284099.08704
359.86963,252947944084.61063,196104906525.72244
359.89194,44856670864.75862,55551980312.57799
359.91422,0.0,0.0
359.93649,0.0,0.0
359.9588,0.0,0.0
359.98108,13256541440.32275,9269494059.543898
360.00339,19991598687.867832,10168873924.89462
360.02567,0.0,0.0
360.04797,0.0,0.0
360.07025,0.0,0.0
360.09256,82259015326.69402,80152224349.92279
360.11487,125471119439.27583,183212035784.3752
360.13718,53592422248.3003,97622400119.36037
360.15948,0.0,0.0
360.18176,9470774186.636078,12373305613.998575
360.20407,4006639676.864912,6076524085.307257
360.22638,0.0,0.0
360.24872,0.0,0.0
360.27103,0.0,0.0
360.29333,59432506349.06821,38987671935.25803
360.31564,75463204189.14592,27279952222.914738
360.33795,55429751447.75537,14285576846.759432
360.36026,151538902685.808,61596595853.10703
360.3826,104482542404.28246,45178592142.91971
360.40491,0.0,0.0
360.42725,79670980642.2402,113663927163.63635
360.44955,17233773054.594017,20930455456.51728
360.47189,0.0,0.0
360.4942,19110362629.037777,18180078469.902477
360.51654,49817247401.150826,57950424691.6465
360.53888,14271908224.365295,11183632985.832926
360.56119,0.0,0.0
360.58353,0.0,0.0
360.60587,103716164101.52156,77045490475.25388
360.6282,336005891426.9476,161380889612.83893
360.65054,1524323292853.879,1606910583846.8384
360.67288,1962559455736.477,1760648762871.6008
360.69522,799175727276.888,316274248569.3068
360.71756,214273128723.8592,247764883152.36145
360.7399,15680588657.114756,11901358227.512182
360.76224,0.0,0.0
360.78458,0.0,0.0
360.80695,0.0,0.0
360.82928,39951007722.39227,11543303434.221563
360.85162,49253573912.30644,23400910463.558037
360.87399,27530332063.69932,31138689535.297222
360.89633,0.0,0.0
360.9187,8533873899.357357,5952366572.693177
360.94104,0.0,0.0
360.96341,0.0,0.0
360.98578,0.0,0.0
361.00812,2354063076.945575,264940437.37146816
361.03049,13790495677.33489,6813094257.847278
361.05286,0.0,0.0
361.07523,685512501.9699885,436130235.32608414
361.0976,0.0,0.0
361.11996,10687315990.1508,6549242204.137374
361.14233,105720472646.93668,151058067845.27634
361.1647,30590461419.2193,65024290499.63884
361.18707,62503324579.91972,94337682977.21008
361.20944,66293676700.69276,64748391865.80138
361.23181,0.0,0.0
361.25421,0.0,0.0
361.27658,0.0,0.0
361.29895,3492142304.465301,3239947308.224168
361.32135,31469989845.65052,18532620517.20765
361.34372,0.0,0.0
361.36612,0.0,0.0
361.38849,31080693495.1076,8852264789.719559
361.41089,10100722840.43658,5583849064.594737
361.43326,59072372903.17204,57383894389.23118
361.45566,0.0,0.0
361.47806,0.0,0.0
361.50046,0.0,0.0
361.52283,46226563134.99722,23511098117.878117
361.54523,0.0,0.0
361.56763,64321885405.73321,18834665576.555504
361.59003,25180502106.940914,10111122425.9245
361.61243,3964464594.7758055,1890314466.2760131
361.63483,0.0,0.0
361.65723,0.0,0.0
361.67966,0.0,0.0
361.70206,0.0,0.0
361.72446,61659366828.702126,59319995101.43439
361.74689,0.0,0.0
361.76929,0.0,0.0
361.79169,0.0,0.0
361.81412,238794772605.93588,130744099146.66129
361.83652,819535153592.1979,469104889147.3079
361.85895,1621415913116.8103,475018343832.7532
361.88138,894685030416.5339,533059197281.6511
361.90378,387985148656.97473,378143661417.59546
361.92621,78670229385.50876,67058940916.4848
361.94864,0.0,0.0
361.97107,133335131788.5324,96831196678.273
361.99347,0.0,0.0
362.0159,0.0,0.0
362.03833,0.0,0.0
362.06076,0.0,0.0
362.08319,0.0,0.0
362.10565,0.0,0.0
362.12808,125676409336.0935,141707987641.8956
362.15051,408205319054.15686,246908422195.03497
362.17294,0.0,0.0
362.1954,0.0,0.0
362.21783,0.0,0.0
362.24026,0.0,0.0
362.26273,87752920262.97672,68913884405.2424
362.28516,29488093620.777054,45801174638.75828
362.30762,67951514545.240585,83323259498.63072
362.33005,7608436044.210828,4632119822.994706
362.35251,10064759021.183132,3615038460.0566354
362.37497,0.0,0.0
362.39743,0.0,0.0
362.41986,0.0,0.0
362.44232,187959004015.08276,100874275659.09302
362.46478,4785376027.754416,3323162440.769106
362.48724,0.0,0.0
362.5097,68210942132.00035,75329225652.00209
362.53217,52689595519.73856,89440749284.80074
362.55463,79558978508.31723,112091926491.01196
362.57709,51418253129.03174,32548029976.534397
362.59958,34684402412.53296,12400844494.867405
362.62204,293650696795.87915,221913971097.89264
362.6445,723316401590.6184,240779765695.7234
362.66699,484097795249.8076,437988904771.0263
362.68945,181597403023.95895,318774459097.98
362.71191,234491474078.9164,286256854506.0764
362.73441,162171427829.16608,73669214802.30693
362.75687,25261351920.91594,26853165295.99086
362.77936,40038830725.41657,32902332473.72459
362.80185,410413828669.69073,207803097116.93964
362.82431,452405645363.4699,173875724775.7941
362.8468,305824821328.8601,30773983871.60143
362.86929,115182724482.62404,15690143943.751295
362.89178,89887137898.29686,46392948726.35106
362.91428,92413451060.73022,88176602385.15016
362.93677,103324484698.98126,92340666952.11916
362.95926,26613603655.59209,21445175839.370163
362.98175,0.0,0.0
363.00424,11217696058.769163,7556977457.890948
363.02673,52568639472.95842,99814460697.42738
363.04922,0.0,0.0
363.07172,0.0,0.0
363.09424,49817468143.6909,32720113588.79505
363.11673,77121760959.83621,98087810900.6819
363.13922,8145126132.858932,9881503427.262848
363.16174,0.0,0.0
363.18423,111454494650.5762,184353831331.8304
363.20676,0.0,0.0
363.22925,0.0,0.0
363.25177,100044157855.85172,100473935687.69444
363.27429,0.0,0.0
363.29678,0.0,0.0
363.31931,0.0,0.0
363.34183,0.0,0.0
363.36435,0.0,0.0
363.38687,0.0,0.0
363.40939,0.0,0.0
363.43192,0.0,0.0
363.45444,0.0,0.0
363.47696,29134469824.85148,17848115704.686047
363.49948,109683234551.76224,122972358921.17049
363.522,243235299350.61563,527994795342.084
363.54456,282283736792.7974,582743864657.4471
363.56708,5506435479.514359,8820350550.339558
363.5896,0.0,0.0
363.61215,0.0,0.0
363.63467,0.0,0.0
363.65723,0.0,0.0
363.67975,59533159092.10843,49054066568.45159
363.7023,145627364410.95395,216188864398.94208
363.72485,54113617201.47205,60637905635.70612
363.74738,0.0,0.0
363.76993,0.0,0.0
363.79248,0.0,0.0
363.81503,0.0,0.0
363.83759,0.0,0.0
363.86014,30708628220.97906,40330787305.91359
363.88269,0.0,0.0
363.90524,3690725066.359242,4046073174.6669526
363.9278,0.0,0.0
363.95035,0.0,0.0
363.9729,0.0,0.0
363.99545,0.0,0.0
364.01804,0.0,0.0
364.04059,0.0,0.0
364.06314,0.0,0.0
364.08572,0.0,0.0
364.10828,25223276707.059666,46234552459.0368
364.13086,0.0,0.0
364.15344,0.0,0.0
364.17599,154648214104.40533,156381635187.13745
364.19858,0.0,0.0
364.22116,0.0,0.0
364.24371,0.0,0.0
364.2663,0.0,0.0
364.28888,50053292155.02798,19965128249.463894
364.31146,58866023775.40096,13839555766.024876
364.33405,120405458835.75992,52900016184.88924
364.35663,97966845566.14172,63402457988.09041
364.37921,91095907645.20222,97872915441.033
364.40179,27008899728.55455,44561246866.198296
364.42441,356828655936.2831,681445076780.0546
364.44699,0.0,0.0
364.46957,0.0,0.0
364.49219,0.0,0.0
364.51477,99329954824.14752,86550989185.15005
364.53735,514856481078.7338,399699771471.0996
364.55997,1492449084388.1543,1910400267662.1223
364.58255,794975519284.7109,1218131039306.431
364.60516,228545274250.81317,324571033647.69525
364.62778,0.0,0.0
364.65036,0.0,0.0
364.67297,107431313953.36116,84836719239.63588
364.69559,84166535136.11215,98075292643.16743
364.7182,0.0,0.0
364.74081,0.0,0.0
364.76343,0.0,0.0
364.78604,0.0,0.0
364.80865,0.0,0.0
364.83127,80403432569.27162,109648469831.46332
364.85388,49754293879.715935,148996945218.66086
364.8765,90562637387.33882,616353320037.5021
364.89911,0.0,0.0
364.92172,0.0,0.0
364.94437,0.0,0.0
364.96698,73853371398.01501,40401285614.2744
364.98962,63147782089.85654,60737607565.52535
365.01224,119723631250.7029,122764517727.97852
365.03488,181607165023.382,157687177197.89648
365.0575,114549582943.95596,31573753473.79352
365.08014,9254082135.175518,2630536239.8325763
365.10278,29507257104.864025,34187900873.942307
365.1254,0.0,0.0
365.14804,0.0,0.0
365.17068,0.0,0.0
365.19333,0.0,0.0
365.21597,39346048330.8444,36934390103.65838
365.23862,11933415713.87514,14112953591.380054
365.26126,0.0,0.0
365.28391,59113014873.41553,49496522907.12801
365.30655,76802576556.29106,125646313948.2424
365.32919,47040079421.36738,102305903831.83533
365.35184,12968114372.330242,19575824731.64097
365.37451,58474871253.921104,47365329138.10631
365.39716,43008865948.23888,27180281931.537685
365.4198,0.0,0.0
365.44247,0.0,0.0
365.46512,0.0,0.0
365.48779,0.0,0.0
365.51044,28100714805.87084,28072862013.844017
365.53311,0.0,0.0
365.55579,0.0,0.0
365.57843,0.0,0.0
365.6011,8244103985.821938,8908434963.857676
365.62378,47202136698.78361,22818208580.66742
365.64645,20607599903.08261,9536768468.19867
365.66913,0.0,0.0
365.6918,26036663403.742863,23093979842.694305
365.71448,79467763029.37314,56949212771.83388
365.73715,123353486662.10857,33390232130.26235
365.75983,61915815368.01481,41675944851.79636
365.7825,42963194046.60182,31480271664.729588
365.80518,16557208323.422064,7826938056.822484
365.82785,0.0,0.0
365.85056,0.0,0.0
365.87323,0.0,0.0
365.89594,54465591257.68175,57125267806.6728
365.91861,87199190600.45969,126347948856.28714
365.94131,74003455371.18712,66693879889.513054
365.96399,13809510595.880545,5270262531.702829
365.98669,620825365.7557423,573059630.0617403
366.00937,92074787087.70589,151386692025.51816
366.03207,71461555002.60641,74650325428.65823
366.05478,0.0,0.0
366.07748,0.0,0.0
366.10019,0.0,0.0
366.12286,965159401450.274,456402669364.0895
366.14557,818300280603.2698,586602308997.5731
366.16827,156229595539.16058,132160307810.03242
366.19098,77975160044.5694,75902138849.30937
366.21371,123073422381.25513,183380100368.8553
366.23642,65696500411.01272,98773691588.5481
366.25912,132462349172.95506,178068056047.4971
366.28183,89955515039.3024,69903080424.99799
366.30457,0.0,0.0
366.32727,0.0,0.0
366.34998,30013902235.578728,41028576009.415085
366.37271,146446809409.9125,228591025066.72845
366.39542,309105526170.77875,204441980348.42923
366.41815,1450361814805.7002,973774665588.9656
366.44086,2892138272475.7544,2659846206369.9424
366.46359,1916319777966.0872,3308632741805.736
366.48633,437931618165.9092,673816202990.4758
366.50906,95953823118.69109,63789476283.38856
366.53177,0.0,0.0
366.5545,0.0,0.0
366.57724,536021232952.1018,284740080499.729
366.59998,768394613590.5369,431422242841.7376
366.62271,346595408967.99536,246944289775.1368
366.64545,54914295324.8951,31107610615.697712
366.66818,0.0,0.0
366.69092,0.0,0.0
366.71368,0.0,0.0
366.73642,13181940450.911474,9629455862.732164
366.75916,80625403992.17374,54986923645.82455
366.78189,134599065693.97136,134366569695.15134
366.80466,104406724642.84924,130659812631.3769
366.82739,41424246790.67948,73497054638.77647
366.85016,0.0,0.0
366.87289,368818829.3077424,305868521.95899326
366.89566,106110804922.04576,105514625866.6374
366.91843,389502384246.1578,454915076009.4996
366.94116,339691942874.46204,255688606941.36005
366.96393,6733888577.867405,2747988317.0423584
366.98669,0.0,0.0
367.00946,73178541890.33664,51207523443.63738
367.03223,0.0,0.0
367.05499,67155751648.33236,119212280045.15506
367.07776,349287136108.60944,728040987461.5145
367.10052,920619201509.577,1934098625455.656
367.12329,383334914765.9121,547690217232.98267
367.14606,51496208261.38051,41920405366.46678
367.16882,558174690632.1715,486383786917.07227
367.19159,497545339225.52325,259440387475.90756
367.21439,257917015972.20157,88319587999.34053
367.23715,655944804006.0796,337033616382.2421
367.25992,2311551556783.651,688528039070.0973
367.28271,1724554002140.3909,488471849205.5908
367.30548,531325600468.0584,229814947388.41696
367.32828,73358697834.37416,62309456915.9193
367.35104,0.0,0.0
367.37384,0.0,0.0
367.39664,189781650763.36417,65423127288.08292
367.41943,24861440322.869663,12234844825.838238
367.4422,38491774406.96304,18144830756.77026
367.465,0.0,0.0
367.48779,0.0,0.0
367.51059,0.0,0.0
367.53339,7944361149.041963,5406047671.039314
367.55618,70656529586.1992,51698606311.19853
367.57898,74431885304.0996,69438215961.24963
367.60178,15007952637.505589,19823340052.091213
367.62457,71155010151.72551,101660574511.89128
367.6474,43945558247.76691,26895153856.46554
367.6702,348321704622.32806,206206814954.8425
367.69299,468005455341.4699,316378816147.69806
367.71582,165249414892.85654,159041279842.14056
367.73862,78510042490.18997,106105645079.69382
367.76144,33516133052.78341,26205003358.74909
367.78424,27330473923.441,14622146078.418983
367.80707,52402531727.36984,38219064849.72208
367.82986,28908862848.405785,5301995200.362497
367.85269,23413923075.011814,7005710828.054729
367.87552,0.0,0.0
367.89835,0.0,0.0
367.92117,49303805923.09264,44581976301.29995
367.94397,0.0,0.0
367.9668,28091076323.48201,37739368482.31347
367.98962,0.0,0.0
368.01245,0.0,0.0
368.03528,237485548282.264,64229106834.274284
368.05814,498719880479.4383,215674210554.00552
368.08096,367073085837.9021,104442629584.6624
368.10379,114992733010.33614,21643682368.05084
368.12662,55398265594.10929,7881194195.985394
368.14948,0.0,0.0
368.1723,0.0,0.0
368.19516,0.0,0.0
368.21799,0.0,0.0
368.24084,16917585575.123186,12777352326.08341
368.26367,51642218796.00115,25169136335.28388
368.28653,2487962567.3683367,319781127.6862433
368.30936,61907179590.58159,8590644561.388096
368.33221,215081487529.28,146405272713.94244
368.35507,0.0,0.0
368.37793,0.0,0.0
368.40079,236358925603.3412,102465746954.73828
368.42365,470356061887.431,275965175046.6091
368.4465,500564040564.368,343282262363.9408
368.46936,17448870988.832626,10703250877.994083
368.49222,52417903233.17009,35255879478.343
368.51508,0.0,0.0
368.53793,0.0,0.0
368.56079,0.0,0.0
368.58368,117643573277.18796,88133921960.67686
368.60654,42339160387.4191,36887074701.11588
368.62939,259512873874.95084,300430874746.4893
368.65228,355871736826.8524,312960026488.15027
368.67514,163596874662.11346,81184423068.76465
368.69803,128051096414.18764,44262103686.92757
368.72089,96353516532.68338,48022942205.120186
368.74377,0.0,0.0
368.76666,0.0,0.0
368.78955,0.0,0.0
368.81241,111407806166.24371,120844878847.02766
368.8353,118551528987.53488,107812990589.0686
368.85818,212212495873.8517,199998550314.99893
368.88107,728226935313.7275,632764071565.1688
368.90396,970708106234.2465,679787848850.1056
368.92685,348587819148.51483,268823375353.4782
368.94974,131824367708.60576,117546030906.17294
368.97263,102728030434.49104,58330676013.0076
368.99551,60870631710.50029,29972885689.141384
369.01843,83989021686.8869,64087102249.53702
369.04132,155151106362.22488,115504820773.7462
369.06421,85666622176.31644,50268820862.25616
369.08713,86968884963.23499,25099579127.91773
369.11002,120775706919.66446,47721045627.440834
369.13293,163530225803.07693,111196265346.52312
369.15582,0.0,0.0
369.17874,0.0,0.0
369.20163,0.0,0.0
369.22455,231894730728.5146,267773639307.7368
369.24747,68692927892.28428,90789317158.8967
369.27039,0.0,0.0
369.29327,0.0,0.0
369.31619,127517570600.93887,66199288615.91297
369.33911,102795840960.60625,63777160083.95222
369.36203,92424691468.51314,31479046922.631
369.38495,0.0,0.0
369.40787,0.0,0.0
369.43082,98763411681.4118,104227263479.01224
369.45374,322229215630.6659,136611183206.1453
369.47665,766205965574.0908,228160537951.98505
369.49957,394878654742.7146,134377811783.94112
369.52252,335068220383.2821,271507499045.37167
369.54544,191881977144.7536,211683616197.42896
369.56836,161152215451.9057,131552877390.45944
369.59131,53877062890.31298,22620705134.662445
369.61423,0.0,0.0
369.63718,104664259808.0518,34614243373.74343
369.66013,0.0,0.0
369.68304,0.0,0.0
369.70599,59143243129.91355,89683747959.74174
369.72894,8939276110.580402,9566866646.449604
369.75189,0.0,0.0
369.77484,19219809963.617485,27740875377.86293
369.79779,0.0,0.0
369.82074,0.0,0.0
369.84369,18295308541.4962,12566611503.262367
369.86664,190513401387.2752,158271424150.38477
369.88959,48830767060.30439,52939374380.94236
369.91254,59339654019.84087,50517005143.77529
369.93549,47360785160.74797,28181593011.75301
369.95847,0.0,0.0
369.98141,0.0,0.0
370.00436,0.0,0.0
370.02734,0.0,0.0
370.05029,92645987601.05786,23173055646.12572
370.07327,0.0,0.0
370.09622,15959448567.543156,15953648109.277166
370.1192,0.0,0.0
370.14218,0.0,0.0
370.16513,0.0,0.0
370.18811,0.0,0.0
370.21109,132822382696.93877,164329259604.76456
370.23407,209406005692.6886,158685019033.21277
370.25705,0.0,0.0
370.28003,0.0,0.0
370.30301,0.0,0.0
370.32599,30233813986.14285,44623646563.10123
370.34897,0.0,0.0
370.37195,0.0,0.0
370.39496,20791058808.730835,43168080164.55911
370.41794,3251176274.1365595,3470215785.092676
370.44092,1786297595.0825112,1861597699.859484
370.46393,0.0,0.0
370.48691,0.0,0.0
370.50992,0.0,0.0
370.5329,96997342015.15944,88199233318.47801
370.55591,129185569261.64526,61228657371.50649
370.57889,160376981723.49527,153687782045.54794
370.6019,50849155076.08951,17122840879.284103
370.62491,0.0,0.0
370.64792,0.0,0.0
370.6709,0.0,0.0
370.69391,0.0,0.0
370.71692,0.0,0.0
370.73993,79577282224.71849,40705231964.35466
370.76294,0.0,0.0
370.78595,0.0,0.0
370.80899,0.0,0.0
370.832,50113917236.89187,84910401363.55646
370.85501,0.0,0.0
370.87802,8446358740.494716,7226930468.46953
370.90106,0.0,0.0
370.92407,7601733031.6201315,4534731500.931536
370.94711,64443468171.37994,51044368355.22083
370.97012,244571713545.1576,226915018473.02905
370.99316,719098035705.083,862501638505.5288
371.01617,561914288599.4543,643164288545.5468
371.03922,0.0,0.0
371.06226,0.0,0.0
371.08527,0.0,0.0
371.10831,0.0,0.0
371.13135,174368344904.62653,62263023680.14556
371.15439,98675429273.8084,38312449916.17591
371.17743,0.0,0.0
371.20047,0.0,0.0
371.22351,0.0,0.0
371.24655,0.0,0.0
371.26959,41103080937.73294,23962170414.064674
371.29263,26250810957.852528,19763744281.22643
371.3157,256001660412.36493,266840292289.3281
371.33875,134758455908.9875,251353758410.26257
371.36179,515222464953.8807,1191468261114.0696
371.38486,2553189137775.022,4472214050459.725
371.4079,1225578362126.0627,1293605106669.615
371.43097,511965167638.47614,431764655373.0288
371.45401,111570626193.07266,64575626872.131714
371.47708,0.0,0.0
371.50012,1325373999.6476157,1077418069.8232737
371.52319,0.0,0.0
371.54626,0.0,0.0
371.56934,0.0,0.0
371.59241,0.0,0.0
371.61545,0.0,0.0
371.63852,0.0,0.0
371.66159,0.0,0.0
371.68469,0.0,0.0
371.70776,0.0,0.0
371.73083,18168385291.14941,34793222663.36335
371.75391,0.0,0.0
371.77698,50315825148.14158,62435886684.71538
371.80008,0.0,0.0
371.82315,0.0,0.0
371.84622,0.0,0.0
371.86932,279159616509.57794,294126630330.3209
371.8924,0.0,0.0
371.9155,114490466162.38277,71987491984.11568
371.93857,0.0,0.0
371.96167,0.0,0.0
371.98477,29893680573.6544,14726104035.903791
372.00787,0.0,0.0
372.03094,62481529227.9453,57037992753.54277
372.05405,7437626857.575173,4765998078.867948
372.07715,54665507072.95213,51338959313.07231
372.10025,136880970682.4368,233741362284.79092
372.12335,252116039416.9028,369633447598.3049
372.14645,177342630980.52975,150874007380.0073
372.16956,145260398112.26703,89146152028.86638
372.19269,0.0,0.0
372.21579,58175699509.67703,30296740359.04965
372.23889,77391280820.1017,51622366954.85682
372.26199,549738901195.4947,288122139353.81244
372.28513,429908134678.5039,237920140082.02628
372.30823,144814019471.9768,221271784865.3817
372.33136,0.0,0.0
372.35446,29885306366.693497,35216777445.92708
372.37759,34371103983.236336,27457720752.76234
372.4007,26594164742.144382,18725183076.98598
372.42383,0.0,0.0
372.44696,0.0,0.0
372.47009,59698532754.18224,65973792293.7165
372.49319,1727155951.5274231,1352043719.5614965
372.51633,0.0,0.0
372.53946,0.0,0.0
372.56259,12574881755.037678,1231213029.8398058
372.58572,94847350480.71516,24286349613.609867
372.60886,0.0,0.0
372.63199,0.0,0.0
372.65515,34662990649.02872,18762905119.907864
372.67828,254294069.74816144,93861329.60566914
372.70142,19052238724.244144,6393246765.084409
372.72455,112533567357.78693,26533097871.009228
372.74771,6469269755.093591,1501106363.038118
372.77084,0.0,0.0
372.79401,1841387137.159733,218151287.37254032
372.81714,48608642399.56795,23992886178.250134
372.8403,103375857297.89674,100057037419.39777
372.86343,89320470068.62529,105679899976.09737
372.8866,43199585257.0237,43228592682.68002
372.90976,79259592188.62584,40447688957.18171
372.93292,219642243502.05304,146672470562.81653
372.95605,685686635305.8171,572463932247.7781
372.97922,2187336380002.0671,1201861518338.532
373.00238,1425397597495.196,612321423762.4596
373.02554,352562156593.4082,198985352931.51117
373.04871,0.0,0.0
373.07187,10758209666.767838,11352753206.7187
373.09503,0.0,0.0
373.11823,91405131688.70831,78688930796.66455
373.14139,0.0,0.0
373.16455,27307625900.07441,7573115739.454186
373.18771,140046321052.64096,44213448450.41061
373.21091,1207747247306.153,791800738589.6328
373.23407,1281515116731.7222,845485326055.1459
373.25726,0.0,0.0
373.28043,0.0,0.0
373.30362,0.0,0.0
373.32681,277459492679.55994,57274048004.681564
373.34998,79921280803.34413,18327143468.1374
373.37317,0.0,0.0
373.39636,32788479600.55949,21547254065.44808
373.41956,11408593367.43241,11293103873.970366
373.44275,0.0,0.0
373.46591,0.0,0.0
373.48911,114185511819.0274,91364150247.5576
373.51233,5793796508.233988,3383054102.8039937
373.53552,37688319203.811005,15682084550.375292
373.55872,66640991372.98743,38745390135.31072
373.58191,59263349760.30199,44833635947.16961
373.6051,37089145.80170838,13459587.551473984
373.62833,1606703709.6958709,796187244.4661547
373.65152,93679220375.7861,131670065123.48071
373.67471,35936185764.99805,82724620769.35275
373.69794,16314985870.51502,30822020403.56091
373.72113,355553387005.3128,337018463750.5455
373.74435,1403867167106.8582,1022957901044.0674
373.76755,1116913621942.515,774849329954.3851
373.79077,302459791304.03687,133901482154.19708
373.814,90933815089.33536,53702059662.39569
373.83719,36184743071.07125,35891455678.14131
373.86041,117928410368.99171,139718987045.50125
373.88364,174007577088.7852,150819386718.08957
373.90686,278796411254.7905,181750240217.7459
373.93008,0.0,0.0
373.95331,71201308231.00862,67725519465.80901
373.97653,83380216712.32693,74892335883.40573
373.99976,112748319274.38322,77704892733.88216
374.02298,130494536505.00536,115959799121.66087
374.04623,0.0,0.0
374.06946,0.0,0.0
374.09268,1859061331490.5544,377113728147.0528
374.11591,1258727400905.7937,446247651523.5427
374.13916,818059480307.985,295302152549.6832
374.16238,1182653706607.3174,556110089117.5828
374.18564,452260333356.5015,339666581843.97064
374.20886,157718375968.0917,152397449763.93515
374.23212,119953427805.12752,90445154156.0806
374.25537,82033678527.84547,32745906935.97983
374.27859,67317963566.69692,50666084818.27918
374.30185,26116014284.130123,20854258479.50953
374.3251,24220125440.29697,6416770062.716336
374.34836,227723644652.88257,50861805690.51681
374.37161,744064424170.4767,206526664694.0801
374.39487,2332827485452.247,605857133877.0854
374.41812,1240393637538.2056,312332228851.61206
374.44138,193537814246.23795,27729874960.659985
374.46463,0.0,0.0
374.48788,64935887665.86082,75564572840.45564
374.51114,144658481575.7401,118180013840.24948
374.53442,519463094424.4233,266136201160.0117
374.55768,561605383891.3076,258877738677.0976
374.58093,443701365584.0317,490754433597.8996
374.60422,1363957071776.5374,2133985974782.6917
374.62747,998207962647.9708,598367165714.3737
374.65076,85583161350.6574,21733906851.33837
374.67401,52669661520.45516,29445078477.378635
374.6973,34356597934.597225,37083954888.201645
374.72058,29638682250.815018,21647929315.382248
374.74384,108168941622.0502,59372484778.92936
374.76712,14445282397.4518,10998156056.392813
374.79041,0.0,0.0
374.81369,66607542443.95338,43557807523.92239
374.83698,50695273789.3605,22070171525.88756
374.86026,0.0,0.0
374.88354,21909650750.653828,15005453197.664776
374.90683,28093119326.143177,14543124388.246317
374.93011,22586091634.64267,8721662459.430765
374.9534,0.0,0.0
374.97668,0.0,0.0
375.0,0.0,0.0
375.02328,3870056332.1177306,1680782945.6014645
375.04657,5268905772.196221,1297186825.8019383
375.06989,987033510.3847314,345543906.1267405
375.09317,55824683970.86495,49742953487.99023
375.11649,0.0,0.0
375.1398,0.0,0.0
375.16309,12147434639.620651,3178898981.189321
375.1864,30161978887.61132,11247819179.976162
375.20972,30682132515.50042,14862788809.42818
375.233,59422754463.84628,29987654115.746765
375.25632,42672083404.99869,25803144220.6688
375.27963,37558705077.29165,31066647584.375973
375.30295,72045398950.44794,88311792316.2179
375.32626,98300160150.39175,68376995093.36463
375.34958,49454153348.23719,6316788970.651286
375.37289,0.0,0.0
375.39621,55986481746.59299,33788620314.75034
375.41956,67349220448.7006,39762206731.01679
375.44287,26101657584.343143,8878392939.952026
375.46619,49170935668.39327,17855049342.960163
375.48953,18229239412.68461,9775248000.857254
375.51285,94553535684.873,40508657463.10002
375.53616,110127385518.18724,58098502072.32668
375.55951,103113779726.6736,85153967649.5228
375.58282,225850074729.5294,90030139957.06087
375.60617,153151603628.41495,45570366366.95011
375.62952,148721043074.9225,46253186613.24487
375.65283,694754213674.4276,87548760045.51187
375.67618,507805693665.7254,212715342601.38824
375.69952,360297069418.796,260492122308.69443
375.72287,553003865169.892,413648301273.5609
375.74622,1603919542462.461,921201750581.0884
375.76956,1188500883583.1,763183730672.4246
375.79291,389643913252.7281,329722362033.3325
375.81625,25168963908.98072,20297935901.658524
375.8396,57109122620.41867,30398460826.393505
375.86295,117523331997.88208,36763905344.53048
375.88629,79901159618.14847,17582770791.39069
375.90967,115941229621.93826,30967912103.81818
375.93301,227850613224.54504,185709036060.2575
375.95636,416816894580.881,512624167048.7103
375.97974,136744067760.8184,154833135963.4559
376.00308,159264016833.4659,184166070696.18655
376.02646,191965273226.12695,106522223043.83871
376.0498,473892322475.14703,122593429259.93414
376.07318,1069401879233.8344,375889484975.129
376.09656,408151947996.45416,182123042185.1992
376.1199,117263072624.74548,39843753674.89669
376.14328,357855208210.1426,81879626137.80414
376.16666,1333760871179.3596,645874008057.8713
376.19003,910423052118.423,769519478683.1841
376.21341,337447230266.7519,435034927998.2823
376.23679,295507954085.6203,435263438669.7626
376.26016,557683190467.8872,468020393967.728
376.28354,1116953101806.332,760081489181.0894
376.30692,410855952152.7782,398649149161.1657
376.33029,0.0,0.0
376.35367,45250915208.1786,17905184174.41834
376.37708,63052204179.97044,22770072566.50242
376.40045,66414706269.27416,14101022932.317
376.42383,49809014832.91625,14128132565.27958
376.44724,83022995065.10458,12723015117.823397
376.47061,0.0,0.0
376.49402,0.0,0.0
376.5174,7688322530.344632,1839811052.2171628
376.5408,82278229362.46327,54623540854.41636
376.56421,1030438340584.5096,467092138475.4389
376.58762,3301512721405.991,850668753563.688
376.61099,997044540144.2504,673770701747.8973
376.6344,321160141765.7967,167536756742.695
376.65781,287380772056.0706,214812767302.13895
376.68121,1405439904911.2964,730825275168.8207
376.70462,2029917081725.5564,337634046832.01685
376.72803,576278591819.183,213227247360.6884
376.75143,164216788813.51093,80010054005.06879
376.77484,69362445912.78897,82728140401.85616
376.79828,0.0,0.0
376.82169,0.0,0.0
376.84509,0.0,0.0
376.8685,0.0,0.0
376.89194,0.0,0.0
376.91534,0.0,0.0
376.93878,0.0,0.0
376.96219,0.0,0.0
376.98563,23538460209.72882,5176734666.317378
377.00906,111818969872.8228,68995363371.97978
377.03247,91461115131.00945,81003164818.86372
377.05591,427296038771.8218,286301115962.0069
377.07935,612286038694.5786,550111212578.5511
377.10278,419885059870.3984,389718561898.27423
377.12622,158720437493.99673,159919836447.09225
377.14966,48409062310.22949,77555331233.25719
377.1731,148257930241.72723,220465096572.33115
377.19653,107058885343.78976,126563932273.4893
377.21997,0.0,0.0
377.24341,0.0,0.0
377.26685,14894021564.99438,25516304849.40576
377.29031,0.0,0.0
377.31375,0.0,0.0
377.33719,0.0,0.0
377.36066,14842433204.094229,31822193583.672894
377.38409,0.0,0.0
377.40756,0.0,0.0
377.431,0.0,0.0
377.45447,50196623555.04139,51977238470.41038
377.47794,15723405748.498598,12784044775.264437
377.50137,7055557984.206357,4482992197.02812
377.52484,0.0,0.0
377.54831,0.0,0.0
377.57178,0.0,0.0
377.59525,0.0,0.0
377.61871,0.0,0.0
377.64218,22690262464.428505,10036788627.41674
377.66565,17746103625.206314,10939984404.23256
377.68912,0.0,0.0
377.71259,0.0,0.0
377.73608,0.0,0.0
377.75955,0.0,0.0
377.78302,0.0,0.0
377.80652,23624411975.26261,28201087710.127827
377.82999,183909004810.94504,193937376998.16757
377.85349,0.0,0.0
377.87695,112649945084.0366,85888455585.66782
377.90045,351786380462.84894,438026831665.4967
377.92392,779817113545.4846,1013229713527.9788
377.94742,1113384690361.3557,1741412220019.2612
377.97092,545049814467.1911,1156117190763.6882
377.99442,279905399167.79614,477529779704.9819
378.01788,79565664871.5342,57710704736.64536
378.04138,0.0,0.0
378.06488,0.0,0.0
378.08838,0.0,0.0
378.11188,45953950552.52069,37453411025.95504
378.13541,0.0,0.0
378.15891,0.0,0.0
378.1824,0.0,0.0
378.2059,0.0,0.0
378.22943,109103625935.46852,86214770605.27283
378.25293,114428068087.32838,114777607651.88646
378.27643,95521419770.97522,80495122840.86899
378.29996,980001661198.17,1227675027035.5195
378.32346,1185515376783.3044,1475706084465.7258
378.34698,408295370460.1671,418919790113.2597
378.37051,857200440873.7949,639549811773.0001
378.39401,684983624672.0525,428814590950.9393
378.41754,0.0,0.0
378.44107,0.0,0.0
378.4646,0.0,0.0
378.4881,0.0,0.0
378.51163,0.0,0.0
378.53516,811902427894.6373,415837996807.89
378.55869,1776160605101.7144,856129895948.6425
378.58221,1377213352272.5334,841630546968.013
378.60577,664816945353.4768,318909145258.28955
378.6293,158231999200.46057,121329661743.83025
378.65283,352201784918.1465,440727651611.0974
378.67636,49957522909.54251,35875637717.78513
378.69992,0.0,0.0
378.72345,0.0,0.0
378.74698,0.0,0.0
378.77054,0.0,0.0
378.7941,0.0,0.0
378.81763,90352101659.45557,81690165894.3065
378.84119,15861900898.30318,7164144831.4425125
378.86472,141098971758.8865,188235170333.1712
378.88828,37483152282.05752,61925041662.56425
378.91183,0.0,0.0
378.93539,11648964741.027292,6948502031.958573
378.95895,22688834815.050102,6966456020.705841
378.98251,25879949036.059265,11853628089.595774
379.00607,0.0,0.0
379.02963,0.0,0.0
379.05319,38964093759.84553,34357771745.09277
379.07675,214117456829.2753,71980695987.06946
379.10031,137280762531.68813,87524267858.94731
379.1239,173393431797.93274,55945284077.83124
379.14746,82487142186.77234,32936756859.45508
379.17102,107360520149.07137,45733618081.18746
379.19461,251244918313.72583,92968149633.3284
379.21817,584962698597.2524,220088161295.5778
379.24176,854495224270.0623,877011687184.9232
379.26532,419243762686.5551,550290854707.0426
379.28891,480562183470.823,418473072035.0072
379.3125,352616766332.7625,169506699613.52774
379.33606,212776196474.6545,259982223580.83328
379.35965,54816618777.198425,83785016309.04951
379.38324,26337433571.689358,28290681273.405663
379.40683,378683677307.68207,184329037657.81375
379.43042,80529008997.78731,25393438105.17927
379.45401,38162713704.26588,8156480768.517695
379.4776,0.0,0.0
379.50119,602808209052.6005,261652915277.47552
379.52478,1203257923073.5552,906560681644.8674
379.54837,408909283961.4551,321537676024.325
379.57196,63721252805.07,32764062161.346024
379.59558,48141891731.32474,28743895846.770863
379.61917,44377129605.27612,25018361784.751385
379.64276,46578317688.89007,24513042337.815617
379.66638,5043736883.099448,4054341050.611152
379.68997,0.0,0.0
379.71359,3177222287.0075192,4571888911.435425
379.73718,82699908659.33147,129458127932.49846
379.7608,67022161289.812096,58692985001.54177
379.78442,14896698718.2337,5009764088.054819
379.80804,55811054905.56145,16721207820.91883
379.83163,2583924217.733016,853026688.9202912
379.85526,24928437602.236862,10087730382.60172
379.87888,68851708301.43246,39983588212.94302
379.9025,225260364029.8251,187188993554.99283
379.92612,125924303016.17175,102652966405.84695
379.94974,22082984772.51065,12647812815.647142
379.97336,429887722598.1999,159923893010.30292
379.99698,976366165574.2676,690983390965.8088
380.02063,4079429604385.4375,4143845236582.737
380.04425,2314324783822.243,2696420290333.853
380.06787,421523823015.7336,519238588452.5806
380.09152,148552147537.0638,103830762587.6422
380.11514,109745345335.64868,44024805521.27425
380.13879,36193614269.40232,11790083170.448893
380.16241,0.0,0.0
380.18607,47315642977.05258,22046038283.886997
380.20969,78873786867.18913,23230208933.15084
380.23334,0.0,0.0
380.25699,0.0,0.0
380.28061,0.0,0.0
380.30426,30011287163.89253,18347595519.023712
380.32791,0.0,0.0
380.35156,0.0,0.0
380.37521,0.0,0.0
380.39886,0.0,0.0
380.42252,0.0,0.0
380.44617,82549438223.62183,65384875769.37695
380.46985,0.0,0.0
380.4935,49315840215.52815,23247566679.937443
380.51715,15915711504.48223,9250126130.573685
380.5408,0.0,0.0
380.56448,11766525558.647127,5071608123.896637
380.58813,24885664881.59948,15173387207.565388
380.61182,67616552990.31275,12673682932.03651
380.63547,119576131729.5853,23548258382.4658
380.65915,231315673177.41205,60529279432.541214
380.68283,746945432116.8811,563463814731.7672
380.70648,584675320128.3815,947943099402.5548
380.73016,71027586968.94774,84365708210.63603
380.75385,33484076825.805103,7778951183.460709
380.77753,99037347557.2651,17481008306.050903
380.80121,136982135426.57634,6605024782.632034
380.82489,87008347541.84286,35945890559.07411
380.84857,208679941924.39587,159795602914.05676
380.87225,251919587047.64923,417542932077.1288
380.89594,834015391026.593,915450326126.91
380.91962,1032858548766.7988,878173225727.6987
380.9433,253150083077.4401,168273795290.53705
380.96698,186147527014.418,112632007576.42429
380.99069,0.0,0.0
381.01437,0.0,0.0
381.03809,0.0,0.0
381.06177,0.0,0.0
381.08548,39157686961.43415,28814606644.775604
381.10916,116607643735.43964,98699797792.524
381.13287,110511076515.36014,74721227882.0962
381.15656,316368183567.27496,157309574240.78204
381.18027,1113763238513.8596,327951868324.0911
381.20398,2392019823388.9478,1104551361871.0652
381.22769,1659746541192.3938,1266924872584.328
381.2514,1017953697445.9724,410285094037.47095
381.27512,309348234122.15485,108224837703.0693
381.29883,388241227327.6264,132653790818.4861
381.32254,725181389486.4713,304030839811.4606
381.34625,444522783784.4776,291555912797.8812
381.36996,441520388900.7264,259871098481.45697
381.39368,865427508070.2708,443050412259.4405
381.41739,510775624470.2576,423111196859.2623
381.44113,234794826904.88333,309210882278.45154
381.46484,398652765695.0908,449815385620.0281
381.48856,543044119254.7353,244615332275.2272
381.5123,265874114240.6573,56486024502.59091
381.53601,72115029737.54652,28153061621.69076
381.55975,17223625514.83727,10950741432.245617
381.5835,85650865737.59927,61092030873.04015
381.60721,74181089261.39153,67496047937.479576
381.63095,43122361229.44273,35879004754.841225
381.65469,76501148801.92032,64321743791.608536
381.67844,0.0,0.0
381.70215,0.0,0.0
381.72589,77181147493.54294,50396362267.41153
381.74963,23604339715.3603,19496664709.652
381.77338,42877912157.62856,29485519550.75649
381.79712,195864200098.08655,97404045877.38266
381.82089,219992337710.1115,50901609606.404816
381.84464,160864337622.62177,71054087649.11082
381.86838,283220616414.93005,174053378205.24878
381.89212,0.0,0.0
381.91589,0.0,0.0
381.93964,0.0,0.0
381.96338,0.0,0.0
381.98715,97275179321.5842,74720621082.38757
382.01089,75840398554.13417,33421973572.566887
382.03467,79307082659.02243,23641740552.30174
382.05844,65969930638.17858,32041905279.949497
382.08218,166551184535.4687,107740804825.65536
382.10596,125724356426.141,70615603585.26302
382.12973,60303923488.742455,18476013274.66902
382.1535,44065273258.36455,20891834326.40711
382.17728,61545827429.91779,48253403689.35873
382.20105,0.0,0.0
382.22482,33692187980.784622,12893236818.30174
382.2486,59997864930.01802,15475363501.442438
382.27237,126825827547.16953,39068656582.94098
382.29614,0.0,0.0
382.31992,0.0,0.0
382.34369,0.0,0.0
382.36749,210635152569.4898,69123577552.40385
382.39127,158250261817.14822,44741798662.27337
382.41504,35184664107.913376,6309803133.706869
382.43884,89874615363.57312,49524546479.34664
382.46262,53029564669.624,31613956391.17567
382.48642,34318371630.63822,19838130950.348675
382.51022,28809871233.646328,23543486156.08857
382.534,94353862425.04813,38130899603.43983
382.5578,120259743146.25104,30915177154.654133
382.5816,203371240162.83157,72901803132.43427
382.60541,819771488627.7279,738343116745.6595
382.62921,1362148624839.1255,1147592916240.3264
382.65298,1511195875522.8684,1150016756698.624
382.67679,1750698213941.5352,1037434878054.058
382.70062,495439380456.0911,134836041814.6618
382.72443,210323633886.71844,138677038859.76907
382.74823,103207494100.02316,41332342897.21633
382.77203,113498992143.66563,79237018415.89394
382.79584,270622405082.24188,224071650934.88855
382.81964,351669905911.167,177454045629.01886
382.84348,385213162579.6863,281054718891.5982
382.86728,503708493468.7234,281661686290.31464
382.89111,619118523596.6108,300167874238.2193
382.91492,274503609482.632,137021436597.14296
382.93875,103492497012.06947,100208205516.88628
382.96255,41094387550.07025,35081794210.60237
382.98639,170072241380.5403,50838313794.66959
383.01022,377239560025.544,19213179073.18098
383.03403,241099916151.04013,40112646995.45853
383.05786,136731352336.96896,57163962411.560844
383.0817,136360061493.84874,89592543048.30019
383.10553,151552663135.14832,96395609953.90318
383.12936,78052690504.4324,33146323004.57154
383.1532,30350741328.589565,11759985058.198896
383.17703,208733007467.66583,105596874950.95113
383.20087,1383707253360.976,585270985918.5953
383.2247,2584111414304.5337,1691309876160.484
383.24857,1656872939536.1404,811400955080.3182
383.2724,533813244578.016,169042102065.35858
383.29623,176468435019.69046,45867779349.4988
383.3201,78777370581.97061,32457521598.61693
383.34393,198908742054.64365,66330867101.98654
383.3678,198067913621.88287,107335706253.49132
383.39163,384166629605.0318,145123339688.29126
383.4155,1732978231374.8914,500725758048.6392
383.43933,5307153698334.212,1470186144083.0432
383.4632,4341737367812.1177,2122074970925.18
383.48706,2539301402320.909,1231945189512.1523
383.51093,235989095339.4141,26546701460.02305
383.53476,30802489187.335457,6684400594.849568
383.55862,0.0,0.0
383.58249,86737653788.44937,41834368315.97125
383.60635,20474704796.879,6335525558.569156
383.63022,22451610093.494686,7912951345.379271
383.65408,321152251251.8349,219183075779.49023
383.67798,219138421923.13992,145935272279.18805
383.70184,89137562636.18864,52342737764.002365
383.72571,61938230932.12068,29363083403.05672
383.74957,0.0,0.0
383.77347,0.0,0.0
383.79733,0.0,0.0
383.82123,12046827486.887411,12514833222.2996
383.84509,0.0,0.0
383.86899,23723924552.256,8973453666.920767
383.89285,43476589168.119896,12133995719.306566
383.91675,0.0,0.0
383.94064,0.0,0.0
383.96454,0.0,0.0
383.9884,26197555302.002186,27307963210.81533
384.0123,0.0,0.0
384.03619,0.0,0.0
384.06009,0.0,0.0
384.08398,0.0,0.0
384.10788,0.0,0.0
384.13181,4769776530.131227,4046529394.2674985
384.1557,247441591702.6225,121637626436.96288
384.1796,173390893967.53015,146070912592.90326
384.20349,140945995895.17615,126653816910.7706
384.22742,0.0,0.0
384.25131,9920150229.135494,3077818013.7446404
384.27521,0.0,0.0
384.29913,0.0,0.0
384.32306,0.0,0.0
384.34695,1661704133.41575,1948238259.3801043
384.37088,0.0,0.0
384.39481,0.0,0.0
384.4187,0.0,0.0
384.44263,0.0,0.0
384.46655,0.0,0.0
384.49048,0.0,0.0
384.5144,9671027650.874523,11664104725.65788
384.53833,0.0,0.0
384.56226,0.0,0.0
384.58618,68608496272.79278,70021985566.80605
384.61011,167823247805.45206,147107405775.015
384.63406,48141414004.53091,38452548552.76432
384.65799,37682920718.76754,22495124328.009357
384.68192,0.0,0.0
384.70587,0.0,0.0
384.7298,0.0,0.0
384.75372,0.0,0.0
384.77768,0.0,0.0
384.80164,0.0,0.0
384.82556,0.0,0.0
384.84952,0.0,0.0
384.87347,0.0,0.0
384.89743,57930014866.68751,46426756760.05394
384.92136,70653253694.62498,70945311032.3204
384.94531,31093542573.253586,20154526022.97537
384.96927,0.0,0.0
384.99323,307975871228.60065,289218827975.4868
385.01718,73613996593.39644,138578470596.06128
385.04114,234145137643.1033,177259140522.26248
385.06512,152975485620.30054,101231227519.303
385.08908,163202625590.10968,162720621615.8602
385.11304,64165316608.3724,64743446662.88043
385.13699,78970510999.7743,26864897083.29605
385.16098,0.0,0.0
385.18494,32613002967.789577,21613155390.731724
385.20892,0.0,0.0
385.23288,0.0,0.0
385.25687,0.0,0.0
385.28085,31139450721.29396,30995969729.909573
385.30481,0.0,0.0
385.3288,48423931686.02861,51454184230.32532
385.35278,0.0,0.0
385.37677,49472497811.277695,39215422154.99432
385.40073,0.0,0.0
385.42471,0.0,0.0
385.4487,8034317765.442928,3182374313.6077
385.47269,0.0,0.0
385.4967,29255564906.37754,7633562801.525579
385.52069,0.0,0.0
385.54468,0.0,0.0
385.56866,0.0,0.0
385.59268,69291222883.83583,24254883128.494232
385.61667,79063573947.39804,36376449870.08499
385.64066,0.0,0.0
385.66467,0.0,0.0
385.68866,0.0,0.0
385.71268,51504004254.76303,34094316873.600704
385.73669,105479368694.59926,54469648963.00352
385.76068,74380057635.77873,17518277546.052654
385.7847,18922249068.693787,5440050424.096436
385.80872,85380119600.33421,39098688800.86131
385.83273,135894286552.61996,87702097479.60248
385.85672,42295165744.26194,38073119992.94921
385.88074,26427396054.072124,13633279732.258596
385.90475,47729696943.02696,17367192360.41137
385.92877,121000417137.7067,94188099669.8574
385.95279,0.0,0.0
385.97684,0.0,0.0
386.00085,8634043958.47817,9744243758.219316
386.02487,0.0,0.0
386.04889,30269844348.85904,29248547902.273136
386.07294,97454168346.38492,78238541757.1147
386.09695,104711150693.61948,57385055221.296585
386.121,364758733930.7509,158446452539.32318
386.14502,1740979365173.146,829388397626.4233
386.16907,2041592672416.464,805246022111.0792
386.19308,737464019238.1167,280316623105.0288
386.21713,191646910118.3477,108408233646.20396
386.24118,85832757865.59981,70792039135.21051
386.2652,109284400411.607,147845736573.49683
386.28925,72725596457.54126,90286793097.3306
386.31329,15698800750.982616,8499554152.911418
386.33734,119725429703.7152,61574303033.57203
386.36139,36365020611.446014,45423717993.11
386.38544,90097324178.3755,101433530345.36842
386.40948,0.0,0.0
386.43353,9725399495.362429,4954420577.41335
386.45761,103520833712.28996,102380888143.32748
386.48166,141488617657.85086,127743827432.88664
386.50571,154259894707.92822,94068817540.77928
386.52975,44167478200.09068,35984361475.06746
386.55383,491517161127.3049,809967149045.3097
386.57788,603179128535.6229,685447325828.6941
386.60196,277312698267.5662,97959546620.6839
386.62601,361440757771.091,210289035399.60733
386.65009,919393001985.747,232464114297.4116
386.67416,536056063662.75104,502792846471.29736
386.69821,370147000088.45,357716936216.9593
386.72229,1540208083374.9397,1640474308261.136
386.74637,2280528003081.625,1780708571979.401
386.77045,1119237954085.2874,521375227037.4136
386.79453,395550535699.4079,81067439126.59213
386.8186,646157582658.751,240702859809.1466
386.84268,2174851173034.668,640215872573.5939
386.86676,1332080240458.887,449613790867.9404
386.89084,481524400720.9423,82578764536.85258
386.91492,79538845358.7266,82951485545.05737
386.939,12892341410.418695,13249359305.896748
386.9631,0.0,0.0
386.98718,35285807085.68559,37288359214.95126
387.01126,0.0,0.0
387.03537,12791634651.89056,4154513932.414117
387.05945,78071351454.4739,12748867922.909027
387.08356,885619069835.7211,163512251052.65002
387.10764,800703511349.2972,279478021127.049
387.13174,35899322492.720695,4184368688.166013
387.15585,0.0,0.0
387.17993,36242205384.73968,9026291159.525356
387.20404,20979400965.62319,5272489773.610336
387.22815,90403412549.28244,30791158014.78386
387.25226,36020983438.60702,15526263130.443665
387.27637,11725533217.760736,6134899038.283734
387.30048,0.0,0.0
387.32458,0.0,0.0
387.34869,24289331456.78036,8013681625.114745
387.3728,193312358650.7237,121370613040.85558
387.39694,301496290491.5994,312430970228.30634
387.42105,121101007311.85043,91795270286.36703
387.44516,69076329530.67764,42011832018.328224
387.4693,439946486692.267,327250034959.6585
387.49341,841366724780.4958,508010767888.7921
387.51755,2903469147553.9404,1093109785115.1876
387.54166,2376583657025.6714,1037532777703.6864
387.5658,731761334995.957,335648187203.6094
387.5899,1003878580832.9752,326696775117.7824
387.61404,749071081173.7339,396277682481.1426
387.63818,303382806120.46533,226014110213.5166
387.66232,24140315449.88441,16453420792.198084
387.68643,141198000599.3073,99032208187.0154
387.71057,26375882631.242134,18118836300.448536
387.73471,36563776616.42428,18814154849.402115
387.75885,0.0,0.0
387.78299,54492283891.111626,16229676228.442228
387.80713,0.0,0.0
387.8313,0.0,0.0
387.85544,85234826421.13152,16282606401.679195
387.87958,125947656172.52924,28969231950.64832
387.90372,6869955839.819618,1636108912.5773916
387.92789,19372607844.31359,3847580878.571989
387.95203,133256954852.51242,35439647610.77103
387.9762,142954760364.16278,35488144879.32015
388.00034,83289463641.2816,12618032179.063677
388.02451,0.0,0.0
388.04865,97143504491.841,26042990494.14775
388.07281,157454396545.31018,74718993829.1877
388.09698,317986782989.997,225200561755.36145
388.12115,248760146346.84485,176226064869.93866
388.14532,1871277389131.56,1166923112630.389
388.16946,1722398672267.8892,1036337155906.4232
388.19363,119057657469.446,50719677474.70204
388.2178,175609914438.5685,51556920071.15321
388.24197,548473000929.5763,211178129173.9935
388.26617,496791413644.4549,349165478072.0084
388.29034,78900980152.07645,67317942549.00806
388.31451,209640454793.1517,118544581055.51164
388.33868,454089737473.9048,69643509449.10637
388.36288,546383556171.8824,100492091509.4269
388.38705,118284090276.06776,21010538748.42757
388.41122,46816567543.89409,26191099696.56036
388.43542,232261145309.0821,182377026936.88248
388.45959,205915550541.7649,157382565029.4507
388.4838,221995885954.85864,134419660942.22348
388.508,83408868827.22086,36264114610.54791
388.53217,106608511210.0671,57315573978.95391
388.55637,111525054512.52798,55644274247.00116
388.58057,239375770360.1611,48572807236.508255
388.60477,521477485490.0176,172743564950.2698
388.62894,332428920769.75073,101224162837.2695
388.65314,340289641225.582,42021439521.92588
388.67734,261184158169.96112,75653055226.30893
388.70154,266574689665.97455,141466684711.0176
388.72577,191597551868.47223,31707319953.966896
388.74997,24432269001.64429,13377778971.365349
388.77417,166407136941.42014,26875060046.600742
388.79837,343758746768.2779,41136482764.7344
388.8226,400300172350.3492,148997219268.65796
388.8468,200886060431.76828,67325277541.25752
388.871,165320785393.53247,30914924685.51926
388.89523,428828531337.2781,105057815889.3131
388.91943,373752558357.6849,161892113382.62463
388.94366,234837948664.5016,112853570137.72838
388.96786,701146753341.7622,206733985365.8655
388.9921,610448662129.7096,178132723377.03436
389.01633,216715112373.96735,84542678164.48032
389.04056,92123042733.87527,35949732834.80914
389.06479,115519605666.00598,71528458750.21483
389.08899,79578927327.68959,77990647239.68735
389.11322,114115883393.80472,131904163770.11086
389.13745,164698025357.44205,168482383180.7238
389.16168,425585876749.1535,215550950315.5905
389.18594,1413148477255.6216,646848266454.1982
389.21017,2132805086284.125,504840393372.718
389.23441,1164302381036.5276,389757005345.7729
389.25864,446044633909.27496,173663573654.77103
389.28287,407186927680.1471,245912557193.4648
389.30713,1187273950294.9326,1015877593875.7844
389.33136,1013590266613.3936,898360411331.0133
389.35562,648935589101.6641,301315317709.1191
389.37985,577444382143.2383,243103598617.2519
389.40411,319863881699.55634,171745536854.41983
389.42834,401757977198.2668,165083843177.3332
389.45261,725783018926.1934,145691718412.57828
389.47687,369061708814.045,43061718366.07544
389.50113,145052197887.40848,20957757859.735195
389.52536,143909832021.3353,34946688947.7383
389.54962,96466648130.97086,34367530177.94341
389.57388,270964470860.79105,125821423111.81252
389.59814,717344288393.3284,422305926618.3153
389.62241,1321198634056.921,554790298176.279
389.64667,547631912292.29126,128412792208.48474
389.67096,97561435451.11552,12548547571.262943
389.69522,51275390377.08828,8148143490.868518
389.71948,76901903799.55295,34674196330.46141
389.74374,166889037616.72757,109770554248.66826
389.76804,59606879761.25695,27132536400.662437
389.7923,0.0,0.0
389.81659,6729962525.950756,2131586360.4575
389.84085,94524154384.06152,45310816060.82169
389.86514,100414769390.05383,48565975009.98567
389.8894,286084380392.6716,127405808345.12376
389.9137,958450343522.268,255198067863.41
389.93799,1252529019506.5503,382052271364.11975
389.96225,270228632920.84164,107796091941.10043
389.98654,108012702040.6782,22105914315.046555
390.01083,79982340120.18372,14970866283.429008
390.03513,104085178655.44608,29470570863.78943
390.05942,106225539380.26222,52642754437.33262
390.08371,554155663539.8191,483471025362.2836
390.108,1684143643593.36,1512435581847.9993
390.13229,1381734177887.3416,734300799050.4963
390.15662,204475357502.2903,44646112095.62667
390.18091,193092637036.24893,59812492185.03127
390.2052,63565926223.8661,12969627595.050625
390.22952,0.0,0.0
390.25381,0.0,0.0
390.27811,16102502029.988722,8252150017.201388
390.30243,43001021068.63605,18767251449.153164
390.32672,67342566730.20659,17380914131.21705
390.35104,111369222256.01749,21056717397.249702
390.37537,0.0,0.0
390.39966,0.0,0.0
390.42398,0.0,0.0
390.4483,0.0,0.0
390.47263,103599558042.40192,19097659786.824917
390.49695,28515799543.6888,3363034992.3122067
390.52127,8527629893.5063505,1463887992.502315
390.54559,21083793699.28551,3778701048.5342417
390.56992,42918243909.995895,14555616133.443815
390.59424,106720114538.44965,33736480416.83712
390.61856,152826922610.96283,50937471014.351685
390.64291,333462286107.9331,93017078931.9948
390.66724,539728793814.8584,91173687969.4165
390.69156,1069866065641.7224,570725060391.1458
390.71591,967883729072.8636,1221131742721.045
390.74023,216013379907.24103,301668527362.346
390.76459,66344438128.15211,64790427060.85504
390.78891,287736042156.8716,129974701886.78532
390.81326,327222220500.4404,115678910189.96544
390.83762,171367099485.37222,123361826457.07228
390.86194,146170123066.2406,70854880407.70453
390.88629,356379171814.4043,177557499472.09937
390.91064,236654220437.28693,18620350460.895428
390.935,1117546651878.8413,712051640971.6105
390.95935,1943943436687.6372,361129099176.7252
390.9837,1273972993694.9185,427276360445.3015
391.00806,496063053311.3009,243155207529.772
391.03241,1019544389646.8046,580385218514.6189
391.05676,2266857748983.9897,1278476325343.3538
391.08112,968637485951.1165,507014503198.7953
391.10547,198980793844.8699,62766914859.59325
391.12985,175137658784.92636,47519695550.070816
391.15421,418337901922.461,247814120141.76727
391.17859,1445535200414.4158,746508393687.496
391.20294,4541749487608.775,640143299687.8147
391.22733,2207272754228.7163,457813206973.03033
391.25168,478415837488.1109,47370342660.75922
391.27606,116326132401.21338,19248540214.08475
391.30042,63858808915.86891,19424522513.72926
391.3248,80752358669.68745,35613665420.44919
391.34918,8250709687.097505,4690191608.840205
391.37357,72894694111.70972,58254010871.08805
391.39795,102068968983.35805,99743360943.6846
391.42233,132665107303.72012,108425283164.03476
391.44672,38881676670.30965,8007671871.311415
391.4711,0.0,0.0
391.49548,0.0,0.0
391.51987,0.0,0.0
391.54425,0.0,0.0
391.56863,45134070096.010025,38797226953.712524
391.59305,22916422634.777733,10020801115.661016
391.61743,0.0,0.0
391.64182,0.0,0.0
391.66623,0.0,0.0
391.69061,4817417109.376886,1247529044.6781838
391.71503,307494123396.37006,45838769228.06206
391.73944,551170084323.4905,288509128620.8905
391.76382,333291698738.3736,359152717964.0
391.78824,170275955914.32706,256707523542.4935
391.81265,61106860682.425415,99635526618.22124
391.83707,0.0,0.0
391.86148,131127987650.889,118121870962.80891
391.88586,273374101393.94864,385634999169.7781
391.91028,190183110098.5272,281468831708.6807
391.93472,157018201582.78818,185299436470.7649
391.95914,0.0,0.0
391.98355,0.0,0.0
392.00797,0.0,0.0
392.03238,0.0,0.0
392.05682,0.0,0.0
392.08124,15389733003.77698,19122121508.55634
392.10565,29160500075.816265,12708050603.730484
392.1301,0.0,0.0
392.15451,0.0,0.0
392.17896,0.0,0.0
392.2034,0.0,0.0
392.22781,0.0,0.0
392.25226,0.0,0.0
392.2767,47948192027.66832,38777982536.24564
392.30115,105458792061.86116,92809636548.74744
392.32556,116336179658.15231,96170029818.81238
392.35001,0.0,0.0
392.37445,132886525889.40616,73283817918.72334
392.3989,171152443057.6852,154563065074.5686
392.42337,0.0,0.0
392.44781,0.0,0.0
392.47226,76744116080.16168,27359179109.95867
392.4967,13743411136.197563,8494029565.385141
392.52118,46831038480.56186,23747238468.600613
392.54562,271869307849.0277,137420533901.82085
392.57007,125786758415.28992,33783552485.7002
392.59454,192603635895.6868,118086713901.36108
392.61899,0.0,0.0
392.64346,0.0,0.0
392.66794,0.0,0.0
392.69238,0.0,0.0
392.71686,185434767501.66727,48864457501.69624
392.74133,0.0,0.0
392.76581,8097060153.235559,5254795734.1265135
392.79025,7481941866.996364,3010700662.5095706
392.81473,15228948406.090952,9770506467.79017
392.8392,240775506461.132,222946406632.27176
392.86368,0.0,0.0
392.88818,0.0,0.0
392.91266,0.0,0.0
392.93713,54461802244.1811,48368642422.18055
392.96161,297768866388.0916,119843765694.6949
392.98611,792057367018.9204,472313671555.03625
393.01059,1459453543645.0637,1334890691324.4487
393.03506,455659008051.6174,149246977985.74432
393.05957,0.0,0.0
393.08405,0.0,0.0
393.10855,0.0,0.0
393.13306,0.0,0.0
393.15753,285917768263.47974,327463244806.866
393.18204,711610737043.8997,443494902932.639
393.20654,502919127032.2322,55055986922.071655
393.23105,290825114333.4573,20504765924.634464
393.25555,341102167629.0519,80257429717.14215
393.28006,831354558207.3871,359997699081.0827
393.30457,801662957669.7764,563767578101.4513
393.32907,458898133415.7255,345145429400.8403
393.35358,1803212929956.8176,534252698834.7028
393.37808,1714416051535.0442,457129185922.2119
393.40259,1117611959372.3357,137526923883.62866
393.42709,1363300529071.427,66792292109.06067
393.45163,1728819563879.0977,248482583108.2563
393.47614,172719681277.09964,67275162367.65618
393.50067,218694617444.07184,101208104827.13948
393.52518,138634418613.20386,46417038377.22985
393.54971,152948294674.9311,57648928694.62765
393.57422,0.0,0.0
393.59875,43567955608.23197,30024809223.52239
393.62326,58329081687.832565,54870283402.51155
393.6478,63549971448.58287,89931001868.07045
393.67233,497681319513.1541,715182565292.9613
393.69687,805951108905.0077,957343176446.3452
393.72141,406570342442.0368,333144072857.321
393.74594,72470369073.6177,27841892484.00936
393.77048,23828667621.72007,5223205768.346661
393.79501,0.0,0.0
393.81955,0.0,0.0
393.84409,0.0,0.0
393.86862,62212915200.03689,9302060739.272612
393.89319,73510237973.72769,15715917960.683304
393.91772,592597382678.3967,246280589253.4462
393.94226,1042472903061.4352,528463783222.7297
393.96683,538578318616.1744,353353750451.8977
393.99136,0.0,0.0
394.01593,78093830228.42741,44866089173.14092
394.04047,2919090835.0104413,870918207.2636588
394.06503,9595690086.370892,4062041878.0679793
394.0896,23309393072.048336,10452618419.730164
394.11417,436372945867.8536,218528865052.15985
394.1387,1067855767671.3376,877355311223.7161
394.16327,471373038026.5036,465717614272.18646
394.18784,401682051126.1185,382823705153.9815
394.2124,312900625229.26807,353315073360.95306
394.23697,156662452059.72507,174405253526.18726
394.26154,0.0,0.0
394.2861,120329942720.70609,71829810299.05533
394.3107,270686064614.20447,199435937794.7666
394.33527,1107555565793.2222,923547292475.8408
394.35983,2200118073863.411,1377199541135.4875
394.3844,1110355076230.9268,850168374658.4276
394.409,215770239087.56152,179594797808.68332
394.43356,523041298396.7394,338027797961.77325
394.45816,1522634206086.112,387374513960.24097
394.48273,1009809630668.946,222204199637.82504
394.50732,66246562063.89818,18238997159.901527
394.53192,0.0,0.0
394.55649,0.0,0.0
394.58109,60237405630.96221,26722418463.4956
394.60568,0.0,0.0
394.63028,0.0,0.0
394.65488,74312035556.75552,70773458414.22511
394.67947,32336278197.69795,22127199888.914104
394.70407,89488060094.75067,15788425327.314327
394.72867,87242228132.2017,4636525171.825163
394.75327,115096338686.10376,24289103665.806023
394.77786,191743535439.83032,32185612831.608868
394.80246,433709157950.9856,43254768331.98267
394.82709,1557538764820.694,685760362648.9817
394.85168,3433084676319.572,1398772102020.9368
394.87628,1285817405202.8262,505492641699.53656
394.90091,271198151269.49515,138547765445.51593
394.92551,235903526403.79245,50847872737.54785
394.95013,87702875659.09792,28561826185.097054
394.97476,52387641033.30431,21704803769.034237
394.99936,53071715170.17896,10408024065.807377
395.02399,261688893414.78644,147492249453.7156
395.04861,939758707650.006,743914990563.0457
395.07324,1601296810307.4534,1531768345231.7483
395.09784,641627076178.9161,594314829030.0625
395.12247,138620793800.2969,128728055948.35286
395.14709,73770584067.33931,86196613574.5291
395.17172,45239439977.50251,27241461326.284637
395.19638,3059374862.78252,1471490316.6544545
395.22101,0.0,0.0
395.24564,0.0,0.0
395.27026,88489345125.55125,36572709446.25325
395.29489,58623116767.22417,18735449924.187466
395.31955,63996995408.691216,17167484266.297615
395.34418,23718706392.993607,9816389256.507805
395.36884,48132753488.14082,27811830645.012592
395.39346,221975047278.2964,104190042728.62596
395.41812,330242510842.927,131921365523.89398
395.44275,990659246821.9058,399302627219.6673
395.46741,1919741672422.8232,596416283588.1179
395.49207,1327921651499.677,198187652353.706
395.51672,279963719332.15155,77996359489.51901
395.54135,351241146896.553,164182234923.37552
395.56601,247773221940.8967,94014315820.5744
395.59067,148820716691.63635,47052858908.1615
395.61533,260248253460.9553,103914902773.15147
395.63998,842445722991.9517,272799203563.4465
395.66464,1130903088604.2715,440190296121.9548
395.68933,618260117808.6946,347169027414.65326
395.71399,229947491259.8742,140063934057.63086
395.73865,0.0,0.0
395.76331,39644314070.52635,22036411099.011448
395.78799,29243707679.13484,13574639211.838034
395.81265,0.0,0.0
395.83734,0.0,0.0
395.862,30447654376.22146,2811317659.9409385
395.88669,44720689874.79013,4975240359.377326
395.91135,75979438682.82715,9782287012.46303
395.93604,274016457776.5313,33987282100.943893
395.96072,657649233519.9241,45729338774.26692
395.98541,583464714144.7966,198418853801.73785
396.0101,328099098961.0774,153050457919.72427
396.03476,377760456166.6889,163419705183.502
396.05945,711052527016.0636,380465993916.013
396.08414,562138630507.9937,200159053266.938
396.10883,203987928181.09503,30612073944.312862
396.13354,138828517799.89517,46347709345.335495
396.15823,135866651957.05772,40952083408.20197
396.18292,298333991401.47723,59054584658.576965
396.20761,296147755815.4729,55210737309.366905
396.23233,142132005486.08536,13200290773.675756
396.25702,39779682483.82793,4254842422.771151
396.28171,16103567769.108772,2768959403.7411094
396.30643,82134186490.56012,10843228728.60875
396.33112,20756183619.1602,3527819333.0811872
396.35583,47053065181.5013,7064855189.526404
396.38055,146304649474.1821,66442877827.24664
396.40524,627916276153.3171,273024378461.46463
396.42996,1702487802938.5896,1461527262777.5586
396.45468,1327527921733.6577,647191031134.4103
396.4794,694671035864.9587,486303789580.5908
396.50412,493325044385.3583,396145690670.7203
396.52884,852710028543.8081,243739060534.3898
396.55356,1467471696557.1404,506819424099.4877
396.57828,938227037369.6398,456153520515.2775
396.603,144008729444.54227,111673377851.4262
396.62772,584735721639.0353,471154285553.13806
396.65244,1252112480129.9385,711614514034.3619
396.67719,706709253802.2284,338629322162.9031
396.7019,776662893757.4749,222263744079.87817
396.72662,808344739484.8715,150887387979.86346
396.75137,576403895826.4335,57955114478.19913
396.77609,1419412178172.7124,290236029526.35693
396.80084,1859477297372.5093,581185476461.353
396.82559,1773477826479.415,464061009642.8015
396.85031,1300968397688.5852,122850061124.1616
396.87506,2016445011765.6943,661265919428.8329
396.89981,2119667456687.836,1313098800532.1367
396.92456,1722556153156.363,1007540584310.6764
396.94928,2036127641682.9165,1164468863292.974
396.97403,940572894916.024,450767513058.4565
396.99878,251229173990.95792,100039809841.44958
397.02353,139963660610.35168,66525606341.949104
397.04828,113249042210.62904,52931079143.38931
397.07306,148624900140.8557,50347938502.669495
397.09781,302617488415.2302,114468092852.30077
397.12256,278810754448.4404,78728548128.22424
397.14731,116869176694.88432,11155686016.460428
397.17209,99091965873.11818,20138555321.59119
397.19684,87810990167.88371,30207577517.67162
397.22162,82898179302.85254,11935138535.026249
397.24637,162166293218.0929,28554662419.244926
397.27115,239189009783.2433,43828985844.3931
397.2959,220098427585.8188,50202149069.5816
397.32068,108175068174.26463,28382456016.81381
397.34546,100014974050.24455,46694907553.13679
397.37021,206072644931.94592,207141134976.1395
397.39499,393951617982.3755,715285253417.8473
397.41977,326878120220.7004,532533807834.0734
397.44455,391203870432.5173,349538616575.4418
397.46933,722615577899.0139,387579232753.4458
397.49411,516289347357.0151,139351314123.81604
397.51889,148275097456.975,55786206058.52834
397.54367,36961953392.060326,14430099379.031284
397.56848,97046233800.80014,23808797760.054592
397.59326,305915043681.1966,77153091555.8321
397.61804,221464186315.7669,68114180431.43243
397.64285,83964257664.86784,18935564557.67024
397.66763,42880983094.17242,10643400364.627213
397.69244,88342134606.87282,59216229142.17738
397.71722,332877125267.1747,250764239009.1831
397.74203,208814555063.8188,69612659631.53578
397.76682,350600803999.649,46123487228.462364
397.79163,795773646794.2379,88078995773.76291
397.81644,1159587843511.831,232956283674.08075
397.84125,33231846079.85913,20192757612.33929
397.86603,29954685771.30724,21053639462.48228
397.89084,0.0,0.0
397.91565,0.0,0.0
397.94046,0.0,0.0
397.96527,171651005422.7699,90974320539.0986
397.99011,262699633580.7391,82586003608.87866
398.01492,211650073029.05048,40947600579.86872
398.03973,127517129674.78883,37457942677.61424
398.06454,171829802315.94156,52356748586.61626
398.08939,813446693984.6212,311566711317.9492
398.1142,951946245695.402,537240233816.4007
398.13901,514153378231.96826,282673301577.5442
398.16385,200614324010.0834,79312610454.08371
398.18866,82876252502.76204,26055053822.22035
398.2135,74739234019.31645,11114062764.374084
398.23834,122842810300.2193,25316655020.401333
398.26315,510584379792.0728,337411801362.09644
398.28799,909346010444.9968,870173298051.9357
398.31284,559555031143.0796,379475069353.2719
398.33768,226135479343.4742,110756287547.8876
398.36252,0.0,0.0
398.38736,0.0,0.0
398.4122,127429084115.37614,12132018431.89264
398.43704,229126428104.058,101550077426.55504
398.46188,183944086289.2847,71028537491.68651
398.48672,144334668766.4585,41848727602.027565
398.51157,121320256219.58508,50435688611.234055
398.53644,346050109075.12585,151790299901.41995
398.56128,758571828150.8883,320390535845.9679
398.58615,780594888109.6019,305339377179.63104
398.61099,674157885925.9637,463136925438.6431
398.63586,744737627155.0637,249480077714.80777
398.66071,1435452382365.0042,399583583076.1483
398.68558,1244623850610.9526,1084795877702.3484
398.71042,546848005597.87805,389369751105.40656
398.73529,166186913478.89038,90454145535.18132
398.76016,143613383373.97235,39620123222.13576
398.78503,123111339610.22745,22085723849.59821
398.80991,40790532630.10492,4664891718.775816
398.83478,46697398572.60777,7291773004.431917
398.85965,0.0,0.0
398.88452,184215678268.0944,67391046545.41655
398.90939,183413572321.8409,52873382275.96609
398.93427,0.0,0.0
398.95914,73862631203.95709,17787382779.576168
398.98401,0.0,0.0
399.00891,0.0,0.0
399.03378,43780931024.287605,13787026493.460115
399.05865,149990108992.28903,55786601921.53927
399.08356,141311095617.56403,37563914326.79955
399.10843,69602465076.21458,28273345234.77165
399.13333,291607758353.3906,102307011961.32968
399.15823,1001228140770.0104,485843126816.6315
399.18311,2033342326675.311,2014235441119.9248
399.20801,216062767988.1305,167486923436.51935
399.23291,0.0,0.0
399.25781,0.0,0.0
399.28271,69355021943.99216,43687507437.20852
399.30762,1157719322075.1594,410735033978.8884
399.33252,1771587481543.1182,628068511356.7213
399.35742,635285785907.7621,216100504106.03476
399.38232,29900541149.21394,15104650697.27798
399.40723,0.0,0.0
399.43213,98770451184.97476,118788538825.75484
399.45706,0.0,0.0
399.48196,178583507575.54535,114998225588.60982
399.50687,226529366233.3972,130320038938.9444
399.5318,0.0,0.0
399.5567,0.0,0.0
399.58163,0.0,0.0
399.60654,106144868117.4765,53975354775.6245
399.63147,63713967225.72329,46920164012.01633
399.6564,1602177767.9521763,1490405627.4650333
399.68134,144898641608.40024,116611560639.0972
399.70624,0.0,0.0
399.73117,165340431332.1457,94547748095.35222
399.7561,1539213675936.4946,1115710163538.5547
399.78104,1313480283779.498,763211365107.9865
399.80597,680482904634.84,350463000201.9119
399.8309,336326803282.8464,343192405026.9716
399.85583,71056676021.28473,82695434474.6905
399.8808,0.0,0.0
399.90573,0.0,0.0
399.93066,0.0,0.0
399.95563,0.0,0.0
399.98056,63672023008.061005,49708125356.17505
400.00549,375140441927.63446,391370669410.1516
400.03046,1498479735243.9055,2884583768131.454
400.05542,2378587555908.1167,3087026132462.9565
400.08035,1487738559517.6814,1223652849976.7827
400.10532,1683079745217.088,1525365869077.5134
400.13028,1349863758062.798,2029657938638.152
400.15521,1133692027773.54,1728608787523.276
400.18018,931501467132.8503,895256894838.8656
400.20514,318098540052.1548,236748472491.4884
400.2301,33793970568.906757,16743802959.665049
400.25507,145576998746.8657,58171005532.161385
400.28003,208862595894.10776,78343958138.07445
400.30499,6221233735.054759,951160394.4532804
400.32996,0.0,0.0
400.35495,3636047834.277452,805395771.4172466
400.37991,0.0,0.0
400.40488,0.0,0.0
400.42987,0.0,0.0
400.45483,0.0,0.0
400.4798,17252217232.258514,6553666013.40619
400.50479,0.0,0.0
400.52979,0.0,0.0
400.55475,0.0,0.0
400.57974,159634376375.07935,39768051939.76858
400.60474,223680524122.20688,154553994701.96448
400.62973,0.0,0.0
400.65469,0.0,0.0
400.67969,46788607332.61026,12716648932.915886
400.70468,74040742683.6434,38977450262.96639
400.72968,0.0,0.0
400.75467,80179339005.5626,94249959524.06248
400.77969,223192024775.08295,177090984104.2971
400.80469,177528302956.7604,96220675804.68813
400.82968,177116269908.41605,118618032151.20306
400.85468,84108555177.59654,38080244160.45285
400.8797,0.0,0.0
400.90469,0.0,0.0
400.92969,45840611070.99021,27363295040.12921
400.95471,2213041956.471638,2131904266.610908
400.97974,0.0,0.0
401.00473,0.0,0.0
401.02975,15006317773.860851,10613799282.82957
401.05478,156964367114.2423,183956157506.3019
401.07977,87935381105.94653,110673907516.01816
401.1048,18238666362.29399,21338914062.810726
401.12982,144692708961.57312,188007054354.3177
401.15485,577020491256.1693,722899919737.977
401.17987,1562198874506.3535,1031195111555.7867
401.2049,1381194851197.1655,569390803048.2181
401.22992,462996744993.2978,226375643290.22223
401.25494,466029310320.4423,155895936506.72354
401.28,1516110296023.681,431429475736.71423
401.30502,1416461118170.9597,401736192508.6274
401.33005,420724867825.8408,72840096603.06882
401.35507,101874826912.78308,28875200580.384663
401.38013,66688750971.5685,31842052471.726444
401.40515,85773887466.41565,71294312628.59314
401.43021,0.0,0.0
401.45526,0.0,0.0
401.48029,90801425494.74487,82725209241.67613
401.50534,192084593477.1428,142280579340.50705
401.5304,126265776908.73875,62152744989.1488
401.55542,133914350940.83649,46311167686.96903
401.58047,252624169800.28012,148330019685.79657
401.60553,1321671758160.1636,970291317645.0514
401.63058,1814663116461.003,961100909305.4236
401.65564,809951508764.0149,217383408245.68057
401.68069,86172284826.70984,18133355060.86356
401.70575,57670358220.23016,13529037933.52121
401.73083,109108172004.29082,35015901844.89727
401.75589,354226312600.986,77111957316.57469
401.78094,336371900514.4517,54407529160.7387
401.806,83315219554.85037,35871227396.693886
401.83109,5776126486.081033,4413131125.564151
401.85614,30711051293.957783,20855845404.898457
401.88123,65566148307.52744,22179946523.95428
401.90628,0.0,0.0
401.93137,14842920871.01652,5433830910.980602
401.95645,59328146523.71158,17872910790.120136
401.98151,121833573769.51886,24619456496.384518
402.00659,184493455407.50577,60698860665.31662
402.03168,2849155865.775897,511267620.5035496
402.05676,0.0,0.0
402.08185,42610196718.88909,24085902310.690884
402.10693,16765539873.97865,11648751653.58802
402.13202,17916896795.655197,13436211512.47905
402.1571,120996180826.21906,65143115915.03163
402.18219,0.0,0.0
402.20728,0.0,0.0
402.23236,0.0,0.0
402.25748,45506823039.54319,13805290092.596558
402.28256,34675184209.92898,8316990479.616117
402.30768,0.0,0.0
402.33276,38377395124.39925,11528277197.423565
402.35788,41594261647.19572,17106672245.27682
402.38297,42616103538.99007,17059494662.178305
402.40808,43088146309.15807,19712740063.66412
402.4332,214613455376.97403,87418067203.72685
402.45828,280454535981.91895,59032017820.325005
402.4834,152267450344.9032,16051316062.189726
402.50851,42463759552.68144,16114419528.53682
402.53363,0.0,0.0
402.55875,8491105088.736448,1873442165.5511773
402.58386,0.0,0.0
402.60898,0.0,0.0
402.63409,0.0,0.0
402.65921,89556056406.36078,5093135132.195909
402.68433,165773065437.7695,12662905571.159672
402.70947,547024414782.2396,234701254941.64923
402.73459,495706784409.2765,214900298685.2144
402.7597,212886859810.80508,67638057701.82531
402.78485,608719350280.5969,289320488608.4116
402.80997,1193383838350.3706,257477918125.28052
402.83511,498465994305.691,142290834915.5986
402.86026,81067804965.04495,15571045544.825632
402.88538,0.0,0.0
402.91052,0.0,0.0
402.93567,0.0,0.0
402.96082,9752468285.826132,2184023198.2983446
402.98593,26818480660.870525,17607342722.119778
403.01108,87218372133.82808,70746057527.83806
403.03622,58897754492.71611,35760543521.5686
403.06137,105806749277.881,37484519883.7181
403.08652,35523517665.48133,5188528897.620075
403.11169,0.0,0.0
403.13684,275906294097.9275,85786017705.87558
403.16199,1641029331525.171,369753239847.0368
403.18713,1150583671812.1536,186309207719.2804
403.21231,203325674595.32343,71260502592.55228
403.23746,49802132862.54256,12451062959.42414
403.26263,35647920644.84826,5551136562.405879
403.28778,61320664976.87125,14273093616.727535
403.31296,45082790420.50524,8580616341.226547
403.3381,90496530999.26392,11861141732.605412
403.36328,95215415942.99324,13526475299.15573
403.38846,13081981723.499378,2350042011.823584
403.41364,581506670640.8502,91505495535.86638
403.43881,667858841742.4186,143490663051.3765
403.46396,170644809559.33395,50666744327.229744
403.48914,71347881755.11847,21518425300.659843
403.51431,0.0,0.0
403.53949,10406220201.77323,4324518196.064299
403.5647,7219551082.092472,4115408147.934152
403.58987,30769262382.38036,16359761012.398144
403.61505,60295136850.64121,21582582809.77951
403.64023,66247667980.95552,24176996400.56567
403.66544,233377454990.57025,96399073336.35455
403.69061,164156802572.33066,50836647306.26189
403.71579,245605029427.04028,58954991807.31004
403.741,513182153789.47455,198625802719.00165
403.7662,836489609238.5787,433250109802.1055
403.79138,536433710430.2683,192534079539.4925
403.81659,141850318438.111,19598481757.31553
403.8418,163842970808.9114,12436109027.751274
403.86697,436390524691.7369,66177101415.740486
403.89218,569194170897.0978,269135364601.62997
403.91739,133682157495.54396,93255329090.51074
403.9426,96364248044.28651,68645591028.68872
403.9678,23184444225.58738,13123077391.51316
403.99301,3125396279.118845,1497944943.9158287
404.01822,89057250315.26819,25032488720.045208
404.04343,130499663376.09808,33498011870.813847
404.06863,53204623436.45579,4854478213.749647
404.09387,33446979978.364323,5757967019.31811
404.11908,73114246921.29633,14596096042.75528
404.14429,47490463768.947205,13808033232.197609
404.16953,24513321577.56316,5767332273.967426
404.19473,44620810681.12589,11502768090.387705
404.21997,35708185891.31801,12122822373.032703
404.24518,39731030070.95252,15876982657.071192
404.27042,68669239358.03755,20005149149.96206
404.29565,68587809086.49773,8376882851.02427
404.32089,124081611463.20306,29612050866.31882
404.3461,225056786957.553,86932961397.45206
404.37134,92068036063.76813,19678468834.17536
404.39658,0.0,0.0
404.42181,1494211121.7058103,243239113.72775155
404.44705,126397079869.14944,22611650534.085808
404.47229,295107147497.02155,62404785400.76319
404.49753,557673154022.118,167141980310.0697
404.5228,358628354450.335,158336908676.77277
404.54803,133398313365.06728,59901126687.325294
404.57327,39835018300.14938,15748635984.391584
404.59851,36121185441.87404,15830149816.091782
404.62378,22936232387.73035,11781667411.859396
404.64902,0.0,0.0
404.67429,0.0,0.0
404.69952,52710593826.42639,20831233088.045586
404.72479,135218605721.40324,28088166988.293865
404.75006,398590310596.34143,46789941627.10687
404.7753,649678282352.9606,91377908780.25948
404.80057,363699215643.0968,81840566457.39532
404.82584,127246468454.48769,23553555025.162743
404.8511,87826886586.8303,14731228810.229126
404.87637,47816307656.0401,12570020452.04328
404.90164,65780633098.98924,13073360144.149277
404.92691,144742486940.98978,19907508921.371777
404.95218,42014772338.64624,9334940450.08298
404.97745,37590264748.540695,10429682754.039364
405.00272,110349727285.85524,20946376500.151443
405.02802,161337707893.82367,46793667345.48156
405.05328,356871284698.2764,130359898668.56996
405.07855,1032330875925.9756,365452790023.0875
405.10385,1996407569732.032,738340525904.4066
405.12912,1529470146334.298,380256628652.20807
405.15442,588883676753.4656,96252742234.45705
405.17969,833585549377.2809,138173888131.0685
405.20499,993851266949.5914,229675468138.9705
405.23029,336003888282.97986,115176367794.704
405.25558,359107777078.0209,140038845891.2004
405.28085,225594353369.13596,79565798399.91595
405.30615,152529973214.93475,42051911243.902885
405.33145,62833245128.47499,18603304129.2889
405.35675,49902657663.79197,9313331825.714767
405.38205,188700522294.8337,36646093097.2623
405.40735,489113564762.5549,111539766069.29832
405.43265,548522904587.6948,72626040867.4549
405.45798,390509801615.8363,70817748715.61586
405.48328,643048848710.1763,124058647729.95898
405.50858,899277006339.0247,254740071732.80453
405.53387,1175751546491.1667,204101405335.41785
405.5592,2667258655818.8525,463232319222.5406
405.5845,3838518039774.896,1279221134072.6802
405.60983,2713045833772.629,1199998226447.8691
405.63513,1084857466853.5764,465116049905.50977
405.66046,393077893258.2005,119215118345.5574
405.68579,239217446861.62234,55649008869.18832
405.71112,122841173074.84346,22753083486.930237
405.73642,238792151349.4645,55196879958.70992
405.76175,892405378601.3065,476151199284.9289
405.78708,1328140599389.6052,808740948055.6285
405.81241,1079889302739.3612,534957117053.22754
405.83774,450716422087.72064,139428961793.34338
405.86307,151648060427.04617,34332456039.32576
405.8884,115825960021.81444,22873262803.55152
405.91373,70026134787.91316,11043737835.459309
405.93909,58938834331.46659,10624881385.381794
405.96442,84981749382.36504,24431190347.589176
405.98975,79008863851.42833,11045668137.91962
406.01511,83953452122.16579,19731017740.629948
406.04044,72858332049.98294,15177334952.768988
406.0658,340558055225.2766,60015214142.51872
406.09113,546013225419.7264,178515031715.79175
406.11649,133115467829.70155,14325177344.04611
406.14182,205992702399.90204,75543888854.29718
406.16718,265558115736.6687,155039223903.13602
406.19254,868402171058.4141,336927521359.1863
406.2179,1015895696951.7496,198292016742.4462
406.24326,654471821362.333,15466565813.426882
406.26862,334211095394.23694,55215872565.670006
406.29398,609644911263.1621,116304996892.5668
406.31934,1094859607543.1147,268658932701.06183
406.3447,396529339447.3127,72018949103.42854
406.37006,37247665966.182045,7884851771.05162
406.39542,49266705360.35623,8070940917.995289
406.42078,79970052013.28778,26544983564.85203
406.44617,37311877960.02564,26021569901.473606
406.47153,17059525176.78105,10205782805.095367
406.49689,61579635209.2454,25278206538.28814
406.52228,31704352770.89871,18498392704.676502
406.54764,0.0,0.0
406.57303,0.0,0.0
406.59842,55298015868.86752,5176981574.521544
406.62378,123684193945.17696,21397510568.719185
406.64917,93887248468.43936,41367396684.04617
406.67456,168263984023.55673,109470886237.27477
406.69995,141990234036.94052,97570132557.48784
406.72534,91855178713.29916,83430303756.73021
406.75073,77697684032.96246,52355375250.75847
406.77612,104879606164.64328,52802184983.01293
406.80151,574399104908.5386,249756781032.31317
406.8269,406836976414.6422,146393891226.04538
406.85229,128835788251.3866,51324125979.56755
406.87769,87876891131.34753,40919277589.45629
406.90311,108288027942.98804,51967363869.48152
406.9285,246212437932.5356,69909633356.05449
406.95389,639728306627.8325,143804553695.42062
406.97931,555526040390.5692,220945887045.7476
407.0047,212796165106.5591,79809627149.92905
407.03012,636433519895.4425,233437504510.48196
407.05554,1057371348419.3862,204139211284.77737
407.08093,572319642884.1904,128246044973.6749
407.10635,133336751086.1956,59800175482.49761
407.13177,91895162065.2452,34309080533.713528
407.1572,23691712140.42555,6117159348.88176
407.18262,0.0,0.0
407.20801,120106258197.00586,53261328802.595856
407.23343,116185136420.337,49330444150.84663
407.25888,0.0,0.0
407.2843,0.0,0.0
407.30972,72649927009.86218,8398979925.991315
407.33514,110159792350.44218,20022936726.33897
407.36057,0.0,0.0
407.38602,0.0,0.0
407.41144,83752223929.35652,67017840832.41283
407.43686,0.0,0.0
407.46231,25561431211.295025,13756689761.045176
407.48776,0.0,0.0
407.51318,0.0,0.0
407.53864,0.0,0.0
407.56409,0.0,0.0
407.58951,0.0,0.0
407.61496,60992412231.394165,57640372222.21256
407.64041,82663465691.49684,103776107137.86366
407.66586,230247780599.55896,192746749749.9409
407.69131,93255918951.58978,39058593081.12595
407.71677,39792256589.59178,9421209850.136684
407.74222,222872248824.4112,106935752500.28671
407.76767,297142702453.30273,133526366776.3354
407.79312,601332962624.5587,377751754409.1778
407.8186,942418043663.0948,620457582507.9174
407.84406,692535447576.2302,279566966327.48486
407.86951,186070515730.2001,61249932281.60192
407.89499,88855672206.45488,23367646200.53896
407.92044,0.0,0.0
407.94592,0.0,0.0
407.97137,370542168029.319,158487045617.0287
407.99686,147259176777.98767,23358037385.12444
408.02234,0.0,0.0
408.04782,0.0,0.0
408.07327,0.0,0.0
408.09875,156173620991.47128,32035110343.394665
408.12424,0.0,0.0
408.14972,0.0,0.0
408.1752,0.0,0.0
408.20068,0.0,0.0
408.22617,48481327023.025154,19348422013.372368
408.25168,48048858270.33721,19577194613.000668
408.27716,120204618237.45744,73889002450.87605
408.30264,0.0,0.0
408.32812,243097833373.5911,97511677646.14824
408.35364,0.0,0.0
408.37912,0.0,0.0
408.40463,0.0,0.0
408.43011,34328857801.05358,21091958849.77164
408.45563,22799931284.79399,6285976047.733141
408.48114,30992996312.84219,3464240564.773102
408.50662,17191967700.203762,5766311056.140917
408.53214,19363983885.394283,11311927037.009993
408.55765,0.0,0.0
408.58316,0.0,0.0
408.60867,0.0,0.0
408.63419,69121662259.95634,22436941616.872925
408.6597,4284389859.32957,1529308926.0477085
408.68521,0.0,0.0
408.71072,227648135154.92032,226211717483.5337
408.73627,136285383198.55096,89031709330.35243
408.76178,273432904212.61588,101585906767.50682
408.78729,773118392177.747,137105597991.08005
408.81284,231310176123.0928,58976798903.6441
408.83835,195401109139.1881,32094993609.771767
408.86389,161608067030.41846,37832428326.69252
408.8894,171176475059.32977,50231218039.5019
408.91495,0.0,0.0
408.94046,0.0,0.0
408.966,0.0,0.0
408.99155,0.0,0.0
409.01709,0.0,0.0
409.04263,130760807712.75291,56380416688.439964
409.06818,651735706575.9226,285403663105.50946
409.09372,2798761918683.724,1361149980789.5283
409.11926,1926410281124.848,1012210212958.5668
409.14481,664454813411.7036,314985619661.6362
409.17035,19355703990.90304,9495315224.703987
409.19589,245830702109.99524,161151804639.2642
409.22144,0.0,0.0
409.24701,0.0,0.0
409.27255,0.0,0.0
409.29813,0.0,0.0
409.32367,0.0,0.0
409.34924,0.0,0.0
409.37479,22380032959.43488,11683321534.641697
409.40036,65487044049.9441,24562030885.43583
409.42593,37689438168.66933,5588919331.533528
409.45148,390057550531.09375,35387657618.711914
409.47705,1320965645936.1956,145537735988.43155
409.50262,1075903504241.1576,275455296006.569
409.5282,268422205536.4418,84335952465.46825
409.55377,72298402870.25102,40768089088.72873
409.57935,73874575421.59123,45113373016.241646
409.60492,0.0,0.0
409.63049,0.0,0.0
409.65607,67148908007.71309,22824813463.55374
409.68167,109492827412.76738,43643758269.09673
409.70724,149660896116.8607,37286733839.46434
409.73282,149543174587.42508,17905553807.353024
409.75842,0.0,0.0
409.784,0.0,0.0
409.8096,72352832674.45789,32359072583.01805
409.83517,93219796475.92418,53308597720.06129
409.86078,128684199047.50108,69004857713.70525
409.88638,223117534660.3617,133302456905.5764
409.91196,299319892503.78906,140418535143.94122
409.93756,310223215247.1327,115894908983.16266
409.96317,653956372247.053,315649506917.1851
409.98877,2944232665206.794,901605845240.042
410.01437,7870519468135.0625,2609289060372.068
410.03998,11432468233249.133,2327269856608.8
410.06558,9473018441544.28,3598193262646.732
410.09119,7063513496274.51,2681226773454.5835
410.11679,5661019701015.966,795284819554.1398
410.14243,2788455802914.458,1793975962210.605
410.16803,595588717218.9261,245826470911.67743
410.19363,293213009510.97845,118888036468.84145
410.21927,97281339030.6309,22060444317.68277
410.24487,100889606976.81816,27303243074.837067
410.27051,90170017687.46391,19597849912.950363
410.29611,42700763483.80617,12980205057.373608
410.32175,55506646981.47621,12404026473.48314
410.34738,0.0,0.0
410.37299,58051429753.582886,13034719676.548347
410.39862,24706360208.20564,3353062570.483093
410.42426,2795808938.887004,774009748.4947523
410.44989,0.0,0.0
410.47552,75290081987.4014,16380836706.069729
410.50116,0.0,0.0
410.52679,0.0,0.0
410.55243,0.0,0.0
410.57806,57383870998.49105,15892750914.213902
410.6037,35136529276.91556,10113007948.24553
410.62936,0.0,0.0
410.655,44035417888.42868,18972530013.406197
410.68066,0.0,0.0
410.7063,33544318353.03687,8715285176.551853
410.73193,275793973576.085,94101949083.04004
410.7576,229922034958.90503,69910158153.37022
410.78326,85092346804.19424,23446193004.792107
410.8089,53107870890.72551,22045189407.933544
410.83456,62369457091.08986,20341168498.167923
410.86023,67188865648.999344,19419235823.75773
410.88589,46157077992.794525,23240846282.56029
410.91156,56907894981.67265,30336499240.182705
410.93723,298325203551.24634,236635349188.6397
410.96289,679627986995.4476,685987585623.814
410.98856,920614010915.8604,761444648060.5039
411.01422,1280408877215.824,577953192826.8395
411.03989,621601283513.2126,135279909840.69016
411.06555,112751327469.24872,36360075551.02782
411.09122,38153562954.873024,20314666909.757133
411.11691,77951552710.47939,43615154921.08767
411.14258,130623858621.43411,76771892479.58466
411.16827,184120255242.25363,73734976012.75812
411.19394,130570254835.6039,24863042271.27614
411.21964,96345449956.85384,13592600881.347382
411.2453,59317255487.60752,16309116749.62296
411.271,0.0,0.0
411.29669,1365266234.3892012,540866659.9383883
411.32236,26060717888.6519,7765578068.379813
411.34805,85071899415.40097,11710249038.96896
411.37375,51499443140.78464,8464037579.473549
411.39944,0.0,0.0
411.42514,0.0,0.0
411.45084,22302098984.693184,4477233690.704376
411.47653,11452453095.947676,2368634709.3995004
411.50223,0.0,0.0
411.52795,0.0,0.0
411.55365,0.0,0.0
411.57935,0.0,0.0
411.60507,76744952424.47493,33395190013.922028
411.63077,100241905876.30652,45414652309.57469
411.65646,33334489719.10246,14761639314.908194
411.68219,74106359004.90944,16984056946.75061
411.70792,47822042466.6726,9015269715.406025
411.73361,0.0,0.0
411.75934,0.0,0.0
411.78506,11674089353.171164,2935179329.291892
411.81079,0.0,0.0
411.83649,0.0,0.0
411.86221,8593426990.143875,2690469611.6398864
411.88794,100617227632.71246,22983862716.948143
411.91367,320242434626.51697,136161665810.52654
411.93939,865264124809.2373,356099299401.66656
411.96515,431173146992.7332,171014693318.99994
411.99088,80403253210.8218,35828909148.960464
412.0166,100772559111.21136,6676437439.177419
412.04233,32235228240.517105,5123470974.867661
412.06808,0.0,0.0
412.09381,0.0,0.0
412.11957,36745439046.06123,6737600316.553989
412.14529,110232435228.41026,18518015145.71756
412.17105,203824566877.7703,57846665733.02091
412.19678,496906888996.6885,199357741600.8008
412.22253,1159849474546.8909,412479815578.1326
412.24829,2156482574723.1716,763913542023.0693
412.27405,698369682705.5507,417732081525.1273
412.2998,212295573764.4872,138271042453.25638
412.32556,326805810519.14154,110836620658.33052
412.35129,707464472672.1252,71088597068.58282
412.37708,1836093554791.202,412089883533.0177
412.40283,3250578782372.4683,660694901253.4849
412.42859,2653518894960.546,672941437346.0577
412.45435,445558222955.2107,133939479971.06104
412.4801,85959027713.69289,39710415852.608986
412.50589,75579414581.0218,23936063160.31008
412.53165,216016339377.56088,47143950461.986855
412.5574,416041141256.7987,140413761449.0244
412.58319,1156647501675.2725,588964082292.0232
412.60895,1515686972418.6716,714676404515.3544
412.63474,444238677856.2364,184486350831.801
412.66052,123017584207.61292,41921228642.394745
412.68628,90760333474.15932,15500744629.370308
412.71207,174746732978.05777,22696242325.98749
412.73785,335988616063.9528,55206835994.44986
412.76364,467082837067.6459,92771556500.17256
412.78943,174328348441.2765,18664468340.56927
412.81522,97811361039.2753,20516885915.388943
412.841,88468330747.95383,31378059868.429707
412.86679,174433551267.80185,66536602220.76828
412.89258,296764144133.04584,71698714063.11072
412.91837,865054801668.3947,142339639567.38116
412.94415,1253600838905.128,276704212207.75006
412.96997,573270504997.2936,130313843812.28217
412.99576,244341912052.3259,60790578257.33953
413.02155,270679748565.34027,83388871272.90932
413.04736,138185791254.55716,45640779852.76794
413.07315,57460698191.9605,19586666672.8741
413.09897,47075334224.216576,10546015641.790678
413.12476,40397017635.72881,6766367072.253758
413.15057,38394854856.31274,8264010013.271453
413.17639,62734855555.204124,20306754784.26321
413.20221,62561824930.8182,24609648720.06523
413.22803,75945941485.80797,25468384201.95692
413.25381,70259460389.47166,10908783936.876575
413.27963,44141019762.26691,14900458218.710585
413.30545,0.0,0.0
413.3313,112806260499.69734,32392400187.15952
413.35712,0.0,0.0
413.38293,0.0,0.0
413.40875,0.0,0.0
413.43457,0.0,0.0
413.46042,89001729209.01833,39588906975.446365
413.48624,35799192076.12617,17455869092.13736
413.51208,171809146215.34326,54717129312.20985
413.5379,463279625633.4494,67401950389.8721
413.56375,932498498343.71,274030570153.75235
413.58957,1286073204784.895,138165230096.47095
413.61542,964448338834.2584,153841471098.03406
413.64127,1041921581732.073,252865911227.3937
413.66711,673544391135.4043,175273986877.20236
413.69293,360134853274.16534,69731267732.74594
413.71878,595671301103.9866,64790885727.10196
413.74463,2034490010772.56,589389235529.1222
413.77048,1933361164246.2715,1194074766666.5566
413.79633,1090853718922.9382,523519380869.6432
413.82217,319330582629.6116,80899314945.35101
413.84805,464424202345.5309,218696119115.7964
413.8739,577481854435.6998,284247731433.012
413.89975,299699868802.32446,144857163914.4934
413.9256,192529563063.67053,105977340871.91724
413.95148,199504233857.4833,66398181344.68595
413.97733,171671502922.19427,47621287964.52123
414.0032,138360099612.54813,38946195213.93736
414.02905,255293868447.25385,49498640477.262886
414.05493,500778551861.34607,143280701185.63303
414.08081,1192454831621.4602,439416551909.85406
414.10666,1262215249833.211,284280359644.59546
414.13254,611697330299.7003,113813054744.341
414.15842,1293317949834.1162,88050243882.16501
414.1843,1531455053645.672,354171542952.3859
414.21017,818890609041.9658,168816962767.75018
414.23605,789341583920.9928,127063844677.1471
414.26193,709204759675.4487,114385697967.29803
414.28781,292942227867.6276,29918916656.495693
414.31369,174609600301.87552,34738682024.74729
414.3396,87688336429.10736,19268146136.329712
414.36548,87162637792.23428,8064954252.817464
414.39136,98835925531.1485,10508254851.228872
414.41727,85775232758.08534,8508027750.08602
414.44315,97489494303.77908,10225405733.225672
414.46906,64131308422.10522,11544003673.908669
414.49493,120775514763.23602,31224066636.929348
414.52084,231167306007.68536,72415834589.00137
414.54672,925721620164.3516,146908253236.78967
414.57263,1548507586714.8977,175705138106.63116
414.59854,1438273764360.0425,286885169924.0457
414.62445,1495480387344.7417,317725761980.0196
414.65036,3203655095453.987,596488183877.1263
414.67627,1643812736977.9048,363544006303.5622
414.70218,269356939433.81387,48710350205.37997
414.72809,305189166783.9465,68292156355.97353
414.754,826419466280.0244,367015205307.1563
414.77991,911254713581.779,471058498430.8456
414.80582,364756646434.6119,212227230470.76056
414.83173,326373706411.5104,188924760318.4408
414.85767,163993189145.11322,62018369843.95016
414.88358,134129068531.46576,43900001801.27615
414.90952,178820578590.98254,81017476085.25905
414.93542,323177655859.9279,121837332307.21942
414.96136,972947375417.5736,237185744711.1537
414.98727,1335758392187.3315,259309849073.01175
415.01321,887310643673.7135,175481583072.1424
415.03915,1757664278245.8428,324770632896.0729
415.06509,3427657488275.224,871618451283.855
415.091,2608357469417.605,995560491907.5712
415.11694,726174778310.656,229666361883.069
415.14288,179991733648.71637,58008606815.68096
415.16882,107408532679.3219,30178624662.08733
415.19476,76915826918.13037,7708174194.618752
415.2207,99118979302.0705,4126293723.760564
415.24667,43786743819.78972,5236927476.022602
415.27261,95530883086.86166,14684516917.09671
415.29855,226830588101.3095,52955188343.1605
415.32449,759757624312.1692,70740080453.65193
415.35046,1254478093551.237,180217498196.69662
415.3764,585442589168.4833,51909604893.4084
415.40237,143373105954.7797,73136315025.24869
415.42831,34299047124.882683,16293154517.339563
415.45428,0.0,0.0
415.48026,9674401349.278467,2064549207.067633
415.5062,0.0,0.0
415.53217,0.0,0.0
415.55814,114818375528.2982,46948262436.37859
415.58411,588332050290.871,263137834944.10043
415.61008,1240052249193.199,958277583905.2656
415.63605,927190297812.1156,756112721471.5283
415.66202,412694596028.2705,181950619533.98608
415.68799,471843953806.5041,105821188686.29846
415.71396,962939348461.1534,287007401466.17267
415.73993,1264235806303.7583,179430666790.76212
415.76593,696145323301.891,593446118130.8431
415.7919,113482607750.84824,74758670743.24884
415.81787,0.0,0.0
415.84387,16638847228.75358,9980087704.629524
415.86984,62678487524.130005,57395051539.322
415.89584,23357859049.13969,21739817936.75543
415.92181,0.0,0.0
415.94781,105264830800.78828,15577072893.969912
415.97382,63025412407.53298,23519249983.52296
415.99982,6485238062.199753,2686860327.1422963
416.02579,0.0,0.0
416.05179,0.0,0.0
416.07779,146138481314.32944,52498787088.619286
416.10379,45112030249.48072,24730090755.987648
416.12979,0.0,0.0
416.15582,197891638953.21503,237630024057.61
416.18182,228871745407.932,287039892908.1504
416.20782,102864227540.61942,116298875848.20248
416.23383,0.0,0.0
416.25986,0.0,0.0
416.28586,0.0,0.0
416.31186,38241145767.54412,25844117661.664005
416.33789,141069163980.66946,124359802997.35416
416.36389,259046186906.5836,140096758001.08954
416.38992,397335595320.19214,139814143918.98862
416.41595,316441133063.05365,302283376479.069
416.44196,346792208763.29895,468375525179.287
416.46799,176650788070.3156,193545462215.2744
416.49402,186239345840.83704,63985136495.78735
416.52005,272989802261.45047,65919823576.817024
416.54608,0.0,0.0
416.57211,173962309102.2829,142257006134.20648
416.59814,56745106320.06666,60365635659.52005
416.62418,70227239539.23607,50542305946.117134
416.65021,385089845618.65967,95163106206.01112
416.67624,331125999322.2254,125850713552.84616
416.7023,775236480458.3027,633875177863.4309
416.72833,999618190810.0466,934725546171.7784
416.75436,163596470735.7668,105890640589.7632
416.78043,83309941138.99507,38618229752.27193
416.80646,0.0,0.0
416.83252,89875574455.66891,47521436186.86932
416.85858,0.0,0.0
416.88461,0.0,0.0
416.91068,0.0,0.0
416.93674,32973304775.07332,12524952344.592903
416.9628,26472844156.21604,7218710716.713027
416.98886,25806945728.261616,14188786191.636692
417.01489,0.0,0.0
417.04095,28740607889.658817,11040112466.16186
417.06705,0.0,0.0
417.09311,0.0,0.0
417.11917,0.0,0.0
417.14523,0.0,0.0
417.1713,0.0,0.0
417.19739,68279784292.92321,58446633001.40462
417.22345,60396204081.35408,50786419651.8162
417.24951,0.0,0.0
417.2756,0.0,0.0
417.3017,0.0,0.0
417.32776,30407778055.27447,9955975843.132626
417.35385,0.0,0.0
417.37994,72659807901.8001,27656149033.30332
417.40601,97669133303.84576,54898912207.78802
417.4321,142148876962.16718,38936467557.49494
417.45819,249050724046.2365,70832536233.92935
417.48428,359743134627.85706,170874434831.03552
417.51038,21780274792.808067,9864493064.105494
417.53647,40075864294.50001,6083797217.4814415
417.56256,0.0,0.0
417.58865,0.0,0.0
417.61478,0.0,0.0
417.64087,0.0,0.0
417.66696,77740150949.85544,54937501358.95776
417.69308,0.0,0.0
417.71918,0.0,0.0
417.7453,49033223291.92996,10515057266.725227
417.77139,0.0,0.0
417.79752,0.0,0.0
417.82361,234741394659.6652,107565305909.5872
417.84973,218741466781.32544,80943610770.06714
417.87585,34504928880.27145,14302264688.436333
417.90198,0.0,0.0
417.9281,117162922918.8152,78626460860.1338
417.95422,66483178758.43877,44307325044.04417
417.98035,0.0,0.0
418.00647,73741662924.10324,28063225211.31436
418.03259,39132384079.93669,18707890818.9974
418.05872,67577453362.983376,34709789625.44208
418.08484,63814424038.59512,11863957735.401163
418.11099,55908088515.40961,8021630011.506822
418.13712,84546614614.35696,12022249653.261637
418.16324,49323111564.14617,14542627131.985777
418.18939,0.0,0.0
418.21552,0.0,0.0
418.24167,0.0,0.0
418.26782,62337882212.66976,31780430111.02978
418.29395,38471898888.05344,32342241675.51179
418.3201,90015044306.40463,71312123912.2359
418.34625,103103842094.36168,47253857901.95824
418.37241,218681122579.651,45402478225.73761
418.39853,436989059923.73816,173199731707.42084
418.42468,966463907972.7802,356661470038.0425
418.45084,1331868434715.2043,775165336533.1102
418.47702,487929173623.1797,172642832118.4965
418.50317,561905839381.3962,114018020335.41013
418.52933,1049464817845.6122,272439921981.01672
418.55548,1215854836441.177,397800405359.6293
418.58163,976359085678.6138,323477313986.92847
418.60782,625568047170.1193,164112032455.5626
418.63397,842600779390.6193,120248159457.35149
418.66016,583853458170.694,68762291748.0731
418.68631,148103581361.38028,33591230758.247124
418.71249,0.0,0.0
418.73865,0.0,0.0
418.76483,0.0,0.0
418.79102,43265470823.47512,24496646718.600105
418.81717,62353027678.1626,33169142423.438557
418.84335,39966613770.91323,16961791978.676405
418.86954,99698052142.4366,31175061993.0021
418.89572,166339702693.7294,24414884684.24028
418.92191,392179850019.8889,68218852591.0582
418.94809,538600772307.4332,97235512900.65907
418.97427,427474289880.58704,98509266527.90848
419.00049,789916765107.5907,258567522446.4988
419.02667,657262188662.6539,202208062496.4069
419.05286,162075574505.521,58096311525.79503
419.07907,31374603075.20094,5143104099.613221
419.10526,0.0,0.0
419.13144,27148230378.016804,10300244465.334711
419.15765,60191865127.94924,17837190377.201023
419.18387,6898644345.996606,2511296009.157387
419.21005,6615478309.729892,2832856680.6061807
419.23627,27985936290.809803,14469442585.57582
419.26248,35416378834.15942,13289753435.279257
419.28867,68179950360.81835,15539920709.503162
419.31488,83032015674.32228,22777548191.58671
419.34109,72216808487.45277,25260175287.61838
419.36731,254467773055.1072,117767518456.92323
419.39352,928662294587.3422,279453431996.5722
419.41974,804701211659.3293,144875847205.15573
419.44595,252509881313.53525,67706867387.43773
419.4722,73101625454.421,12121263561.326088
419.49841,7584139265.436179,2323640020.7147737
419.52463,0.0,0.0
419.55084,35992407347.2081,9416624327.519878
419.57709,97545922079.6972,10746268653.489107
419.6033,86342073167.15538,14113813515.949612
419.62955,57935258152.63024,13399876791.458036
419.65576,113943250630.92728,17664131062.887012
419.68201,181943917549.797,16204299185.455648
419.70825,122622768796.84578,13750071490.123491
419.7345,59828136056.91878,33282555083.23688
419.76071,9913822494.000065,5301023676.362825
419.78696,0.0,0.0
419.8132,0.0,0.0
419.83945,16612740331.581997,2105606044.7949028
419.86569,0.0,0.0
419.89194,0.0,0.0
419.91818,0.0,0.0
419.94446,0.0,0.0
419.9707,72675007986.27719,6259798886.489232
419.99695,10329983167.533714,717480507.1454672
420.02322,157798328412.09232,33146830807.76541
420.04947,69913384920.90437,25378977529.325592
420.07571,89881149197.68913,27307367170.00473
420.10199,33480208908.648468,5914170313.078771
420.12827,82304145274.91554,13124315671.112017
420.15451,187367409409.13895,30144031385.650597
420.18079,500774254159.4647,109901711843.7276
420.20706,732148899506.0857,143870430034.2361
420.23331,514565055608.0552,99342898787.68842
420.25958,516932436116.6751,106739733226.20271
420.28586,137245067898.28516,39667270188.758095
420.31213,86682974289.30205,41563823814.224304
420.33841,85729846688.6829,31847172101.96449
420.36469,47531716995.24463,8113424911.98443
420.39099,92760975139.10056,13646971100.041237
420.41727,92790923520.55446,12009116477.6513
420.44354,40840238638.42113,2987936000.5297937
420.46982,57954569349.51557,8141960777.958901
420.49612,150805120.48461324,32681042.7838096
420.5224,56080758897.49778,11170377202.778444
420.54871,16793196397.271564,3279828001.275016
420.57498,86550393591.43532,15293839529.04793
420.60129,120819231236.66016,12549985297.104452
420.62756,140721072978.86642,7924646542.683552
420.65387,246349642578.15237,25711322521.57377
420.68018,422794811148.17487,88635484486.85153
420.70648,266758704740.3404,70478693774.45732
420.73279,362566826704.7254,134112591268.5756
420.75909,1020762996984.834,358793470634.5411
420.7854,915444989205.5846,134812116205.36412
420.81171,472903122362.99664,49589458865.86434
420.83801,432621433829.93695,76479811378.03514
420.86432,177094440911.35376,42899468981.15265
420.89062,117445361617.17546,17742913486.14541
420.91693,115200128288.97986,10286429205.567753
420.94327,101295967210.5242,18918880756.430347
420.96957,90346940305.19696,34535916006.52363
420.99591,78394132217.9173,38675077359.60349
421.02222,44191222025.52065,12419914718.4695
421.04855,241558956915.4547,60439456600.420586
421.07486,541968099865.9076,131989602817.33488
421.1012,394630141768.4742,68757272424.39136
421.12753,62922735656.751686,15256385151.00982
421.15384,168478487839.9616,33458029270.69974
421.18018,457974908215.7307,49543342349.781685
421.20651,564190061495.453,240113468531.6798
421.23285,285385785686.1103,224086275167.0423
421.25919,97887536558.91129,57580865660.92828
421.28552,68640657103.29484,9426734289.890663
421.31186,71498522967.75659,9200200084.131023
421.3382,128777358824.68616,27574576272.84207
421.36456,130610462840.19437,39231343244.99992
421.3909,79782949881.13509,8985720822.723295
421.41724,200409424927.63303,36168339601.50098
421.4436,264985702785.35263,69014961554.11806
421.46994,1101569334795.0322,149345647610.3633
421.49631,1697109632757.8335,432029620854.4227
421.52264,1077203063404.337,37088699318.050415
421.54901,279789071025.2358,71710989529.54187
421.57535,130986570417.6744,28441647134.245804
421.60172,97670596882.89522,13557087329.043926
421.62808,0.0,0.0
421.65445,0.0,0.0
421.68082,0.0,0.0
421.70718,209858523211.2667,81288204020.35368
421.73355,569800655092.624,306261565548.73065
421.75992,1206387245358.299,661716569620.3878
421.78629,646834884794.4291,215949041025.6836
421.81265,855813973648.5559,262666763907.20007
421.83902,842941452104.0592,449912026465.5109
421.86542,731051163628.1138,625450636816.9618
421.89178,865533647100.5205,686389228491.9707
421.91815,1521311668002.902,838377055505.3528
421.94455,2064732469290.422,787039110079.7938
421.97092,932762933284.7812,172184585038.88788
421.99731,255288481238.28055,24246368865.23817
422.02371,147566291911.6135,20863575094.5474
422.05008,115952174117.28836,15028727405.44774
422.07648,255198198623.7258,78096819520.0281
422.10287,643204511987.8766,272474070975.3711
422.12927,695556037450.4601,173665889184.91544
422.15567,331177470845.97766,110061894766.31296
422.18207,217985151312.17645,58024448474.99243
422.20847,155973178067.62125,37949873797.13088
422.23486,114451652331.12093,36191150105.23055
422.26126,111525021889.09357,22859400817.128048
422.28766,94028933920.39256,22866020685.21499
422.31406,208941177390.05783,64098042177.13513
422.34048,323876033669.4545,128304857380.24512
422.36688,196490034293.43958,57263948918.77763
422.39328,84286943313.77226,14045317646.803951
422.41971,66037168019.35256,11054746397.001854
422.44611,97640401273.05405,11125437495.770931
422.47253,86199987688.99692,4941571741.13201
422.49896,78138609145.04611,8295280711.124272
422.52536,379418248474.1557,68245979459.32898
422.55179,516071988767.9047,146241118549.6743
422.57822,150078812897.82974,33136389529.303043
422.60464,23923455676.80675,2205345557.2467666
422.63107,0.0,0.0
422.6575,36884458220.59132,11944729293.866838
422.68393,50385407440.79507,16932914303.062449
422.71036,126756591608.35696,24428768943.783607
422.73679,309983247651.14325,31238189286.571564
422.76321,1386373406190.8513,111492026635.18228
422.78964,1472111481734.74,135317642800.36974
422.8161,268107413252.0158,33859922139.77682
422.84253,151748164812.32352,32237879928.91848
422.86896,340471242644.3032,84789113883.68294
422.89542,168497424370.9675,47886998171.70207
422.92188,244917348653.67767,44683808503.263336
422.9483,470176617994.4706,97970204996.20062
422.97476,1580578615747.94,434592393965.36176
423.00119,1807061810848.5215,292378134087.1873
423.02765,319435003742.3963,58456318347.31743
423.05411,127815594597.60388,24733330069.582397
423.08057,164567928571.45612,10102745343.398483
423.10703,34096359409.828796,7975889601.080068
423.13348,34784742998.77465,8504086273.544456
423.15994,308438043140.65027,71872640386.00484
423.1864,865027505778.0363,203914897081.50504
423.21286,1514733913184.7014,335105279585.4542
423.23932,1396581356321.0789,201331116061.98697
423.26581,909635547855.7906,188378985167.02057
423.29227,714861100862.6544,199445408126.5645
423.31873,221239425258.6281,29597194718.767315
423.34521,80880235563.97728,16830221226.901457
423.37167,96394787900.55106,13303971251.095264
423.39816,103205553258.62358,19635880679.017326
423.42465,74117964465.97409,19305475426.17279
423.45111,140293139458.3412,40419873367.53666
423.4776,199952573467.9288,46619716551.73172
423.50409,252132583919.44888,45114230340.75144
423.53058,180124876385.93622,38607947890.0662
423.55704,119274301308.76572,31126187134.29209
423.58353,93165304237.69356,31753959392.456623
423.61002,194904609405.34937,61190680229.75449
423.63651,447403689903.9526,126967586480.11987
423.66302,607603154065.4277,190125631859.50665
423.68951,557061596627.6855,123736511575.9116
423.716,1264005154044.5928,354837940261.366
423.74249,820844687272.1772,313906580283.2679
423.76901,343569458105.8468,130780368647.68085
423.7955,217125236604.58957,67820257209.64253
423.82202,581147684064.0684,183487122608.62256
423.84851,1663472716990.7876,594717860310.7672
423.87503,469262661930.24567,81092875509.3571
423.90152,180673139592.27612,33622818221.32294
423.92804,168937960839.56232,37629685920.20241
423.95456,422325078225.6009,61477024454.77413
423.98105,591953220985.1042,193362396959.3579
424.00757,187587435172.7719,85672754008.83148
424.03409,52094862709.22124,18187974079.51542
424.06061,36662765063.14639,8261148232.222377
424.08713,66426905484.04276,20940357214.38109
424.11365,40176749990.55288,10642984514.82645
424.14017,190195625598.73837,43205255539.198006
424.16672,73811301431.41437,22286168518.71245
424.19324,23014925943.899025,6778785067.0054455
424.21976,0.0,0.0
424.24631,0.0,0.0
424.27283,0.0,0.0
424.29935,36397939632.93654,15177878355.284678
424.3259,95111613863.64616,50698066127.12366
424.35245,0.0,0.0
424.37897,67420660955.93251,22579065177.26767
424.40552,0.0,0.0
424.43207,47689073420.57447,30480868078.585392
424.45862,110012759162.71468,64117879694.19334
424.48514,219634151655.0396,138487610106.27078
424.51169,124919781817.47874,65243054054.29952
424.53824,188292595192.8697,44351761079.38434
424.56479,195753573295.8153,49277105945.49976
424.59134,305942762841.90784,66640190144.72354
424.61792,78719649358.22243,22284590389.18324
424.64447,98434969790.84352,34005629911.341877
424.67102,298042372939.00415,51715909668.02084
424.69757,94613176897.63382,20473113136.57052
424.72415,167587803568.1305,32762194693.471287
424.7507,279102577429.283,79505490452.78325
424.77728,0.0,0.0
424.80383,3989694660.3626432,2944809126.572489
424.83041,0.0,0.0
424.85699,50528246800.38853,30425571708.91937
424.88354,117612019796.6801,47357884419.59959
424.91013,277539032359.8751,56510731902.111404
424.93671,429031662177.6659,81424634012.12778
424.96329,1755836318536.43,747854227666.3572
424.98987,2166406769723.7275,916497881501.23
425.01645,739328092709.0648,201249871351.662
425.04303,267144475344.5303,97461076535.34145
425.06961,384404477085.21466,125673589953.87727
425.09619,447757536679.8164,307335657349.7411
425.12277,1248261944337.1929,861611168238.1846
425.14938,3962676809889.652,1909698706470.9983
425.17596,8991113025391.59,4368295072479.205
425.20255,10424356994322.123,2657956529296.328
425.22916,5354496303336.218,3093431406942.3755
425.25574,1225415070408.928,569606552927.7649
425.28235,360984487103.4195,89296153392.45265
425.30893,143272974730.66464,22215696873.677776
425.33554,174726129336.55426,96014282637.86012
425.36215,185477954694.8063,80422055514.31474
425.38876,52957536943.13564,23685153050.65428
425.41534,143851343665.95837,88079042326.11241
425.44196,0.0,0.0
425.46857,13643542987.462814,2029663821.851132
425.49518,61162013762.98148,25480206256.952847
425.52179,0.0,0.0
425.54843,37492094577.22918,6437713212.648797
425.57504,174716880447.46933,43671392168.833984
425.60165,149782565356.83856,108206030021.60258
425.62827,282632999754.89905,215640204907.4122
425.65491,139674886769.31622,77399977212.90709
425.68152,69413042609.9079,29511354115.792263
425.70816,157121628360.91803,30717201251.5664
425.73477,145399564556.33884,52543161078.41388
425.76141,38441070731.51555,9693505301.35916
425.78802,26105460694.696808,2295371649.8640738
425.81467,403715193245.3168,120536838409.2712
425.84131,960927260469.5488,450557298208.9733
425.86795,963145729504.6812,351670408738.8959
425.89456,393089336236.0743,41245170245.68211
425.9212,138815374746.35596,13958576474.556889
425.94785,232201676871.6416,37088123128.88152
425.97449,427049263463.0759,132512872954.18594
426.00113,844982784495.6184,419355007143.8821
426.0278,359147200533.75946,255628716176.44165
426.05444,0.0,0.0
426.08109,0.0,0.0
426.10773,19171597256.222206,7352514058.398086
426.1344,61622220406.4314,28834382343.68545
426.16104,6934182079.033557,4233900644.6779113
426.18771,45531785232.18979,26406998801.627228
426.21436,0.0,0.0
426.24103,76901129287.48988,34915415245.56979
426.2677,0.0,0.0
426.29434,0.0,0.0
426.32101,1514929985.1024594,311272591.0910884
426.34769,67758792440.96356,12974126924.683794
426.37436,149242474824.68488,48776973295.7684
426.40103,146696888393.59738,44226125436.038994
426.4277,25295602194.242527,5682390525.455158
426.45438,242932911735.5092,74001792402.99612
426.48105,424130499552.363,207095828460.36917
426.50772,1750533384106.5952,1100490311507.5525
426.53439,2955160889732.78,1374076723188.134
426.5611,1188817191236.6863,324080702064.7277
426.58777,253579930495.15137,39419473474.498
426.61444,207358894386.70068,52789024429.15371
426.64114,42119187870.81927,20931082680.000103
426.66782,30892223850.824043,13669546944.94804
426.69452,0.0,0.0
426.72119,85149279912.68553,12936240322.897243
426.74789,72537666249.77252,22303200960.87612
426.7746,65779101306.92594,25322855785.71257
426.8013,0.0,0.0
426.828,11047562869.042149,3983194766.413953
426.85468,152751812591.03683,22793844265.364506
426.88138,479507271564.1874,127246985365.64246
426.90808,573506912375.726,201569594805.63885
426.93481,313488063793.8462,73268178175.59813
426.96152,32203232292.616627,3694165905.095948
426.98822,18446240002.77657,1946910238.605137
427.01492,114651831374.7029,30299671494.42607
427.04163,56447624685.79003,12696825513.862003
427.06836,146027272962.7643,36539224263.68135
427.09506,613389607646.4109,182768462294.3617
427.1218,1274118916621.3906,535443176840.3248
427.1485,420182758316.3717,171761441100.63745
427.17523,1102142011513.318,650650788655.0682
427.20193,2069433545252.5168,1431509166128.3027
427.22867,792271692656.1715,212919617312.6822
427.2554,1374544431581.614,441578427472.7555
427.28214,2520075666638.7,1135288021239.078
427.30887,850426582512.7699,211603605634.6089
427.3356,137155490066.36118,32786714566.22312
427.3623,99680816640.93242,27207644337.28863
427.38907,0.0,0.0
427.4158,0.0,0.0
427.44254,0.0,0.0
427.46927,124561864618.14494,103266161715.55911
427.496,80467765335.73721,28552417537.907314
427.52277,75784497229.32303,12584709979.5396
427.5495,29673052755.38837,962810345.0206944
427.57623,118381985958.79004,3389991849.0877767
427.603,0.0,0.0
427.62973,0.0,0.0
427.65649,0.0,0.0
427.68326,0.0,0.0
427.70999,582234775404.7612,314300771860.1801
427.73676,416586711425.9198,170366631375.09976
427.76352,100081839929.7688,24420267466.428192
427.79028,70427224552.02847,33178913787.952995
427.81705,83357586582.43056,58882837338.8888
427.84381,0.0,0.0
427.87057,2739418663.062328,811797785.121489
427.89734,28017601570.774696,11671001050.367905
427.9241,80298965268.61516,34527735178.47219
427.9509,70812267992.9568,21622299732.2448
427.97766,13469195661.733051,1918502088.5073864
428.00443,14638639167.073692,3795488892.182852
428.03122,0.0,0.0
428.05798,20060839418.46608,3236970913.333472
428.08478,39447583384.73524,6279970592.398047
428.11154,55460074054.94482,5308486017.346792
428.13834,38222777701.38475,8284789883.281032
428.16513,70221578747.59589,26636990139.37872
428.19189,39030527051.98783,14238626573.456614
428.21869,0.0,0.0
428.24548,65070287051.33856,13066737627.726095
428.27228,62008952232.523705,11268953418.995956
428.29907,349792591899.3994,80609802982.99805
428.32587,1229353589637.2932,383251074837.8005
428.35266,2200725776431.9463,581012587256.5098
428.37946,919046585997.2437,101898763019.70367
428.40625,208700889962.7416,24524157371.67645
428.43307,389356696418.69104,92982474134.09308
428.45987,561268465967.6543,154818297013.9694
428.48666,357671011738.4944,44866221571.11768
428.51349,639033574857.1497,42764166731.21747
428.54028,1098139299121.9458,196500980387.0988
428.56711,832265647882.054,182954524784.34912
428.5939,293879682159.73083,45102352288.89172
428.62073,38222482585.64281,12074373576.482752
428.64755,8502647530.819598,3619849647.26649
428.67435,70699435608.66116,21479069906.20969
428.70117,76616769868.25139,17866075517.503407
428.728,7408511531.664334,1847442311.253631
428.75482,0.0,0.0
428.78165,0.0,0.0
428.80847,36397594568.96541,3646466704.868921
428.8353,74522124300.39629,12477944744.665585
428.86212,18441757252.599754,4613542432.220335
428.88898,0.0,0.0
428.9158,14642017700.181269,6337564203.709419
428.94263,29451827553.24778,14870300962.975536
428.96948,74361106474.66716,26486354864.25469
428.99631,196414252645.2528,34015636079.579357
429.02316,410797900245.8848,23388065143.268124
429.04999,262119783166.7205,69984828655.02467
429.07684,106138180862.1668,36613874294.43408
429.1037,97785041312.94089,14705208128.588783
429.13052,87159831413.7548,9220068466.989693
429.15738,86314465789.37349,16465652550.397638
429.18423,111124362030.64426,26157776030.90191
429.21109,106439681644.9266,14736347512.47829
429.23795,73448373370.21602,17250636905.926876
429.2648,0.0,0.0
429.29166,49139948661.64968,5520724713.110472
429.31851,65278437406.28109,12921890170.005013
429.34537,101589919726.50037,13687684636.742975
429.37225,520065622520.2476,39386146812.93679
429.39911,509851444224.7564,7818686468.430542
429.42596,566095524311.6487,86952067768.5514
429.45285,1093970983382.323,373476096844.9938
429.47971,789068760085.339,146514203729.09464
429.50659,733483424240.4977,130121464286.19594
429.53345,343848516738.9701,51797789684.9796
429.56033,356535789500.9402,50616248731.589226
429.58722,1310461926155.3364,182895222231.67004
429.61407,1973469514397.5889,259088862233.3127
429.64096,2581021823898.293,677631273739.4755
429.66785,1731051404529.2783,572948868674.5576
429.69473,918194926074.0264,246654691483.4999
429.72162,628031620588.9178,112844119557.24216
429.7485,312178543350.2352,69454765711.44466
429.77539,767307928416.2666,172588843212.35245
429.80228,1094723884158.8644,334799435996.14954
429.82919,809817592720.9766,193981692171.9204
429.85608,243147934384.03848,73408642503.068
429.88297,174424092428.2456,79920608379.26329
429.90988,226655239893.91168,94233940258.48056
429.93677,752401450185.1791,156676126948.87766
429.96368,1174385543003.541,249344352584.3964
429.99057,563289338132.0723,206114546039.74707
430.01749,241627255974.76135,76576035499.66286
430.04437,117339731670.80156,16960576685.991877
430.07129,93640117194.95451,5839848363.683103
430.09821,147517596113.26218,11395317900.764095
430.12512,296486688938.0195,32619371737.18248
430.15204,438841245349.38806,80167436367.99692
430.17896,228704014073.49948,46833354885.39548
430.20587,561192081650.5432,138401076673.72614
430.23279,1218333635787.399,615715557882.8862
430.2597,1062409887180.4052,627307378879.0237
430.28662,1265855480668.3162,463611147627.1951
430.31354,1691866610978.4868,403132343744.0617
430.34048,1098682321110.6816,225814311671.0521
430.3674,644946134585.703,105516995244.6162
430.39432,256732640583.99103,27122066739.370304
430.42126,133078486355.22324,12511935745.644066
430.44818,120932883379.24805,15897613652.43868
430.47513,133517836215.40411,28517180490.72466
430.50208,199197699339.64856,26267289924.29537
430.52899,273502427227.7381,32939806270.10993
430.55594,447084947225.53577,92525938175.9596
430.58289,966593802907.6202,269978074276.3574
430.60983,2383966865939.677,549563205853.8671
430.63678,3664825403959.673,771150857489.149
430.66373,2770261744976.2266,540064712004.0949
430.69067,1482195833872.8306,536706607329.63873
430.71762,781549733280.4122,178964865998.636
430.74457,609409474327.9491,58142484075.86772
430.77151,349787151138.93896,74104067245.6078
430.79849,184608104391.77057,60457336800.61116
430.82544,338734490400.4846,101608919336.8436
430.85239,1206433941198.2349,571600987744.0416
430.87936,2247392840177.313,1155908644596.8074
430.90631,1183471480755.4854,145862446394.55478
430.93329,472104005885.8458,78040039160.40364
430.96027,477526036811.9332,141907437944.5271
430.98721,398955377605.6897,173505963170.7343
431.01419,144195374018.3453,43566570334.30506
431.04117,194114101429.27032,20647474206.16056
431.06815,319086758405.7396,82896039899.9197
431.09512,439333740742.70233,83302642672.10466
431.12207,543842178277.0901,79435496833.19441
431.14905,497348011910.4745,32423487916.80037
431.17606,858111585130.4666,74315851016.13666
431.20303,820008273618.037,127469146713.84184
431.23001,1121940537949.393,255262990983.75195
431.25699,2194972495133.4023,197229426242.99448
431.28397,2630940513185.1807,237996796061.20505
431.31097,1078025761893.4164,383949141693.9569
431.33795,892596566844.1885,381062942112.1792
431.36496,1062673827213.848,211152646319.4258
431.39194,1806186671877.756,214686543173.15613
431.41895,1905153066861.0764,208482962431.07855
431.44595,782401261675.1244,141437324462.61768
431.47293,218904568591.38733,60164306293.65195
431.49994,371009138847.71234,86069779741.06985
431.52695,686604922408.9658,126588091289.86034
431.55396,612999206968.2412,99904813895.01674
431.58096,641165933325.6172,113449427322.51996
431.60797,790470476703.0718,223644335820.852
431.63498,1157134176251.24,394028981384.13855
431.66199,1178807710783.843,445906697818.7371
431.689,929351491823.2231,227073362420.8302
431.716,1070182654226.5511,123042520911.98885
431.74301,1176807025134.9973,206719072081.83023
431.77005,435940260582.9726,66499722959.96318
431.79706,147777037866.26627,16513238784.878689
431.8241,0.0,0.0
431.8511,0.0,0.0
431.87814,0.0,0.0
431.90515,0.0,0.0
431.93219,0.0,0.0
431.95923,151058524920.68466,31575013510.721497
431.98627,581392534974.0477,71904556078.21487
432.01328,140226551882.065,20514373070.803017
432.04031,48110808360.17979,9194824481.203234
432.06735,18153336649.60766,1879466223.510736
432.09439,41340745506.04526,2662061931.204569
432.12143,51630627016.12966,5924322651.497133
432.1485,101967403385.41447,22531313316.30038
432.17554,135568793792.85556,36451146397.5625
432.20258,74236650707.75633,9670492967.544409
432.22961,0.0,0.0
432.25668,168869118421.81754,27830092050.268566
432.28372,197076362450.9278,47067956262.96241
432.31079,75925110552.0696,18525057365.286755
432.33783,172099522745.65424,35693820072.064514
432.3649,268764422930.0861,72106937999.21892
432.39194,358527021345.97046,111582014778.18608
432.41901,663051277562.0967,172359001144.9098
432.44608,881559238948.0077,198776265462.0348
432.47314,715389680300.5256,148433059627.36288
432.50021,1246439156450.0713,262137241991.88177
432.52728,1715856505535.0386,312284760922.02734
432.55435,1430352551424.5464,233028973963.91302
432.58142,1043501320880.95,260155054519.35287
432.60849,666983062822.7167,165284095633.71988
432.63556,431596889329.9194,97620610160.83151
432.66263,202650192977.5103,75040380639.42386
432.6897,191700146983.1027,59200975001.25765
432.7168,355462896037.3668,63089564909.12336
432.74387,284887216320.3016,77862346547.00594
432.77097,525219538308.56445,144087445831.98996
432.79803,2201376006424.6025,353419592635.89844
432.82513,1690458132434.7217,383096536324.6325
432.8522,493899088352.0219,117244514204.19476
432.8793,193659067975.60968,24372366895.683952
432.9064,95973664013.3679,15248285546.688845
432.9335,105906664809.19386,18586114485.61623
432.96057,176499309972.09387,43669311869.5508
432.98767,257146034826.4601,34803923871.64427
433.01477,155918281581.32663,18810024384.147827
433.04187,201866674879.20895,16153431614.17592
433.06897,121323582799.20848,7098477809.918117
433.0961,63280921351.8484,3932591033.079092
433.1232,41832398138.2893,3668100861.3338647
433.1503,116119311361.47224,11029772254.886826
433.1774,145464636291.61688,26806623792.497173
433.20453,313203143509.47363,78236534170.97002
433.23163,556865566928.626,164058358353.7396
433.25876,42589718875.74272,3698169669.1964793
433.28586,12989111823.523792,1918842233.4641416
433.31299,35937930464.00914,5864070518.052252
433.34009,18223178073.65517,1823111412.263366
433.36722,42942974392.29851,1973544448.3312037
433.39435,0.0,0.0
433.42148,61992896420.745865,13057385820.116278
433.44861,123346477799.75208,17935963940.2581
433.47574,98962357379.4852,21162927597.363064
433.50287,94168466038.59184,23561829098.50653
433.53,45791191768.5798,10255614397.168535
433.55713,87165935786.37209,17142238278.250437
433.58426,233148536564.2433,44456551276.87305
433.61139,246602782305.6566,140028320461.66992
433.63855,123837330394.08472,68045272552.76285
433.66568,191674755033.45892,86781975910.78166
433.69281,415295916519.8416,295647956724.08704
433.71997,413300998004.10974,316824868972.4501
433.7471,721508310182.8188,336336381722.37067
433.77426,1018098370378.7976,369377284950.4227
433.80142,909691857182.538,345227674128.5308
433.82855,1122835189016.4043,437837722474.3828
433.85571,3912975642427.221,1333499391111.7769
433.88287,16674138935247.309,3605748115522.252
433.91003,34719098826749.66,11763708309653.645
433.93719,40683207591618.78,17072356346393.562
433.96436,37001614000560.54,28082645213915.51
433.99152,27070459528015.77,29630113037476.11
434.01868,14476392975866.514,12274938976874.822
434.04584,6267570775573.853,3084228100259.6064
434.073,2208124179826.1123,661618811588.9158
434.10016,761599714750.0142,321443137182.12805
434.12735,828570234257.787,554976694538.6555
434.15451,1039698246884.8969,1223180999539.9978
434.1817,831602144037.5486,1232570141833.7998
434.20886,483251203635.9315,449562865921.70087
434.23605,274935446755.8724,132193655988.15898
434.26321,436844780569.0378,170921838182.1946
434.29041,652867434708.852,237398247521.9722
434.3176,1932127136257.5757,372907480144.5596
434.34476,2580939773632.613,815303805919.2649
434.37195,1168002706817.24,471156356470.5843
434.39914,415715523360.9121,156533728521.3399
434.42633,512965025815.27496,152967413227.32648
434.45352,783063638745.5504,222085574387.24448
434.48071,1078453732179.2924,474508771547.6684
434.5079,739018333446.5068,171604173944.94366
434.53513,119569029866.32196,42712438493.25424
434.56232,53245464731.420654,17008155286.911797
434.58951,102613019179.01276,26103775824.06482
434.61673,35439114068.62899,18764220967.88118
434.64392,0.0,0.0
434.67111,0.0,0.0
434.69833,0.0,0.0
434.72556,0.0,0.0
434.75275,0.0,0.0
434.77997,106056647510.80908,54114108591.67474
434.80719,207326188797.3804,69161286702.81664
434.83441,580546421774.8591,163251002141.03842
434.8616,1525702357586.891,303417940064.9502
434.88882,1424669161515.8164,531974412067.9829
434.91605,395273997554.8519,132888285354.33754
434.94327,364605606122.20514,76495491612.42975
434.97052,882888335460.8243,417723392137.8241
434.99774,981656669935.222,269239807199.7802
435.02496,462804289330.90753,110585905823.98984
435.05219,177004883599.832,58285242765.71881
435.07944,7530506351.59939,2098289451.2009516
435.10666,0.0,0.0
435.13388,0.0,0.0
435.16113,0.0,0.0
435.18839,153087825106.81516,21355849751.44492
435.21561,31804158858.374588,4637447240.877318
435.24286,119238960446.2004,46105387906.75634
435.27011,447436542171.02704,205140000088.57257
435.29733,599403093294.7726,203973446565.32684
435.32458,241227624798.75412,90394676895.75308
435.35184,97892509531.86386,23568318803.357258
435.37909,165777718090.23993,63237799026.83192
435.40634,109947069434.8444,68468654626.26015
435.43359,86212536396.22429,47314522477.72403
435.46085,15689751385.83068,3716471547.871368
435.48813,57197659972.35771,8591876329.234015
435.51538,68756586346.12679,14945128847.347614
435.54263,85329893150.53145,16679246584.9978
435.56992,177455220989.51193,50152306791.67261
435.59717,246148555258.156,107930698470.35204
435.62445,332124732164.87646,131943492842.43263
435.6517,1266705602252.2017,224688059288.78427
435.67899,2169705492339.2456,713042421687.7922
435.70624,1252259224394.9878,482426055069.4387
435.73352,508985020253.57416,166804111652.02646
435.7608,957551444188.398,308394657228.783
435.78809,948827199704.107,305109574873.1542
435.81537,0.0,0.0
435.84265,0.0,0.0
435.86993,0.0,0.0
435.89722,352241221185.0289,151280339190.12317
435.9245,1987826472983.7363,539721414170.6122
435.95178,3932102495610.235,882545500717.203
435.97906,3102693370066.911,615089001853.3134
436.00638,1169508667012.5469,351820775843.2928
436.03366,375010838342.7944,169542592087.8073
436.06094,66235694091.20159,33565863562.952267
436.08826,38031182248.832886,22114811334.104824
436.11554,12629432006.23154,8267666630.109401
436.14285,52161354397.86456,36590086641.23815
436.17017,90123137463.71188,72060453396.48897
436.19745,58720001727.54859,40220219178.22834
436.22476,43963240687.95152,16734719992.592625
436.25208,62332702292.36621,10691286656.54622
436.27939,9172062463.28815,693760405.4184905
436.3067,12513283176.781498,2347154569.446306
436.33401,31564637537.06755,12444773209.35472
436.36133,23081300692.355484,9175371372.760431
436.38864,76590247369.94022,21583037744.87165
436.41595,227192517098.53284,68205165026.50102
436.44327,364888074795.486,104812093699.96867
436.47061,301858656558.34644,83113797781.90724
436.49792,316066120538.4356,75188483163.36081
436.52524,680364995043.1465,213842305871.3823
436.55258,2494371725571.368,1012093080187.8204
436.5799,3331731278194.164,863578369551.8672
436.60724,3200699023561.5874,783349557326.0089
436.63458,1761718987402.132,382849311710.9809
436.6619,1129512655726.3826,193092638250.6564
436.68924,3320395189760.242,652615472297.4623
436.71658,4763060467094.827,714125100670.3695
436.74393,2411463660575.2827,590475702879.5681
436.77127,662031343442.1224,141682720234.852
436.79861,267314225439.60965,111442068715.38773
436.82596,408450663829.1879,58979036777.6555
436.8533,1075736503873.7804,252756923444.38507
436.88065,988371956275.2924,396644355927.0368
436.90799,334454872101.63654,131573902591.28725
436.93533,126723457300.58269,26310813541.238117
436.96271,84669562521.30959,17167595545.11192
436.99005,107417483371.64047,13123811351.493738
437.0174,86336554347.4819,6731506185.132639
437.04477,117492388914.66376,43528533693.50133
437.07214,63625560966.46876,19357383053.206818
437.09949,10783493351.46244,1121266328.2287917
437.12686,65608357617.40386,16998879097.030085
437.15424,36142051672.16736,5752252504.502293
437.18158,83556821613.945,23054100434.109142
437.20895,17145446329.08327,258312618.80627373
437.23633,49516126939.93092,9175568944.122269
437.2637,307284895771.4253,22573239207.268826
437.29108,414227661368.2375,107595322303.39964
437.31845,241696520745.4185,65150256701.50078
437.34583,371563359814.4278,49365230438.02983
437.3732,666280913324.5503,60588524771.34627
437.4006,159522499715.51935,12682736079.127048
437.42798,67126314698.49822,18661046753.505085
437.45535,15267711556.457457,3993049787.14609
437.48276,116148569166.58676,23227153224.62453
437.51013,114753748369.59976,24749382018.654552
437.53754,194826078537.70435,34948972145.42811
437.56491,770674781945.1464,270851539472.66693
437.59232,1173442828171.0156,366099604591.8571
437.61972,303320187107.30865,63362525644.71991
437.64713,166153908218.81415,30190460969.091663
437.6745,341166927388.8301,81580764376.65112
437.7019,167682449829.57343,58388194236.86688
437.72931,109700650464.09424,34335120234.608418
437.75671,102251410843.96254,22344944177.662422
437.78412,51994625151.86799,5528106285.83261
437.81152,146493510984.36243,29816295311.42498
437.83896,526627519979.7601,179139928412.49005
437.86636,553479264667.2876,207109792072.14377
437.89377,249159872076.47397,67829386005.47985
437.9212,124969035963.55988,23023806876.181168
437.94861,144965562045.98062,28440556367.518845
437.97601,160830187976.5188,23809939585.80579
438.00345,195137404760.88177,32089771850.71609
438.03088,121349470359.35149,15534458264.10455
438.05829,152373552258.95807,8986129929.590885
438.08572,276610066213.32275,14988504198.15445
438.11316,923590597201.8552,33385999861.35822
438.14056,1055240543807.1112,104106084903.05878
438.168,297396085797.6541,55298200101.20155
438.19543,76722472927.82927,9898085107.978651
438.22287,50291612734.94096,2670481083.357729
438.25031,76131580633.28896,2720972701.38219
438.27774,57037818742.4108,2519955675.921926
438.30521,63245323328.779205,7896287664.135012
438.33264,101327104382.27498,26806102305.64881
438.36008,159739728521.94162,32167525191.260136
438.38751,452344810269.7065,58490783773.96078
438.41498,730577266974.6267,128723043657.4146
438.44241,478409843709.9804,86734879585.61456
438.46988,215281232372.98425,41432674573.12675
438.49731,116116745515.2796,26541534357.54013
438.52478,248041872260.84824,87905971342.61063
438.55225,987653442426.164,300399676210.9413
438.57968,1378373219996.8606,155472501088.80603
438.60715,818673728941.1322,129830247794.55084
438.63461,302759647547.6591,77802222754.09853
438.66208,39773197511.34237,14611553493.05416
438.68954,0.0,0.0
438.71701,0.0,0.0
438.74448,99915769864.87404,29191002831.74728
438.77194,289324811188.60333,81473375635.01137
438.79941,380147606189.2996,118383596133.70776
438.8269,226247907232.2092,60714159081.68013
438.85437,261403648197.84177,99424973309.91235
438.88184,526313122091.41626,186699154401.6682
438.90933,342991618868.8678,34297101718.07977
438.9368,86510627999.10347,7899991759.9703455
438.96429,62319303378.09186,13005549435.399828
438.99176,37429140354.89968,7101177581.721706
439.01926,49594078445.13661,6433821626.249206
439.04675,53089753290.77873,5541814166.444628
439.07425,118368953725.46086,28221213447.617004
439.10172,483351415928.84326,131904485852.72331
439.12921,545112919448.655,95280685862.83768
439.15671,260047518884.47928,34293050825.46519
439.1842,113206952909.30888,29216605516.038918
439.2117,70801960009.23994,15749638406.861372
439.23923,97626748932.1384,31456913536.0798
439.26672,100103063378.69058,28947239885.61901
439.29422,141040819694.3712,21432804369.236023
439.32172,77742310907.76292,24928073573.53124
439.34924,93806468515.37148,26707217488.50256
439.37674,249665563321.10236,22879728025.74636
439.40427,1032338346738.5598,94874182774.6003
439.43176,771128020407.0248,117588107926.99106
439.45929,476846775039.78,119230461330.62196
439.48679,258566008514.47336,70521370527.06831
439.51431,167072718210.48596,37810547557.43203
439.54184,241452795912.79877,52898813589.95113
439.56937,258185272089.4073,84767694340.1367
439.59689,339701480375.1507,148776160591.36728
439.62442,348454044840.57745,44479863438.00474
439.65195,188691304006.0238,26175855182.82637
439.67947,55368593319.74195,14767153735.59966
439.707,94524473903.88052,24842260610.580826
439.73453,122989192579.83533,28846433830.6752
439.76205,167513266789.827,30583509855.910004
439.78958,125129305128.671,23954858595.130974
439.81714,133968375496.36977,20157107383.80294
439.84467,323169697697.7503,40765192708.87013
439.87222,481470336050.5024,74434576152.1144
439.89975,516206741364.7273,81896549925.11772
439.92731,445455276391.1936,96407934221.37633
439.95483,201955799260.398,60686716802.13551
439.98239,82548646759.74866,27935622519.23704
440.00995,63025990659.27105,19313058666.444344
440.03751,201343737708.53897,50456110729.675285
440.06506,306749256919.5694,88910416382.33298
440.09262,243515631126.8392,53483606365.65697
440.12018,299615039339.234,52966881963.88968
440.14774,645594798835.0403,99475640825.59184
440.17529,1616619054959.848,255916761832.6123
440.20285,1340454008640.5098,126692285623.97104
440.23041,573751880662.0721,24171461827.05357
440.25797,656462991060.5818,14255824209.632605
440.28555,992147708550.172,51554257456.06532
440.31311,891622661909.628,89526358155.72995
440.3407,709765305762.6466,127520392696.46152
440.36826,340660307203.63464,65572816125.67585
440.39584,329907878291.7563,55228606366.04361
440.4234,25662849052.40517,5395968041.511782
440.45099,0.0,0.0
440.47858,0.0,0.0
440.50616,3816902301.390178,299557467.64268434
440.53372,50846449639.70425,2752163073.100792
440.56131,0.0,0.0
440.5889,0.0,0.0
440.61649,73559086453.01765,9840689019.112864
440.64407,101770046007.67027,17725421645.91028
440.67169,183430951302.84155,26962223927.454533
440.69928,228358873048.68253,21899998130.83505
440.72687,505686057385.7039,56940206873.52202
440.75446,383789968960.392,20736230727.041924
440.78207,109547677000.17632,7127442491.082828
440.80966,73879815929.58994,3987384727.4374366
440.83728,59544522997.07456,9435119907.930723
440.86487,60429667393.02124,5339653220.491098
440.89249,82215234096.30476,15371950136.954351
440.9201,155194825566.07745,31196417885.81452
440.94769,235300878594.7375,66248859064.77161
440.97531,190873753064.4641,82572385132.2842
441.00293,122103587403.94933,51657406425.3558
441.03055,138744323512.81497,27349797981.717125
441.05817,126164906830.67592,26892825994.275368
441.08578,68717963411.04008,22539193554.21585
441.1134,49083377617.6709,16350038734.284502
441.14102,53481992693.54682,9766767206.974836
441.16864,48214702894.653145,2799951718.2866697
441.19629,70660854238.39062,7728374976.034578
441.22391,332838696922.1003,28597705668.621887
441.25153,574686508234.3707,41714717389.4029
441.27917,455182607808.5469,127562566398.4518
441.30679,367916336812.4813,95639824342.65463
441.33444,651164451222.7885,112175242295.72713
441.36206,1002662880338.1608,134235492836.4046
441.38971,986416126748.311,27300292249.88495
441.41736,1094425984107.1788,95800772302.43646
441.44501,907485179631.9348,128762582229.04951
441.47263,511116509019.5405,89100885475.73445
441.50027,124556180271.9846,28604618513.37713
441.52792,72220897546.43283,17277949017.427895
441.55557,43447694387.4602,11966865777.954506
441.58322,50178265494.14119,7790494998.091159
441.6109,78356525151.23788,12376366583.323444
441.63855,163716910675.18558,38726149212.30574
441.6662,194498941868.88965,63871095716.40911
441.69385,208216291091.66248,72925832401.58705
441.72153,114484711171.4584,32108881420.87069
441.74918,215456927682.0848,38170426227.58176
441.77686,465162968299.736,78827468210.75305
441.8045,446203710182.8502,83704214448.9363
441.83218,240841030011.78656,41361206291.84077
441.85983,374557110541.7709,48737031766.86092
441.88751,420099006372.6365,62297516838.801216
441.91519,286531327765.8964,55227545585.28723
441.94287,181129158266.2873,39484782779.461205
441.97055,63140932927.13467,18127005069.016342
441.99823,41533067011.96613,10090322834.195429
442.02591,50210203309.90364,10499000799.496994
442.05359,41205162431.50898,6537032472.645
442.08127,46389073039.021484,10679063527.423872
442.10895,53130869969.52486,12390048493.422903
442.13663,118274758369.41534,19734151859.024666
442.16434,332612519593.3668,54903711585.69626
442.19202,230080105965.6242,54839152437.95184
442.2197,499717674702.2479,169988806570.0574
442.24741,503275096798.5965,133995521451.01688
442.27509,154447319665.99487,31555379953.0606
442.3028,3199980645.563585,598275588.9313321
442.33051,136809004457.18694,22654449635.762867
442.35818,74024648631.24544,22444365803.435493
442.38589,228643018822.9681,97042166467.72784
442.4136,570908559933.7056,183086973265.87387
442.44131,1143453506631.967,319514430475.0439
442.46902,811221943879.6064,289751669222.80896
442.49673,154136891472.69644,28485941553.07719
442.52444,112986830984.01314,14931269213.541391
442.55215,132013852009.28767,29461422384.837097
442.57986,345641126211.83154,46155499471.18029
442.60757,558837535890.2816,33886963908.7794
442.63531,526331565462.4222,53244745267.05781
442.66302,983269735653.2058,263973766072.5895
442.69073,912481531828.8784,303888733672.7996
442.71848,317098873459.33,46415850646.394745
442.74619,345273640507.4924,44772707270.89975
442.77393,875434445418.8031,67087267809.6449
442.80167,649468147076.136,99414930912.5335
442.82938,229328142264.42136,46735054767.60133
442.85712,52376494268.68734,13149172180.082932
442.88486,89498409292.67474,25453189114.09029
442.9126,92864105391.28844,20705729638.761368
442.94034,99177975815.1508,34054732961.46895
442.96808,55203845694.60506,16194507559.40701
442.99582,154082906858.14792,47712024716.506
443.02356,385587967885.9448,166642931535.88965
443.0513,379191697198.1544,136977457232.45927
443.07904,78498921715.09323,22419877550.83276
443.10681,130627613670.38383,62644685227.79326
443.13455,42355909428.16178,19635420948.403965
443.16229,171770271579.97083,46729152248.03761
443.19006,155299013240.2996,43462606510.10792
443.2178,345133857458.0545,94461035533.96593
443.24557,488325806905.3235,151947531168.53436
443.27335,1268270365465.8943,438201797871.2415
443.30109,2154969086289.2124,419941430786.0044
443.32886,1735374111853.1282,281757114278.39465
443.35663,821973103055.0381,63295070757.23212
443.3844,277109177655.22406,54421186378.84194
443.41217,0.0,0.0
443.43994,101765413830.7238,102422922520.18216
443.46771,24599719067.42213,22880871628.76212
443.49548,154113600451.28888,52738483512.7141
443.52325,201903533663.0009,28865090040.91162
443.55103,0.0,0.0
443.5788,157196759253.8723,71478151855.4924
443.6066,119668594458.93752,41346956996.67276
443.63437,33151791164.995216,11008009638.278715
443.66217,896694780.380371,492267267.1660976
443.68994,265885557020.27948,123014364519.6394
443.71774,374492229016.2033,136525000316.25829
443.74551,167187537196.85867,78273840934.16
443.77332,162209416566.30624,73625734924.0253
443.80112,167430704078.28284,85057192273.86452
443.82892,215471555267.09103,128853704433.96056
443.85672,709959985212.4121,659979849097.8473
443.88449,2725878661635.309,2160180131759.6567
443.91229,2119461662563.8752,1219954046924.222
443.94009,1051076759398.6106,845979255451.433
443.96793,127737016523.55476,92083608728.0938
443.99573,0.0,0.0
444.02353,188443602912.5548,98018401356.67636
444.05133,89848348522.56668,31704927865.07377
444.07916,297031480368.58923,73715629505.86473
444.10696,314713753125.0482,101468176720.69025
444.13477,281482252644.24854,86501813689.93394
444.1626,50755008099.172325,8386581845.577988
444.19043,0.0,0.0
444.21823,146656633638.67697,5575228732.924926
444.24606,132513477961.84108,11886733605.843857
444.2739,368915531191.164,63405680408.22661
444.3017,1251794546352.6345,248341045852.6987
444.32953,852818195939.1086,154876046452.75876
444.35736,292874109678.9812,39302501719.988594
444.38519,197690819319.0956,22040009268.484062
444.41302,142949601961.76678,18892403526.835613
444.44086,628292566561.7903,73301043301.6948
444.46869,986279235852.9324,164325113962.74902
444.49655,581434980109.2466,180920234566.3444
444.52438,0.0,0.0
444.55222,0.0,0.0
444.58008,399420318086.4328,130641125046.2029
444.60791,2596950710981.685,1453095684791.587
444.63577,2167038640705.8545,1528065114164.4194
444.6636,550230877817.5468,229218695681.80908
444.69147,129092735426.616,42699446018.78661
444.7193,190623838808.6857,55756832544.78013
444.74716,656874635474.3868,109636589039.84294
444.77502,958015472630.426,226984521755.2072
444.80289,275213437791.0491,47882107597.26073
444.83075,84419134758.15929,12549227230.607197
444.85861,149153349618.68295,33998532520.377224
444.88647,130496785089.97212,39094447092.02973
444.91434,448737583543.4592,93437438264.39722
444.9422,765348180925.2458,217542884523.70065
444.97006,665369069865.6869,226904707722.0892
444.99796,557464144205.3558,235560346518.2616
445.02582,220987501018.8646,81489719903.30258
445.05368,51374355547.4253,21829759000.551266
445.08157,72279243700.26569,25675968698.096893
445.10944,71370625478.31407,12593183541.918114
445.13733,109127646257.36932,37804262153.54624
445.16519,99755966388.72792,47207896154.202095
445.19308,765941608411.6254,225299408373.4042
445.22098,2762921860928.6235,280873876891.6698
445.24887,1790331504885.5454,262175634702.46497
445.27673,425384194410.46765,167091127762.19696
445.30463,119727907858.98273,11989953319.938086
445.33252,33820908781.05897,5004163363.295037
445.36041,117645785356.80531,19081799925.73733
445.38831,164401009451.99603,52803140212.62085
445.41623,51624028144.23788,17501594863.043537
445.44412,229930389597.4933,72649446413.90253
445.47202,329761073435.53625,55838334010.86616
445.49991,1375057228542.0403,491602260173.5022
445.52783,1255717208234.4912,301345046472.70435
445.55573,930600163239.9216,242494683904.2125
445.58365,1234890161713.4695,444136398524.4443
445.61154,1107418590406.3396,221401460667.28467
445.63947,635647045401.0565,35979088449.14259
445.66739,901844650738.1084,202364833385.15735
445.69528,530688691677.01526,105276644418.27702
445.72321,1353347058460.1167,154864062034.10135
445.75113,2652328554915.727,254425633437.44067
445.77905,937101336090.3064,103243298145.06989
445.80698,638599841722.1562,150883435902.06934
445.8349,579169916606.3673,213756640447.4701
445.86282,143335415660.23624,37638601744.29883
445.89075,10185567049.40754,1676098493.7021184
445.91867,18074096664.40589,6717701441.918886
445.94662,145388586002.6558,34461628130.642586
445.97455,138455804401.79077,14803075574.88622
446.00247,92422538250.80252,17879476998.4338
446.03043,59680042797.64867,12109083496.173649
446.05835,0.0,0.0
446.0863,105022076950.06252,9252899205.646135
446.11423,77408505587.0415,9628349485.469564
446.14218,67739357345.95699,13332357178.027458
446.17014,180845184492.26224,58553800585.6696
446.19809,159676818774.72314,60943072189.21318
446.22604,279245011342.7872,81398614849.33485
446.25397,146543287693.1381,33229174293.117477
446.28192,154202581519.30453,43402898984.41898
446.30988,272562021439.5617,92418976959.89984
446.33786,762102205000.7689,352907065672.4796
446.36581,927399221096.4884,483655687467.8092
446.39377,1691944032502.2634,678547443400.056
446.42172,2233768210573.2026,485866668166.069
446.44968,1052167382675.5648,173103326402.11914
446.47766,458701273370.8533,78261956248.30914
446.50562,202851668963.06796,23585597374.701107
446.5336,127516365417.32208,22760076193.394814
446.56155,106264906451.6812,22818522108.12367
446.58954,103454937442.59636,8327316820.743385
446.61752,115197594549.6183,10369512023.526243
446.64548,154152987303.688,24754186745.390465
446.67346,129216976120.1264,22151640252.447983
446.70145,275271186748.813,49893610078.42123
446.72943,575487294364.1683,135725956423.50664
446.75742,819145035380.1199,171899006194.06705
446.7854,376278475368.9954,71791526565.45235
446.81339,553808894019.6881,101536374206.43556
446.84137,1580639201725.0642,207041445944.5453
446.86935,2733442761436.157,729745218701.8184
446.89737,3030424169815.862,1243992751259.2432
446.92535,1161975452991.309,510072639468.6709
446.95334,664977862971.2842,260685997792.4186
446.98135,652566128730.9346,117718985960.61472
447.00934,254277515332.82944,28548274400.59358
447.03735,188603635666.74408,22336257320.82255
447.06534,203264724877.48608,19801433173.11796
447.09335,212673026537.00015,39805622712.49519
447.12137,173774223701.0895,23338005205.93738
447.14938,97517036501.03694,5909707347.762336
447.17737,64171239267.350426,6160384129.983435
447.20538,83056384470.06746,15480702256.740288
447.2334,7321571003.219616,2859196364.4384165
447.26141,0.0,0.0
447.28943,0.0,0.0
447.31747,121542329570.92064,48195119768.38344
447.34549,581246916645.5461,144890171066.18723
447.3735,1115510993140.2664,130936273737.84268
447.40152,776100113419.015,125547257736.5064
447.42957,319930969211.4369,80025133625.68462
447.45758,259351686552.83197,72530570608.1745
447.48563,226507027323.2804,51054958922.11012
447.51364,194717358021.28925,37124282122.10875
447.54169,95865634502.7348,32784342457.78832
447.56973,50585221617.345375,31329624678.23969
447.59775,67486376309.62515,40090638564.410034
447.62579,55165049035.12595,17139354051.207285
447.65384,43900849542.72415,10530035494.147211
447.68188,64015018518.60416,18827676198.76421
447.70993,64149856107.13785,15620493413.16136
447.73798,45541505372.14355,9271819164.862862
447.76602,0.0,0.0
447.79407,0.0,0.0
447.82211,0.0,0.0
447.85019,229585401211.82608,48666092672.58059
447.87823,599485147837.0544,104954197535.90454
447.90628,612703228528.1844,156111171104.3075
447.93436,803641158956.7766,195650260947.106
447.9624,1035707821112.9517,249262058912.03537
447.99048,767052407366.5397,158863586646.5669
448.01852,585592397915.2611,61469730489.76175
448.0466,525203833205.11554,46622139434.81809
448.07468,223162446647.16107,32620570211.92491
448.10275,135983085735.23409,17518358679.265182
448.13083,30125964010.52504,5491157815.381529
448.15887,60643111275.18,14279554679.001984
448.18695,74783937452.7209,11576423359.435398
448.21503,188912567524.67972,17506902177.329247
448.24313,168126635354.68927,16872672764.441149
448.27121,151847747581.28183,21056711121.987312
448.29929,455596116588.7155,54423850975.53317
448.32736,377310479717.2746,31008057787.23689
448.35547,661659575274.1173,85603388191.85875
448.38354,664249071121.0568,91380619242.07364
448.41162,109614278371.67824,16402144559.368423
448.43973,35584449592.64842,4992510992.676451
448.4678,59991196635.73022,6064713410.340163
448.49591,62463027154.53365,10581207676.697227
448.52402,149544352327.99286,35825208208.33123
448.55209,185088574149.516,39453890147.216576
448.5802,115486519240.21284,17316680329.938248
448.60831,336124775853.42303,19728661882.96248
448.63641,807783620428.3663,82553308354.9052
448.66452,712850762099.0275,121928067649.8067
448.69263,222060694761.6559,28718441221.925964
448.72073,96763607188.23631,11352958632.821545
448.74884,58433538648.54952,5005389818.187151
448.77698,49917474970.53265,4414201771.285736
448.80508,73784534191.18015,10351160360.159113
448.83319,112854187922.42767,9283161361.32024
448.8613,370827933716.2217,30323780320.164345
448.88943,1172872740416.1377,93128025806.43338
448.91754,1304330950346.06,47249196943.01557
448.94568,608443793817.854,25253609710.42626
448.97382,436103278570.92114,37436039649.93433
449.00192,347821967877.04126,23977922950.98432
449.03006,516879307723.6397,35474226368.53535
449.0582,1103490873208.5486,175993313228.7408
449.08633,1039768416523.5269,67713176254.94135
449.11447,969214463867.6158,45516324947.17269
449.14261,1297993740734.794,78175119208.49643
449.17075,1402237165150.4478,244749657421.00308
449.19888,2235636255706.7114,638688825288.4518
449.22702,1681488739751.6797,296891691969.1011
449.25516,477164128872.6373,68849916791.42464
449.28329,142403835500.2861,11234149446.188911
449.31146,163348427582.75443,37698224942.95092
449.3396,204182491408.979,63373326440.81476
449.36777,58399502910.56464,19115114172.88053
449.3959,0.0,0.0
449.42407,0.0,0.0
449.45221,0.0,0.0
449.48038,111799716513.74504,10806408971.018486
449.50854,55309745918.20799,9904907796.93306
449.53671,96308148733.64165,30843926225.84561
449.56485,108104768326.8436,26576833255.707947
449.59302,34006521742.65354,4772204895.602636
449.62119,252669087335.22195,30043687984.94601
449.64935,1059933188460.066,256067210113.89752
449.67755,726232151060.4838,120416888212.06842
449.70572,295618514591.2192,33162713931.77091
449.73389,217579151222.2093,24729970168.87214
449.76205,502723330048.512,26933876415.87332
449.79025,498178381039.37695,97078237995.8721
449.81842,282097027390.32074,51935211360.49312
449.84659,193503890080.7174,53089188157.71195
449.87479,177070306045.56412,37680312157.36257
449.90295,325935648562.442,39963045607.91431
449.93115,428055315849.5628,66985800959.29893
449.95935,477898718478.15015,149549495171.9629
449.98755,537273712428.3025,155082940892.0307
450.01572,519242380632.92,141605990777.94528
450.04391,994012787853.9524,77973905068.82074
450.07211,1499183958404.182,117999866245.17236
450.10031,1784236765070.0525,242081060302.9399
450.12851,1828189235474.6484,240511040055.2247
450.15671,1473930763312.6165,149241553899.7275
450.18491,620166313282.9937,54189447383.51339
450.21313,188907254031.432,20134692190.522
450.24133,114238493439.72104,18734204039.81715
450.26953,85848630876.21832,17076611482.34723
450.29776,61715079722.65249,8209123159.127173
450.32596,25795093867.51378,4227856808.0252633
450.35419,48496512373.74698,10810054262.742905
450.38239,44933662300.926,15869169176.778889
450.41061,52331450711.47016,20942082801.262264
450.43884,84393007763.1083,24349688679.940163
450.46704,73388832414.63416,9427587602.861547
450.49527,63949090041.52319,5335456909.275623
450.5235,73226797314.80324,10711543026.380163
450.55173,80047665766.29941,17304651238.525177
450.57996,117976425682.49104,24601037318.86734
450.60818,73627925927.68623,13041865686.2398
450.63641,91469370263.26,16721920926.27052
450.66464,390480191022.1052,73935080162.97598
450.6929,1021774548314.3804,181739220402.05853
450.72113,421114115114.9767,111390496074.5286
450.74936,346946916133.4441,81979386768.8051
450.77762,497743909686.1887,113309828806.34384
450.80585,742811986277.9806,169387663738.26117
450.83411,907859825172.4508,239755981161.7369
450.86234,207399117076.72357,63368773628.54605
450.89059,0.0,0.0
450.91885,37875829224.96363,7862512662.567101
450.94708,227321509115.9503,62938476688.12167
450.97534,449073063017.4377,123760850826.28868
451.0036,539964220623.1948,101758212533.5391
451.03186,192991655209.4231,18650860915.66567
451.06012,230541785698.85104,15064487900.309969
451.08838,442765908815.79816,33936601321.02867
451.11664,446345414151.65295,22734293447.876537
451.1449,472133133792.39215,21424386603.66571
451.17319,584868201133.5758,89894758227.56668
451.20145,365016498432.1211,93552853936.86394
451.22971,185798899878.3751,55187274168.31711
451.258,128085946525.22296,31510806721.94033
451.28625,90498139021.59752,10585744112.983004
451.31454,67497408485.912,3969102614.690182
451.3428,62768081468.01462,7119215861.1797285
451.37109,79432239566.8316,10874441421.414276
451.39938,84843420073.56477,10268004559.992212
451.42764,167027123263.5984,27180872820.91429
451.45593,530528559752.4082,66538933605.1548
451.48422,1122606188213.7217,24485521664.419968
451.51251,1563780926672.2085,141216836076.2018
451.5408,706542820440.8787,162698920578.4186
451.56909,315170085467.4276,50707529994.01584
451.59738,662420460717.2094,118214883465.08464
451.6257,929948428910.4464,197438588470.5536
451.65399,556257782242.8074,131090418372.33572
451.68228,596183709636.8862,101236646920.05504
451.7106,278916812894.5167,35943812805.06313
451.73889,270753853093.54297,44550493815.14866
451.76718,173337219425.13916,39200392304.384346
451.7955,133221521805.74712,14963230896.33166
451.82382,107022211423.58586,11072245727.09071
451.85211,201990407956.78967,59132649581.60984
451.88043,328848109044.3003,95360209387.49509
451.90875,336599215755.3787,93925940618.69926
451.93707,339906424710.24365,94003594979.51396
451.96536,413154947966.1974,114670614574.05743
451.99368,398100597026.9697,58473920445.211655
452.022,818450804341.2269,135755578915.73958
452.05035,752612548758.9758,112235459771.26056
452.07867,252608198633.7883,63916651777.49239
452.10699,74415228741.01587,16478500075.170288
452.13531,45286600382.66098,9123813978.051311
452.16364,89985285498.98332,22372892982.65444
452.19199,360576185413.69824,61390821968.43005
452.22031,581407606380.0627,64603300374.81136
452.24866,400267152984.4231,42196726025.97061
452.27698,265831541918.1125,42912692734.750885
452.30533,587205141290.1105,114570818039.16943
452.33368,884605029407.3015,171327234278.21326
452.362,376258887636.917,50902258497.81076
452.39035,128484525428.9563,16753558262.83274
452.4187,112675271464.69354,11522912954.406206
452.44705,137007987781.10016,15899998420.12324
452.4754,59559528148.42665,7415674296.139186
452.50375,69028698163.22751,8148505453.442696
452.5321,102765408949.51624,12449865711.72688
452.56046,109005946067.52373,9630076311.147429
452.58881,129992891082.50829,13205371449.14073
452.61719,240719128565.8427,19680607704.109745
452.64554,366239353741.5145,16689774879.60931
452.67389,194831760933.08792,13907773620.058998
452.70227,96850873957.45628,10463258331.288795
452.73062,71926802089.80989,8024901656.904977
452.759,0.0,0.0
452.78735,6119322419.55389,1175832120.8504734
452.81573,35803958158.28323,4102292070.224598
452.84412,56880367606.196846,3627622457.742524
452.8725,0.0,0.0
452.90088,0.0,0.0
452.92923,0.0,0.0
452.95761,15137286958.039482,2245113278.041985
452.98602,174511818583.7939,42083461839.01919
453.0144,241465656416.55725,58435202195.14056
453.04279,304634383675.1198,49874848656.45815
453.07117,1534903700165.251,236861765426.27493
453.09955,1969563399344.6277,363269584455.38135
453.12796,1013089264717.009,337249183686.1952
453.15634,854307985701.865,245035969967.02005
453.18472,1351031532801.5847,423629779507.1804
453.21313,769093726028.8713,226100755988.1993
453.24155,204252298818.64383,62056085464.530014
453.26993,106214135705.30064,28547572192.418674
453.29834,0.0,0.0
453.32675,0.0,0.0
453.35513,53006458990.474106,40496438083.646416
453.38354,0.0,0.0
453.41196,0.0,0.0
453.44037,138002924750.7989,61515897055.793335
453.46878,238468368209.53036,64728235896.67629
453.49719,943080027900.3512,295837358171.3609
453.52563,938188744147.0673,73546002478.90637
453.55405,390299142009.6613,53406378155.33631
453.58246,54140707045.930046,28235051788.582264
453.61087,0.0,0.0
453.63931,0.0,0.0
453.66772,33702625761.22771,13475097964.666227
453.69617,72132040702.6339,15370002492.24885
453.72458,164221181830.59863,27050249060.54103
453.75302,868205463415.6019,410730792087.6238
453.78146,1265427136086.6648,323792930712.4601
453.80991,787382730363.0212,43540069037.13419
453.83832,619410732579.4869,201648826645.80545
453.86676,1502979004336.5576,450138319721.1217
453.8952,1644704420557.804,194770148657.6145
453.92365,796047427576.0314,216025006476.1389
453.95209,245228775213.91412,133158651219.3118
453.98053,67913984683.39381,25590591305.1404
454.009,161176040097.34814,32976368556.784374
454.03745,433116722694.7878,119269035119.13286
454.06589,335508175243.40063,117949029872.87938
454.09433,63950643264.14531,15917473056.116083
454.1228,6576295167.1269,1416819736.5237253
454.15125,33682807973.710796,11197416603.600832
454.17972,0.0,0.0
454.20819,31995906265.12233,10827716688.48212
454.23663,107211109551.74596,54796904258.71862
454.26511,164195171803.42627,76747378071.58134
454.29358,216222973760.50967,49503875867.05932
454.32205,508430432346.1583,59188556039.72223
454.35049,510925658899.2045,74242928096.5119
454.37897,230415488525.42477,52789642797.24284
454.40744,107866013612.29614,31457204206.031155
454.43591,37315044287.699066,8553323057.1026
454.46442,104233580263.0588,30530384427.617905
454.49289,192849453188.1741,81437557955.83499
454.52136,358611825555.2332,82795407419.82382
454.54984,1042561119286.0673,198907325166.92813
454.57834,1036155106257.4012,304347695405.90826
454.60681,361081901508.6645,203275130930.00266
454.63531,192215839787.15448,135831246577.8746
454.66379,250726813719.5177,129298230226.66522
454.69229,754902276485.6074,340150876053.9442
454.72079,1787968539138.5137,696472523343.848
454.74927,1266375024509.8325,332097319308.4694
454.77777,330582558517.0825,69736139912.30136
454.80627,3081173066.64697,690084684.134208
454.83478,0.0,0.0
454.86328,0.0,0.0
454.89178,0.0,0.0
454.92029,117849251165.81458,9805404270.72798
454.94879,240529333837.601,24528633366.11909
454.97729,376395267517.69055,53476899547.67748
455.00583,234513066619.1916,52837437728.11991
455.03433,65280758508.03146,18516295308.09416
455.06284,45475215529.77145,14613562934.125542
455.09137,14343544906.29238,5853096028.052374
455.11987,0.0,0.0
455.14841,42143094362.20869,11012698469.340452
455.17691,132270540633.52815,40180541337.0903
455.20544,53394029483.10809,11480701342.097795
455.23398,6923561097.797279,1803833936.603504
455.26251,0.0,0.0
455.29105,99586535041.34706,47996738149.82018
455.31955,291628269500.7091,120507989570.03824
455.34808,898658367541.474,383339245542.1734
455.37662,717067600586.9636,231109470968.69467
455.40518,56294196595.49612,5795615364.389657
455.43372,0.0,0.0
455.46225,222873043774.1497,78945405414.17455
455.49078,358652922827.33606,86048937710.08925
455.51935,238965739217.13837,24676068758.263645
455.54788,80021988707.72165,7467954313.912605
455.57642,17081997095.077251,5191134029.521041
455.60498,72601218689.90039,26138795239.73685
455.63354,98976501064.27013,38288272388.64635
455.66208,85737721174.29861,33814516634.130413
455.69064,20407198162.099884,5136550886.210225
455.71921,0.0,0.0
455.74774,118110816408.14111,23468570824.298847
455.77631,148677050413.08514,36028353644.94869
455.80487,63940023416.84651,22992732831.153053
455.83344,111004912411.6656,31477712207.73171
455.862,157586419523.7339,12072757739.441214
455.89056,153480124603.05826,10434486816.924116
455.91916,198278450069.5845,25162037552.16005
455.94772,125245111856.4004,13615834899.108513
455.97629,132531668551.68144,14982904568.847025
456.00488,242356514979.7875,88947567479.03001
456.03345,627541644001.1499,306656375426.08417
456.06201,725516814411.5659,311373184342.3694
456.09061,1233682890557.337,403543911870.9872
456.1192,1335478886852.2285,215945665162.2729
456.14777,1194948625303.8198,80512565365.78548
456.17636,1264242812643.3784,139263797277.2674
456.20496,764902931802.0913,278632111666.92694
456.23355,1931805179598.7085,998726772569.376
456.26212,3247846165254.248,1577198934276.4712
456.29071,1175318596773.329,459595924365.2886
456.31931,258656980028.8798,94508997742.26073
456.34793,167443048738.42322,54884616656.0938
456.37653,103875150876.57736,14592215053.59949
456.40512,224238904043.46295,15745127763.655355
456.43372,483795558972.3694,98953288673.08096
456.46231,203545375671.7362,65185738867.34023
456.49094,68553410641.00202,24951973152.01501
456.51953,75859573009.65488,32563195700.04824
456.54816,66123425906.80081,26254252935.299736
456.57675,90774609754.199,32675899162.918118
456.60538,33647314618.61976,10893946510.851925
456.634,140825585722.91425,21432280535.178062
456.6626,433375310030.4564,39275563441.27036
456.69122,183011818553.07156,28374258214.346306
456.71985,90360088458.53915,12461748170.391342
456.74847,59871084471.25814,10379635046.66132
456.7771,45505594048.68509,10752985288.094805
456.80573,520781913688.3546,132928960881.42091
456.83435,313272646198.3063,98270165802.25903
456.86298,142179424236.39758,47751466836.76991
456.8916,47960075628.82429,14787577268.312862
456.92026,93441365201.8328,24853132002.197166
456.94888,0.0,0.0
456.97751,0.0,0.0
457.00616,0.0,0.0
457.03479,173099454537.79544,33972518318.746563
457.06345,392011801614.2343,57222025896.89794
457.0921,1213230823960.5903,134280542029.05426
457.12073,3054031731120.082,150682036606.4087
457.14938,2498225144172.44,200502603148.21805
457.17804,620806142126.6301,146467509076.54004
457.2067,339009351319.406,118187589381.63628
457.23535,718824652269.1771,234558924263.86084
457.26401,773444661226.8193,183185337101.09207
457.29266,337579354880.83514,42187517575.61711
457.32132,0.0,0.0
457.34998,0.0,0.0
457.37863,0.0,0.0
457.40729,0.0,0.0
457.43597,130430448684.03935,14950626499.528463
457.46463,191238049691.7559,21775965939.440014
457.49332,282089512638.8345,32349000517.233356
457.52197,114672118936.44194,18085175817.45297
457.55066,61175457032.1,8129856867.986642
457.57932,105058198650.16763,6435556322.635322
457.608,114777526153.51428,13226520828.390491
457.63669,60035603234.63159,7501707017.034272
457.66537,95871890165.75163,6581935050.646158
457.69406,262329922613.36975,10109096648.06494
457.72275,859324326173.2509,56380043970.09932
457.75143,1271011696919.9722,136936764950.4034
457.78012,1085302196593.8925,88284520827.90569
457.80881,716919464705.745,43550693139.539055
457.83749,481083704271.00543,57751281491.99666
457.86618,424769946421.8895,70179634676.12178
457.8949,212960439635.7923,31058009321.929043
457.92358,222535035052.70944,46994395476.74052
457.95227,236907326774.7452,44475850190.14073
457.98099,232899148354.6336,14903447467.337076
458.00967,533326271415.3802,99243415331.98122
458.03839,1022992106672.1604,137854042530.94714
458.06711,876896376254.4902,114318021054.77225
458.09579,425715243010.9271,84744542632.09875
458.12451,125194559806.54048,28755401533.29417
458.15323,106705390043.22644,20673422806.26236
458.18195,172033718678.73764,23966343374.774204
458.21066,503023964167.5938,115142301455.48392
458.23938,1700019226513.8635,399383410018.95166
458.2681,1341034948105.7715,121135337640.2708
458.29681,417507601531.4344,27224045798.75565
458.32553,120177071998.12378,10331470773.624592
458.35428,54546760892.43599,3246765767.644338
458.383,22896013735.482925,2493324717.819975
458.41171,33080256801.096004,1688306063.1747017
458.44046,30135471795.874016,1971869196.910759
458.46918,94482468912.82751,9659254525.041786
458.49792,142210648622.30362,15437500129.699432
458.52667,59697679609.64035,6871164297.559703
458.55539,57469020405.82188,3886215770.892011
458.58414,32064478240.15609,2500808764.993931
458.61288,77376950631.62946,9453811677.763409
458.64163,77561136405.48212,10235536939.565954
458.67038,65278771986.56626,11148731332.896242
458.69913,102755610794.2695,17128582189.479012
458.72787,463725090919.50006,91022554235.1406
458.75662,880515427432.7335,144016816953.5822
458.78537,185983033056.73865,14728412397.433643
458.81412,36734760918.8632,4178483005.533473
458.84286,12305622671.686134,2278448525.257833
458.87164,41147670986.61476,8701742750.063715
458.90039,46675859835.581154,8061502254.786859
458.92917,78347037131.42508,12493198554.097303
458.95792,79387518233.18831,16234182544.821283
458.98669,24997273746.54888,5399910006.94426
459.01544,46462298425.56518,7374958782.764359
459.04422,69269912804.03896,5726440157.372519
459.073,136250476164.37898,11232504429.223928
459.10178,233427953221.212,46741911881.20255
459.13055,122476066073.47508,27942264002.77665
459.15933,80154852313.11588,12666658023.745523
459.18811,179394767194.03766,17650544563.33368
459.21689,455518782202.5047,25905600624.02375
459.24567,639995338428.9163,53421977386.732506
459.27444,230028666527.83817,29676888559.374645
459.30322,55285828565.47208,5986424509.864161
459.33203,50383524295.89864,4989936262.090046
459.36081,83915522843.55978,10329667965.12548
459.38959,137754220187.31198,16127141964.096737
459.4184,367668551450.31793,40204997115.71418
459.44717,822099606153.4725,102878363991.70676
459.47598,779550556838.8931,127307997927.32008
459.50479,371037929363.7321,75366972542.2266
459.53357,321931458214.7545,51890449991.14527
459.56238,466055815291.1511,63624910421.41467
459.59119,324869926355.7309,38657684304.341896
459.62,126143015630.81424,5772501139.143928
459.6488,134383200531.1537,15717568626.926594
459.67761,313841226596.90564,26523914505.09693
459.70642,1332632128214.2695,158032461497.85626
459.73523,1301451796504.9473,308239361269.06024
459.76404,670256775734.3888,251540716323.14127
459.79288,326624812766.7934,98379688363.23372
459.82169,66867301813.65765,14848598300.816742
459.85049,79340098973.09795,19624718461.37772
459.87933,53109251412.88408,8364587441.487191
459.90814,94753604629.61494,5413064997.069953
459.93698,47384869344.79543,2490903892.090882
459.96582,123866875933.45535,12879827352.4409
459.99463,328352557025.6526,35950876363.28259
460.02347,117757946835.14288,26596826241.03356
460.05231,93490326303.82686,15871718404.990017
460.08115,0.0,0.0
460.10999,0.0,0.0
460.13882,0.0,0.0
460.16766,120715470384.36089,28506011748.937847
460.1965,83893823124.68442,10731060452.979116
460.22534,101852690711.2302,7631200165.91091
460.25418,146045848948.43616,17600688610.530785
460.28305,173788527572.8424,13142735719.152964
460.31189,375732524880.8205,12029203974.23645
460.34073,502524022881.6342,91897123619.82872
460.3696,287000488742.524,55309352228.63751
460.39844,357410232928.33795,48585179352.73417
460.42731,223070533341.7877,19212925027.35124
460.45618,113142834898.55573,14983879923.356031
460.48502,473138243098.9949,56825488742.59183
460.51389,973105482874.7502,65226877431.8152
460.54276,713396468415.7552,126563892762.0084
460.57162,391087937590.8452,58672261345.38582
460.60049,516244116775.628,84341485012.63013
460.62936,676970081008.1132,86481107621.79727
460.65823,846185932547.0057,110811144987.81784
460.6871,438220194252.1219,55853343967.69867
460.71597,198947787114.7231,17663135197.029427
460.74487,594893876171.4874,76277193434.65793
460.77374,637699268743.2915,186067565339.39957
460.80261,510913708083.92535,139005681014.44934
460.83151,446781256344.3814,94867204556.0298
460.86038,230450110853.69604,59093604644.0207
460.88928,321938151891.43243,82337555598.09218
460.91815,860550535732.5369,124180462552.34148
460.94705,539657407187.6928,64351935588.713455
460.97595,195280338691.52908,40397166040.57989
461.00485,367200196835.9148,98537295694.10608
461.03372,733508923897.8252,228569896941.32336
461.06262,681000829130.1324,146107733881.6145
461.09152,1171702960669.8628,166750298605.388
461.12042,894909308147.3098,104220681181.48302
461.14932,906005875761.0376,85705416632.38808
461.17825,511938735751.1346,61531535529.00629
461.20715,612115309912.1987,92557164943.19669
461.23605,632214903783.3352,99402505161.86172
461.26495,752114592676.8732,58202269100.17468
461.29388,1143645666840.8374,46955029903.24101
461.32278,1149951907527.0364,61964715675.523766
461.35172,1046461174356.7174,67678355535.57522
461.38062,774505498718.4607,84702261740.87076
461.40955,273933920465.6081,48758389079.120094
461.43848,85163142506.86292,14857588459.67333
461.46741,31518598599.2822,3463078468.3996587
461.49631,40200139813.62956,3827444347.4401455
461.52524,68438856212.80994,7996559023.798104
461.55417,61378192351.91077,8788821934.906925
461.5831,7598692243.947388,1293929332.9023623
461.61203,10019719468.983624,1268087923.9832678
461.64096,5937940589.006428,465858290.712626
461.66992,55904118834.347694,3669615497.343301
461.69885,184575934690.6209,12710941991.874023
461.72778,210007073330.4279,8511091118.539275
461.75674,139203220647.35983,14211279972.538967
461.78568,248792427710.85623,20780960817.517742
461.81461,230459383878.42487,20198822158.0222
461.84357,229355346666.44,12457007963.494604
461.87253,590033647847.3978,27249166539.48928
461.90146,574215150994.2336,58020137276.23156
461.93042,1188729599687.473,161990463514.11844
461.95938,508945149994.4028,63631913023.90747
461.98834,88585100363.53906,8202717515.465551
462.0173,14872926162.191769,766625017.6477103
462.04626,61815515638.76474,6200783172.914141
462.07523,55718440566.70514,6502722421.862753
462.10419,31915821517.10475,1313856355.015004
462.13315,32951723151.76869,2970805335.8241115
462.16211,46939331654.35448,8057263726.809916
462.19107,33860077957.04396,4834994280.122298
462.22006,55313148770.99051,5135330206.170709
462.24902,43749936296.63206,1785675852.8824024
462.27802,68992627397.2734,7412807494.232241
462.30698,117683341466.00136,20241414903.459988
462.33597,338509322009.2801,80948183462.59792
462.36493,814201060501.9879,184026688150.2719
462.39392,756575455415.2382,70238019417.43507
462.42291,238835425229.16492,18052008538.343777
462.4519,41074104933.608574,4306000155.249525
462.48087,34290837530.412994,4148374242.742652
462.50986,0.0,0.0
462.53885,48667246567.67725,10056114430.091335
462.56784,87782947945.40578,22249772020.73564
462.59686,155188999206.3319,35732213168.5487
462.62585,193110010546.9708,21420733414.77624
462.65485,186366465742.72,10822640742.684752
462.68384,47885858663.27451,2718471382.475632
462.71286,245038426422.7768,19145520546.35984
462.74185,364771414025.5294,43740960878.117935
462.77087,247829009581.81583,29860997365.815037
462.79987,549428848111.0011,58516423220.67798
462.82889,1252250851434.922,227103232662.3343
462.85788,321665647357.31537,26414196564.586613
462.8869,249850067805.08212,18501536878.45627
462.91592,476116731324.2015,29320434404.117424
462.94495,452002433947.51965,60790355455.02431
462.97397,426117406717.0136,77281833888.12387
463.00299,718464612318.5304,148739212921.33392
463.03201,744749911982.9695,144421270700.4773
463.06104,852177687247.9728,93708271615.47784
463.09006,627642981792.202,75143391356.98572
463.11908,580389670732.4166,104612386192.74413
463.1481,307648678964.433,60383712397.75408
463.17715,63820235196.69688,5573913163.14969
463.20618,76206268031.84486,4318943265.823464
463.23523,54197098081.683945,4732972537.764903
463.26425,0.0,0.0
463.2933,116644887128.05669,45424935022.01089
463.32233,125376734571.99422,39044406701.77719
463.35138,124341567613.81636,13665909369.924538
463.38043,194923237415.02,31101598170.983112
463.40945,65938914034.25768,15067980697.143229
463.43851,28025452118.175915,7653856674.250644
463.46756,98816907612.03148,34290238737.085144
463.49661,150755162749.2944,57025184246.49848
463.52567,25728213664.875084,7775475386.020628
463.55472,0.0,0.0
463.5838,34034578826.910168,13290814726.838028
463.61285,105331857697.80637,23321182517.411663
463.64191,194669720078.98984,35033808037.061485
463.67099,173769253010.76898,50211324898.57902
463.70004,23037915147.387142,8545111565.164736
463.7291,0.0,0.0
463.75818,0.0,0.0
463.78726,138792626968.45224,76326292040.08308
463.81631,111284209322.7754,60896510615.83413
463.8454,124442580395.84758,66817367876.58704
463.87448,0.0,0.0
463.90356,7263740404.080005,2521926988.417316
463.93262,412426357192.5038,220684287628.7934
463.9617,1203042479724.0847,412554538550.0941
463.99078,1839204013919.8027,900976239157.0884
464.0199,722915478480.9438,432849977904.0965
464.04898,105597262911.75496,64998231599.12476
464.07806,102529937261.83894,68169753163.0447
464.10715,262718367616.5705,142281655603.48486
464.13626,142963375393.4241,36863833400.39749
464.16534,0.0,0.0
464.19443,104271210795.73094,22415551665.594704
464.22354,391881404708.6527,84854322541.54323
464.25262,540482304625.296,180351680256.7711
464.28174,435972383156.2092,160198857622.9635
464.31085,844675168932.413,385023926859.51337
464.33994,984515743658.4124,104676185285.01164
464.36905,338412293333.75336,122504052524.67532
464.39816,418057717384.8321,226264688952.81985
464.42728,723755813738.9546,446735593568.4551
464.45639,1750494272438.051,714498109571.7878
464.4855,1086397799246.1788,113202122176.87772
464.51462,419973064721.0002,62670301926.44498
464.54373,188713613857.6548,33528704691.07048
464.57288,144146460997.65573,74420352390.04477
464.60199,170171236749.79614,80692952442.28221
464.6311,34323935618.810085,4893952008.5802765
464.66025,135069934591.87926,9986042901.761728
464.68936,163862194398.80862,47044051116.78764
464.71851,846067343278.6515,184881130727.18503
464.74762,2127181440722.803,679346066234.6367
464.77676,1499856907238.3137,802084948899.9083
464.80591,541602123323.7737,273178044238.02823
464.83505,350328400331.6091,173132193945.0507
464.86417,35181256815.72016,17951360942.667263
464.89331,126650315271.50124,50918886693.00283
464.92245,225075814794.03287,35328653629.241936
464.9516,176638978161.64832,13359435949.316105
464.98074,445968436619.9745,105635809254.02393
465.00992,1073807052439.3148,250305347792.1836
465.03906,1978177560598.053,654014417405.8927
465.06821,1064049656381.3864,308107844976.05225
465.09735,483090410674.8278,124267202198.32294
465.12653,122663551450.9537,28094577119.52948
465.15567,15056464130.860868,2373263145.7172694
465.18484,73812534135.26071,21308563381.044792
465.21399,144929076675.0733,55603541224.146805
465.24316,92253707270.65308,36037736268.71237
465.27234,109408190584.05708,24597530955.99032
465.30148,233073266176.1789,70676022715.72302
465.33066,11174222044.580154,2984334028.647804
465.35983,214139662051.12503,89033747298.05035
465.38901,235072521894.47055,119525129640.1035
465.41818,541319780959.5671,227720839368.96585
465.44736,1671168794740.1116,497579002379.74646
465.47653,2726965951908.6367,341904131763.34296
465.50571,1873278230430.8865,400737800299.68427
465.53491,2301518627330.879,489946322092.1408
465.56409,1211861406623.5276,161816266246.2352
465.59326,547555048259.3514,98880754243.07716
465.62247,263012532769.83087,62297157589.63134
465.65164,126745190768.75346,42311805256.49384
465.68085,118352843053.05109,47395587651.18595
465.71002,350123514431.34906,96398591648.58089
465.73923,882771450586.5789,163255974481.2193
465.76843,1550518193556.923,191358757709.33603
465.79761,1210045486988.3704,184954379635.72256
465.82681,2352329781146.5176,386853123067.5148
465.85602,4204034260188.331,510946079350.7829
465.88522,3663155167098.508,810404431367.2313
465.91443,1857073067826.4705,648464494415.2649
465.94363,529932014152.4506,140871952604.29172
465.97284,249854929586.0739,36924136514.07038
466.00208,91115143281.14598,19273611268.533863
466.03128,81082977148.44926,21011867708.997177
466.06049,76976719394.80203,15718560506.35029
466.08972,15827360501.059196,2572378774.5786414
466.11893,0.0,0.0
466.14816,118821005979.16946,24292759051.36124
466.17737,447175788466.72845,100456278600.01176
466.2066,781525155023.2612,150733293449.04214
466.23581,579566677617.1805,88359814571.4368
466.26505,123798003566.9175,23152007324.3512
466.29428,66072958287.32351,20384053377.595787
466.32352,91026737359.44948,26791715137.786377
466.35275,107100885313.56387,42154183656.9782
466.38199,174088457567.10162,63561066200.1743
466.41122,470906962514.5944,101048749084.1524
466.44046,1447918014617.6233,155866428726.23737
466.4697,1700380274498.8833,348747594648.33057
466.49893,841424134866.5321,233916182382.2389
466.5282,841405879082.9485,250568437469.3924
466.55743,1108651725075.0825,377386447838.8695
466.5867,770890594540.8499,233871782039.60992
466.61594,508920567191.6653,162800211363.65424
466.6452,537517460892.6976,152243424848.74634
466.67444,364785252529.4159,43029412955.85384
466.7037,182610717931.60345,11785616497.336596
466.73297,116287536644.77866,40596006874.74564
466.76221,38757485623.14467,16550762648.091248
466.79147,168603980657.65533,8972502081.430956
466.82074,508070959546.0894,138177743697.60712
466.85001,737686317398.2126,185072570724.94772
466.87927,1044099553870.0416,81010248043.4478
466.90854,878045578833.7683,34008931024.9328
466.93781,319853257923.3147,19791059252.627377
466.9671,170289626968.78348,4115747568.4981833
466.99637,185272463771.1982,28302064767.833645
467.02563,293199629678.8824,42787679909.88711
467.05493,326641063435.9593,51199446042.93435
467.0842,143692511113.30316,21202996153.37717
467.11349,31940212334.33272,4159720635.930892
467.14276,25668058454.640053,2881320582.5728693
467.17206,16321483628.80998,2145342956.3454492
467.20135,24584026947.44445,4552066576.114759
467.23062,86925191055.9123,9645029301.83402
467.25992,52251258488.491234,2267589417.694505
467.28922,335539151135.55707,41335008743.11856
467.31851,269822852671.982,33433080831.264656
467.34781,155563752031.24643,11858305930.531565
467.37711,102489143791.0288,17862372258.534546
467.4064,70952691384.04868,19543588270.9811
467.4357,97624837577.66736,29765762567.60585
467.46503,122767117093.0902,26644360095.86425
467.49432,494242474976.4161,140458631446.92056
467.52362,1308478108887.9644,537158276243.6913
467.55295,1314648210458.4253,483385995722.9285
467.58224,608494215283.3348,172941286500.3816
467.61157,238024695100.17084,42992374822.3646
467.64087,330320308399.9805,45335631167.141655
467.6702,514973410914.2073,167640049876.05295
467.69952,485667476361.2934,201611972949.51428
467.72885,1628267949659.2727,517203601101.5289
467.75815,987561343563.4738,143872944379.2704
467.78748,261860718143.24,14989356725.970316
467.8168,56598537150.58985,5442894656.469857
467.84613,50215398560.4492,5997968553.567269
467.87549,58247291018.67522,13569963680.094772
467.90482,102667738550.5566,27599500592.06922
467.93414,48378921092.3568,8782721551.054562
467.96347,58111964360.51498,12376658348.233095
467.99283,0.0,0.0
468.02216,31666173885.32645,9442248773.892649
468.05148,30485233797.207623,7611128102.605244
468.08084,159154386967.46582,38193567682.75204
468.1102,129699589350.04791,18298803333.79592
468.13953,235601410151.37332,23580742405.2109
468.16888,1051993685116.016,58031721648.85468
468.19824,1139697544355.8472,84082213903.4927
468.2276,443128412112.16,70395024561.45955
468.25693,74289051983.04129,9370588531.43466
468.28629,40571936552.96632,4007408536.392037
468.31564,191827233183.7652,13563086106.891428
468.34503,539382441478.3885,58447500819.268814
468.37439,600567135842.4801,104891339372.98335
468.40375,538836654070.6929,91917223307.88132
468.43311,561189986877.8274,60698017331.57869
468.46246,439017434974.7537,43220968660.65875
468.49185,1090848666555.0717,113203504631.5544
468.52121,1323723517751.0754,113077673799.97353
468.5506,363858629632.5991,34997904594.95842
468.57996,476013454348.7187,61156434540.30907
468.60934,1043117587758.2996,114486158234.484
468.63873,1106994199014.5806,123883939364.96904
468.66809,502348794034.56696,90628353752.8704
468.69748,308482744324.51654,49114240438.58505
468.72687,140751530897.4639,6693696421.3635845
468.75626,224022707060.91333,11708979928.87965
468.78564,552654063906.4341,49619758657.69746
468.81503,610974607865.9989,102637003515.04349
468.84442,230964558389.23096,37203792984.53846
468.87381,112521628796.92323,13683083324.237385
468.90323,102397975144.25072,12480041767.852757
468.93262,75914207348.74242,2927569575.570675
468.96201,201086949573.0334,16226165034.259258
468.99142,250616553146.7174,67689062538.008194
469.02081,166376086229.50375,51607784085.35832
469.05023,185284945669.9763,54942219498.101295
469.07962,508988294127.7962,112798220105.55888
469.10904,880497803147.7715,85318363771.08305
469.13846,1405096133769.2766,111459077440.79028
469.16788,1116518701678.2617,123897011359.9349
469.19727,415373984821.0463,35430415274.08063
469.22668,165192976886.20016,11125170899.39264
469.2561,148214060787.5407,9977284783.322136
469.28552,215085204893.1624,19322011625.43108
469.31494,99559470916.08156,11024712177.26142
469.34439,40760486252.36703,4791024931.130832
469.37381,71683343540.17151,10893586962.73362
469.40323,74154075124.31201,13452967809.033304
469.43265,114291147995.72502,18100055657.91776
469.4621,453101517142.5181,55998674082.899
469.49152,815230204476.3484,117779742527.70912
469.52097,440212488981.67664,14492022861.648169
469.55038,145845902358.64886,5814360185.301365
469.57983,114990246687.24245,7981829923.056026
469.60928,265326158246.42865,25847069786.175102
469.6387,225511660115.5081,36417327164.23704
469.66815,323825504405.4977,54656141244.95366
469.6976,365247451856.9294,45709943957.52903
469.72705,682376047834.4132,80809558072.21634
469.7565,925913926866.9803,128205551231.7974
469.78595,567545871509.5958,62671990095.63616
469.8154,156719972482.1895,12903699647.928242
469.84488,78301981061.37344,11133509593.562843
469.87433,36080877689.66958,6153493985.160566
469.90378,74258262232.71492,9506440900.599224
469.93323,84465452550.61244,12116855057.178053
469.96271,221476547919.182,28227899725.046024
469.99216,227435756797.23508,17597877006.21686
470.02164,171267389324.86478,21122318689.493797
470.05112,29691156644.512352,6017491549.536987
470.08057,18946632115.54274,3170976930.719588
470.11005,9230188778.2498,1198068239.3397624
470.13953,51680604825.891045,4986559750.481336
470.16901,264760607439.4141,12611992851.343664
470.19849,508233522233.1739,28316439925.54696
470.22797,377833472501.8359,36621756325.752304
470.25745,192545276466.22397,21734334497.58452
470.28693,289355262305.26544,28974328730.884373
470.31641,236196653321.9661,17142336224.306597
470.34589,86147188246.30623,3446139661.91065
470.3754,49054335253.556725,3653152288.016404
470.40488,64161596953.28161,12154334063.768814
470.43436,131584954198.5422,22830016722.216145
470.46387,369410624053.1848,39419013902.70947
470.49335,348353674782.3809,29712150925.57523
470.52286,202101575578.2262,33088932680.967564
470.55237,140951311565.02036,12961293447.91104
470.58185,309031831492.19934,33740940845.35498
470.61136,391379989466.0775,71769427149.47717
470.64087,147929181937.3319,14995135196.895563
470.67038,62022920674.540085,3081384507.671589
470.69989,39246385050.57124,2394298774.538485
470.7294,0.0,0.0
470.75891,79833896612.25787,6224493548.346236
470.78842,0.0,0.0
470.81793,0.0,0.0
470.84747,0.0,0.0
470.87698,121180660570.612,16997793273.912624
470.90649,337153448420.9683,67944854466.30028
470.93604,379145674142.1561,84335810686.7786
470.96555,309730432628.34656,36345695944.11983
470.99509,109962275079.46516,10097936623.935278
471.0246,53191841286.54355,4421282256.2203045
471.05414,84699955376.37613,12166746027.313644
471.08368,166564350825.30148,16515597164.0953
471.11322,124054713354.76476,13907545853.79188
471.14276,104126414752.65172,16053662570.927618
471.1723,156224880646.96396,23458005684.067493
471.20184,135452144994.96826,11449581672.257414
471.23138,98363919923.00034,6893981343.311328
471.26093,250972484262.35428,13791517622.388138
471.29047,783386328598.9674,90275344761.27444
471.32001,844008045234.8073,86260727475.02502
471.34958,0.0,0.0
471.37912,0.0,0.0
471.40866,0.0,0.0
471.43823,8968306485.57614,872398046.273157
471.46777,0.0,0.0
471.49734,0.0,0.0
471.52692,14491699213.361338,1633279405.9433718
471.55649,50194866540.6121,9344995609.980928
471.58603,60394889797.62645,16399900019.35489
471.6156,82243726969.69926,21347244821.01547
471.64517,55443940558.34406,11998159977.077524
471.67474,86228215835.55592,8931635421.851694
471.70432,103380541839.13995,7202637887.879402
471.73389,227550312904.3249,22101352509.8761
471.76346,159580992622.0426,17930102482.35348
471.79306,106931524789.09268,9918708897.55396
471.82263,94428104564.24847,5061882868.723392
471.8522,144869438776.7565,9372702535.270807
471.88181,239691524534.4241,32203151675.517105
471.91138,870330938510.1134,121741510507.96931
471.94098,729433140986.5186,102064608807.41805
471.97055,165615855246.26874,23958027925.35791
472.00015,77769505968.01173,10206344485.982382
472.02975,48347892115.7013,6886986308.783868
472.05936,18463002438.55884,1211767954.936438
472.08893,0.0,0.0
472.11853,0.0,0.0
472.14813,33395615714.698284,5876984804.365884
472.17773,80940235736.59248,12767250936.09013
472.20734,167043441696.3397,14545015695.015549
472.23697,265163470476.10336,22513270770.12145
472.26657,243673649462.50192,22964890413.33548
472.29617,95051707062.37012,10637056204.759644
472.32578,108607731754.13753,15610092859.7041
472.35541,212302446599.5068,35506103610.10514
472.38501,537965681048.9284,54146027403.95168
472.41464,1021498168858.9238,68206834174.0225
472.44424,968127255236.5704,127914221094.25642
472.47388,401357657856.1371,51678950978.99496
472.50351,110317053106.88904,8365625492.261303
472.53314,82158511135.4923,6968225787.607643
472.56274,57854277701.31104,5705144023.920523
472.59238,47140242158.26072,5525773927.518492
472.62201,89048142840.46019,16284911854.198656
472.65164,179228348526.11655,37224064964.72074
472.68127,214304405747.2057,42405649775.627686
472.71091,125606111953.67464,20834251573.127583
472.74057,108696033851.43549,18440986895.38461
472.7702,60014922682.07637,8632099541.713793
472.79984,82974901470.42517,7834472250.193037
472.8295,96993057345.02594,3520912559.687324
472.85913,79563835644.42755,4353748071.303702
472.88879,101075211824.71512,15054045520.317364
472.91843,384485597428.9076,83323452717.92963
472.94809,491896247086.6489,121318146843.31912
472.97772,179497594413.89468,35202048661.25182
473.00739,69095721002.41716,5279066442.806061
473.03705,47156343040.64355,2057192389.5786996
473.06671,78365451749.22263,4884314921.318927
473.09637,112311035057.64836,11666349281.2004
473.12604,290443101815.4108,36761512847.82842
473.1557,380497991077.8128,58045884634.54133
473.18536,177842430079.09497,33671284697.696312
473.21503,71386732235.74815,14643942726.631643
473.24469,89715959844.03802,15958889066.596428
473.27438,119532218073.42049,13300179176.906273
473.30405,245964959986.79996,39018539815.91028
473.33374,1093406063145.6102,186770482473.3297
473.3634,1605234684483.8308,140044154646.71542
473.3931,889457240964.099,85417399887.71474
473.42276,439039383108.3016,23838091030.628696
473.45245,309583326902.3155,34824442625.85015
473.48215,544781406904.6137,19453148489.36496
473.51181,427193812141.8248,16414212063.733335
473.5415,193326832802.7364,34369097557.92246
473.5712,98996777492.74042,23076346087.18442
473.60089,123734353425.13298,10699933226.127466
473.63058,78332254351.55663,8183650683.342225
473.66028,0.0,0.0
473.68997,0.0,0.0
473.7197,200900134205.49692,34579700504.28453
473.74939,375356737965.5434,9797029858.322956
473.77908,300877117761.16907,32393259114.204605
473.80881,344000310709.16864,42472571790.38347
473.8385,270859830095.3295,39632758833.87862
473.86823,428931604772.00793,78125339395.12384
473.89792,1202470838574.6897,204460728222.6768
473.92764,1563288684472.5962,128764856566.58356
473.95737,1067133108304.8104,153587917622.0776
473.98709,755204984962.8665,166542659266.52347
474.01678,843968869885.7062,144467268825.49637
474.04651,6048285188.977168,426827660.30028063
474.07623,87539768476.00714,19092585795.59987
474.10596,142938651447.86588,41436478758.07558
474.13568,225707334401.63443,50184926040.67361
474.16541,260735205440.38345,35461493879.14395
474.19516,1100386813796.5027,186302542387.34183
474.22488,2206642631625.368,459202012790.6611
474.25461,2013338096989.0293,496002706291.3239
474.28436,1136321389980.9348,236693181503.20847
474.31409,958521528668.3888,192221849072.1971
474.34384,1730929140734.3406,444080720856.7731
474.37357,4103682550891.072,1481458260364.2898
474.40332,4754939078996.45,2111212168431.772
474.43307,2294229770886.5225,992024606810.6848
474.4628,684389923458.1354,228174558707.9685
474.49255,510317728122.4125,109573871616.20776
474.52231,341620935648.0086,86036062609.81204
474.55206,237000023723.39505,91485456276.44684
474.58182,245410368286.212,117796280700.2926
474.61157,234042600406.9879,124439491445.84196
474.64133,283196293082.77734,134519370765.6922
474.67108,51640150169.71552,19890025471.72617
474.70087,543300726885.4897,160574449409.8079
474.73062,1460758821695.6443,546246017742.7437
474.76038,1201666801322.9363,382897119748.9482
474.79016,380715533510.8732,92672609699.75592
474.81992,79364589947.39899,32883653966.57298
474.8497,72897132254.43266,50252180770.34187
474.87949,105784828940.25713,80684633890.48941
474.90924,126337689142.16444,95275884898.49232
474.93903,83552555377.15071,56845132101.68864
474.96881,157615588996.24936,79364874518.36275
474.9986,357519546135.77783,151226057602.71155
475.02838,736523049652.5753,314422582835.5089
475.05817,838068826613.6477,313433049731.1607
475.08795,583535532113.0933,155885713750.9333
475.11774,735052613930.4385,163034331441.4196
475.14752,770772409268.3656,125730405190.1204
475.17731,308630250629.4296,90008323879.9301
475.20712,0.0,0.0
475.23691,0.0,0.0
475.26669,63649061434.663216,13118748800.914783
475.29651,0.0,0.0
475.32629,40313362609.74202,17881530640.586803
475.35611,129101756563.04558,37692513125.18855
475.38593,123070024994.39856,21026470208.135
475.41571,154066354211.001,32753447047.83053
475.44553,198615650074.61093,38247569633.53606
475.47534,327155068179.96,62156483421.85647
475.50516,895508240060.7697,167146825858.50772
475.53497,1895758545434.9053,315946705865.81866
475.56479,1593710064557.5645,190218874705.49048
475.5946,1315372436012.3352,150504555454.10553
475.62442,3529897273086.112,619766590355.4984
475.65427,3904852928658.207,748741230246.523
475.68408,1558932428012.1108,425983822662.2476
475.7139,498552265237.83466,68229361524.09087
475.74374,416420128557.1583,118191955358.24458
475.77356,818071920507.9288,371208419244.2198
475.80341,1876655956772.816,683103656114.1732
475.83322,2020238675840.164,282980563885.42163
475.86307,636472282894.526,84658104366.95612
475.89291,129810466963.99184,25892676502.12657
475.92273,171247459662.2014,34387808436.031944
475.95258,140303346847.45328,37954975081.94317
475.98242,33058347688.72743,6718119868.561901
476.01227,134159010469.9788,26198189868.322346
476.04211,397328492348.2477,89125679396.24612
476.07196,1111242190974.3884,156892218024.39807
476.10181,1827468343423.315,307951128606.1559
476.13168,1229390815110.8057,234951758471.1461
476.16153,388071329032.1502,45598215554.28327
476.19138,165653359192.71655,15180115037.519268
476.22125,62084499023.40996,5038345821.827436
476.2511,0.0,0.0
476.28098,0.0,0.0
476.31082,43563799910.78789,6228306058.3574095
476.3407,137365024003.86765,40610849603.85046
476.37057,125245905474.69563,43932964463.51346
476.40042,88580809946.94774,43205191956.90772
476.4303,309842963534.4672,112242791729.05183
476.46017,1663271206461.5786,237690592983.01364
476.49005,2456301478857.5166,220208048692.60596
476.51993,1237706547195.0327,156383738466.6947
476.5498,296465095422.5407,29325243580.82168
476.57968,96329523351.04152,14308679452.736273
476.60959,68324744497.20013,15047646387.25608
476.63947,78937455736.90298,15655363994.076962
476.66934,104954485201.52232,13705703596.252172
476.69925,296191355422.0693,73539065779.06252
476.72913,385375357554.54553,84288337865.26917
476.75903,323025156241.11945,24198535975.997234
476.78891,254086674020.1462,25094801134.19541
476.81882,468426379044.3337,74948838184.51833
476.84872,764931573375.6703,148926634419.4741
476.8786,440763395710.99146,102264721786.6468
476.90851,165845173162.83475,20699927733.857224
476.93842,294307172823.1706,17710938529.822277
476.96832,487565614624.87067,63516510055.246506
476.99823,380153538105.83215,90800411505.8227
477.02814,169253154082.51776,51031947315.37205
477.05804,118988963155.28178,46442624127.768265
477.08795,107765794059.45695,47491399527.46007
477.11789,126952271937.10349,45002463940.21204
477.1478,292699386026.7065,51735297678.64735
477.1777,269546667447.1031,25371718700.40886
477.20764,162522227305.5846,15880057868.97782
477.23755,72000896201.94849,5643220447.814735
477.26749,65307539549.52348,5791131774.1940975
477.29739,89414223431.39612,9334315659.33022
477.32733,44752887871.764336,3420050692.6084085
477.35727,54855260225.97519,5627375220.902907
477.38721,42758761562.77469,5904956092.645723
477.41714,80879774506.37471,11961421266.768448
477.44708,66014998532.431335,19009566650.625404
477.47702,159556525212.61957,42692994862.8331
477.50696,340143681780.014,32797948554.780758
477.5369,1003844562984.7086,78281493525.70894
477.56683,882373555864.0115,158199586949.21844
477.59677,326493060307.12537,84424940029.29839
477.62674,118937940463.00414,35373427998.666275
477.65668,114256230284.80772,30299518885.19589
477.68661,170555865694.23035,21766745204.141422
477.71658,785465864476.0796,50817596924.39235
477.74652,1948356814128.637,158137265002.4121
477.77649,1088430498667.9164,146604480730.33902
477.80646,321009213332.9059,78002626344.27783
477.8364,490788491350.3272,159233937173.5891
477.86636,1119334508391.927,352408839536.97125
477.89633,1288465840802.5613,257751941614.87463
477.9263,696747320660.9259,165278802310.01675
477.95627,271614316301.06232,71589481197.59306
477.98624,236616969513.4038,61948815424.73336
478.0162,582907924167.8676,134281362445.37648
478.04617,687781860902.0079,74779994959.40912
478.07617,309862277877.7084,57150258444.91577
478.10614,105625736955.889,15160511494.45494
478.13611,191214247366.10275,17867721193.14515
478.16611,512848313668.7546,41920732778.90564
478.19608,347565187342.36804,42485972088.6822
478.22607,206129206864.31192,21952216277.245224
478.25604,242515351140.13965,26731842571.033867
478.28604,386326536557.4858,46537056117.474815
478.31604,830286180997.6832,172947336088.88593
478.34604,263284766672.45786,44601911662.747375
478.37601,52379378518.45581,7869928295.023748
478.40601,39596362379.69415,3598255986.5409927
478.436,94294990990.03651,7697262217.664692
478.466,73651557887.32008,9944467474.709154
478.496,32065659368.90843,4510221664.250949
478.52603,147269391371.62112,26713319806.80133
478.55603,121790417843.50076,33577092692.27739
478.58603,319772515182.76324,83755017286.71306
478.61606,393391303936.2116,115954045341.2583
478.64606,1362298436864.215,328704632744.0904
478.67606,2567248424073.8564,406962427913.1069
478.70609,815536995633.3127,129201719476.72057
478.73611,439958380989.1536,80148417355.48822
478.76611,857850955414.4711,257060969349.35776
478.79614,1351568928801.8552,280811773521.0583
478.82617,1471254179995.5188,264309738660.65756
478.8562,538461847129.2125,106371469315.25572
478.88623,148926501242.07193,17031489820.70023
478.91623,103252670530.96252,9305774846.28146
478.94629,21200568203.978477,2035560674.6143544
478.97632,32315904072.712303,7227318372.67233
479.00635,32228562253.85432,7259723493.912709
479.03638,0.0,0.0
479.06641,66915151686.817154,23735636252.157085
479.09647,30443591156.06684,9939316805.30112
479.1265,32923779844.57927,7775410312.353016
479.15656,0.0,0.0
479.18658,8772082830.328854,373993651.2239461
479.21664,10841713934.449142,675011351.7129244
479.24667,68683543890.80689,8560040095.365319
479.27673,118558508147.46202,20655876058.287983
479.30679,150680363715.0861,55126122070.73461
479.33685,144868427417.64197,48422056275.45605
479.36691,151988540108.20288,19641792273.12054
479.39697,424645929318.9837,35938386369.447655
479.42703,672201333085.5344,80914223180.01585
479.45709,440080914740.6916,99647159386.80936
479.48715,187785044617.25095,44233638240.15337
479.51721,298108580853.00525,50851702959.8212
479.54727,596667349896.3903,96952759871.37106
479.57736,757599086907.612,121079900138.89104
479.60742,669470561247.2484,68664729883.02498
479.63748,457211715660.9511,27399312753.581047
479.66757,665422509900.0282,41653817992.32065
479.69766,992512992897.2266,160067027695.5635
479.72772,522044856662.7701,113967809680.50172
479.75781,156484125531.53586,25349198315.660847
479.7879,155786195881.39963,11438490690.419558
479.81799,112502808177.09114,5979819749.324217
479.84805,113848333371.56598,4856384929.101336
479.87814,117176987902.42586,5366897074.452427
479.90823,175194312170.9601,18359237170.57606
479.93835,562310451954.084,37920415746.769554
479.96844,770801405741.727,13397808215.916866
479.99854,533348423560.56055,18410311927.676758
480.02863,773819911697.8867,58064363822.40772
480.05875,793908015671.4646,71539439035.65106
480.08884,557820908996.2842,100265228414.1042
480.11893,1252902308924.599,217523103918.36533
480.14905,1195308526550.0374,71689685319.71153
480.17914,385154498860.53394,54408479549.43528
480.20926,376246042296.3904,84720544734.45068
480.23938,689199164304.3795,148907688972.17847
480.2695,354733038789.5828,78675288233.26636
480.29959,312115167211.2064,55921320889.60432
480.32971,735483141526.6838,112875076412.05278
480.35983,626308592926.2797,34665729916.11142
480.38995,1156611987364.9775,84216166758.60222
480.42007,777507327471.1727,71697165459.00168
480.45023,162872327993.1723,6932995109.043045
480.48035,100085394028.53809,11036752584.638351
480.51047,123626226050.72502,20236456815.800125
480.54059,155893547074.58154,18939448229.26293
480.57074,141884949714.37317,26290201820.49387
480.60086,392212270866.5337,82708361908.31111
480.63101,660360562051.767,74487114651.93365
480.66113,410544269639.0351,25540771132.850822
480.69128,322497119198.4244,14955926474.717932
480.72144,112808167239.07014,7733877894.327837
480.75156,78697594551.36249,7771499147.971281
480.78171,104573956059.47926,13333500955.546535
480.81186,69611373501.46701,5788911354.719517
480.84201,88725247006.83774,14170829754.99296
480.87216,161484258739.0372,42514023966.56129
480.90231,288582814494.9012,42081605744.7015
480.93246,426676507447.49457,23020701197.516956
480.96262,363595241503.4866,32745826216.5218
480.9928,226259928481.5189,37570214502.98593
481.02295,377624153943.54944,69971676990.40714
481.0531,753486378630.1403,133633242373.2958
481.08328,691184374636.5891,145980798335.03088
481.11343,221316938759.4937,49629100325.536224
481.14362,77690281865.79082,10075205172.60297
481.1738,53312495714.18373,3320617210.9217257
481.20395,121783445692.18852,5942205951.844846
481.23413,551701733991.3773,61843677560.18279
481.26431,1036439679653.1954,136500421492.1471
481.29449,786829109372.5781,112253006155.53342
481.32468,1183666200841.2903,74989115877.43523
481.35486,1579084584911.9368,88431024946.48347
481.38504,1473795655167.0852,118574848584.93668
481.41522,828436467722.1118,93806858163.40996
481.4454,1012726794839.337,139056270027.9677
481.47559,1044173682229.6078,115644433527.66795
481.5058,608363272684.2062,67836688529.526505
481.53598,424048946182.43335,68458555768.9047
481.56616,700436896843.9553,107165128422.90048
481.59637,833615640299.2343,79115312483.29802
481.62659,877207572590.9175,44684770931.759575
481.65677,755473940694.9164,86561977980.88187
481.68698,1161632800070.9778,194649813381.43256
481.71719,761059844409.2494,116489465181.49344
481.74738,216747830356.96683,22608461314.60406
481.77759,120860901194.15302,11513764439.92309
481.8078,65028247431.90488,6027548761.996046
481.83801,37916775352.74115,7547613098.975836
481.86823,62927550545.27506,11579735928.586405
481.89844,51429212418.4546,6695259951.89806
481.92868,83395670261.91747,7708085541.491834
481.95889,113557425679.39629,6331882689.84846
481.98911,303373362963.37415,23391500327.16832
482.01935,815006278204.5835,72242621394.5215
482.04956,633079619887.6697,57767824602.09656
482.0798,249453105253.78104,22429448077.67353
482.11002,535647632611.8985,28481982892.965923
482.14026,981589846057.4426,58141583417.73428
482.17047,865330078815.1438,103288278288.02824
482.20071,634922059216.451,116711285200.78262
482.23096,349130747751.34015,54415396731.64806
482.2612,292298365573.272,25900906845.6973
482.29144,262650260762.6104,15803561902.210022
482.32169,167613631303.0471,7796261462.062305
482.35193,348364775525.28174,21750917028.33732
482.38217,709692652238.2069,30308941813.894424
482.41241,773243099933.1743,56941157835.63467
482.44266,1029335270415.2372,141253949666.80627
482.47293,797287928602.4921,120969859376.82124
482.50317,376213151058.7805,55795903933.13295
482.53345,530267024850.85925,108059488916.46368
482.56369,1371976385751.7332,314804985852.3601
482.59396,1078267800104.9446,233010658254.42465
482.62421,627693593070.8287,92921862759.68616
482.65448,436305543732.55743,65019162865.10474
482.68475,1201418677359.2808,202525355988.36432
482.715,1413904265317.2744,114694085802.27213
482.74527,523318008648.4193,40386071645.48075
482.77554,216519348080.4911,16497280729.448942
482.80582,291248335457.5118,23945987348.82653
482.83609,133626419042.8594,26254648352.621902
482.86636,104435501569.40729,16922626609.510838
482.89667,108264758349.13309,8007775210.235373
482.92694,221446059702.35135,21525180478.00001
482.95721,388998133609.131,55041717934.72624
482.98752,225841270570.87177,14838282727.933851
483.01779,41460741701.76444,6933149544.821251
483.0481,13859040561.00854,2186445608.6763263
483.07837,92050557622.54897,14878003374.918545
483.10867,237047468306.054,54789549807.397545
483.13895,297801139247.0004,54110183228.7069
483.16925,339473171292.0901,23745221753.930527
483.19955,334582949370.27576,34042676319.015312
483.22986,122181791169.47864,9135509235.943687
483.26016,54981531466.1926,5076451528.88911
483.29047,0.0,0.0
483.32077,0.0,0.0
483.35107,0.0,0.0
483.38138,293071829428.956,49456359146.14874
483.41168,774625623797.9075,22074527251.13663
483.44202,795934942925.3507,104133110897.36992
483.47232,534416210102.10175,72313165295.3064
483.50262,387826520985.4199,50328179720.12925
483.53296,449461111151.6622,21390323180.470734
483.56329,282777453064.8519,28820267525.52954
483.5936,118413055567.96889,5943150265.86341
483.62393,138485323445.37625,19149314562.662148
483.65427,265545525271.4301,26866446736.29048
483.68457,292624601844.93384,35514283825.87632
483.7149,115608748761.27008,16085762598.39618
483.74524,68111729459.33091,9581828606.245438
483.77557,626530507596.118,59676269654.44689
483.80591,418586471574.2021,47633379469.427086
483.83624,256936911534.64288,20478821055.771973
483.86661,204060315088.7558,9013723584.49387
483.89694,269654521262.1173,11554448563.563503
483.92728,369252545096.8096,2928164765.1348333
483.95764,308133837704.8271,13305408424.021086
483.98798,218496003050.29068,40537954226.41997
484.01831,235361974225.59436,40767154847.25935
484.04868,385706320002.7388,30928994021.263603
484.07904,668811862530.2822,68278337829.32727
484.10938,606093908831.567,71239325587.18651
484.13974,516864885693.6416,63217582751.30579
484.1701,734925123158.0203,67159514075.10105
484.20047,1035468330170.1971,91162380653.61778
484.23083,1033145463974.6522,113489231813.26416
484.2612,640715880966.6827,26527224838.196823
484.29156,302002797222.88385,26995647516.05735
484.32193,152991288977.36533,14210531650.85292
484.35229,393802819165.7405,30453637934.35028
484.38266,554286434812.5405,53469317450.08831
484.41306,276251441578.928,64214526441.19798
484.44342,171796840209.62955,49216929752.32817
484.47379,197358147344.7564,48681658225.26134
484.50418,358953544247.9357,76722778022.96806
484.53455,877516914918.8589,187453405989.36865
484.56494,2204666017908.6016,295216405803.80554
484.59534,994651263259.2288,75984710718.00648
484.62573,337370247214.2143,33999666481.530884
484.6561,534542040172.85394,44874405647.24056
484.68649,413284271986.9904,22490799068.995872
484.71689,170604707754.57837,8505253817.900386
484.74728,169655208559.6807,8944354063.33944
484.77768,170574235509.26263,12280386639.855808
484.80807,92420866595.40048,8802978552.019867
484.83847,84128493071.99374,9692559038.827982
484.8689,81500843884.02405,11832803472.074728
484.89929,80125685455.4445,16237606186.220385
484.92969,132100755645.25464,24888365441.670467
484.96011,239234987739.3107,23717362571.97855
484.99051,336004377736.8545,36403369728.31999
485.02094,513523861122.3106,39142506341.58352
485.05136,454023501823.4512,56096530067.76472
485.08176,641549710726.2075,110341591260.03902
485.11218,1090577726188.1613,256464134333.5001
485.14261,355426049162.7951,41992593587.343765
485.17303,148310739023.50772,17483202703.565655
485.20346,289499536753.441,27388683792.78
485.23389,631997275306.3185,106467117670.18591
485.26431,901560055926.25,217444704230.99307
485.29474,1053712922526.478,201800098203.52255
485.32516,2365746426942.974,389604816416.6456
485.35559,1740815958670.8918,213793269602.81177
485.38605,840033008847.929,67769921652.1302
485.41647,1257829660434.9966,129589045120.89748
485.4469,0.0,0.0
485.47736,89004961719.57082,8240825679.084939
485.50778,96171725828.28355,3921313941.19911
485.53824,104889583987.55067,6448946936.0513525
485.5687,111779071858.8922,4614813091.441886
485.59912,229122748563.4045,19751047733.262
485.62958,306618038791.88965,38082141958.87296
485.66003,381634679897.0424,46684999511.580605
485.69049,1240153576262.7903,231226722152.33597
485.72095,1838516874642.098,496820975925.2768
485.7514,860220149209.5276,126825441640.36102
485.78186,476509454221.45496,26321453023.118515
485.81232,879820937590.6368,65227163488.85443
485.8428,1159933565499.5833,113711125511.43402
485.87326,1645733377843.241,162049956105.14777
485.90372,5354615045855.552,702626000387.5771
485.9342,15864551713505.912,3743468672819.856
485.96466,40477870362229.88,9012089033433.8
485.99515,54123270935087.664,13097527036695.854
486.02563,62930020669929.12,13896191936009.246
486.05609,48749186713549.76,11974727539753.805
486.08658,22286810752994.98,8660726554185.66
486.11707,10194107584702.166,1856835736081.336
486.14755,4606343289475.826,106580900831.90588
486.17804,3352044852333.2305,710872738000.6085
486.20853,1842706989089.9888,433416182808.0671
486.23901,1088954134501.9445,305457263128.76544
486.2695,809323826210.4918,249438128452.90015
486.29999,1002820241278.7084,219836795546.92163
486.33047,675987140445.5964,140328713730.89926
486.36099,333983149335.08246,72762970335.5011
486.39148,480032148092.0419,183210619956.17636
486.42197,386782108613.6422,192285495072.6565
486.45248,492899462895.8847,236630482392.7993
486.48297,795767933036.749,560877605178.0197
486.51349,375022191208.69086,261828956504.87003
486.54401,171710405287.13977,66487258990.880135
486.57452,111599317853.98816,31492596063.632744
486.60501,255297868251.98087,75571368159.06697
486.63553,159651119134.66858,42136863036.18789
486.66605,0.0,0.0
486.69656,0.0,0.0
486.72708,0.0,0.0
486.7576,51917126638.95458,6712533717.654622
486.78815,0.0,0.0
486.81866,66349160693.858086,9306565032.347485
486.84918,103862808671.07874,29109335538.552315
486.87973,134589997986.54852,51651648269.67225
486.91025,51139845433.18067,23489945103.372696
486.9408,126079622009.05624,43522619616.86163
486.97131,108426410831.32748,22318922599.26576
487.00186,0.0,0.0
487.03238,0.0,0.0
487.06293,781537901438.1396,261018199619.9589
487.09348,1347997272921.4858,307834362084.4484
487.12402,669458933766.4327,54398836231.46924
487.15457,148746380349.22382,5679387245.943964
487.18512,110867218024.32697,14850335491.944271
487.21567,30993500590.3078,6419444819.217516
487.24622,112416434003.01176,22004164772.0364
487.27676,182645715457.10956,51186434180.91007
487.30734,459304176081.1548,143543886088.81613
487.33789,546265530809.09686,113289104985.18256
487.36844,705253776689.6104,99948415314.52054
487.39902,1443522440365.7175,293520049998.63464
487.42957,1662118158266.9124,323553303123.73004
487.46014,2016572032430.0532,349129391368.31647
487.49069,1320846621536.711,167873286129.2397
487.52127,1245210836729.1626,156726868900.90512
487.55185,786294626667.9741,86782136020.5849
487.58243,391891061128.5242,43562582699.558044
487.61301,483647044954.898,22932809765.80381
487.64359,742420682605.1262,9547189078.624416
487.67416,514306420317.76746,35417719958.34662
487.70474,469396280280.262,51131127367.12645
487.73532,911191562601.5326,88614172773.92827
487.7659,776098138030.3304,160580411193.79526
487.79648,325775688749.3676,92235018400.41248
487.82709,110261125764.214,44371260622.38084
487.85767,95317803558.70412,45234109391.369804
487.88828,113237105075.12808,30189807921.84093
487.91885,240062662219.5017,60989755607.19685
487.94946,678985818665.9431,140357856716.80463
487.98004,964971578153.547,247683381319.57208
488.01065,883370589423.3657,343054005475.1549
488.04126,999764686537.6166,419119410448.99225
488.07187,540072139340.9364,143050057412.92728
488.10245,133259077549.2974,9221669825.216946
488.13306,160756960311.1576,16473383211.61062
488.16367,96794758531.91748,6683179412.082202
488.19431,193245435706.06973,41044079720.95541
488.22491,147602373456.8124,37121689737.317726
488.25552,260228369087.8895,26053696848.90481
488.28613,1196912205515.5415,226684225474.2401
488.31677,1677776435962.224,408060013842.7737
488.34738,752970749940.312,157779426264.517
488.37799,214760453842.7464,61295398235.18352
488.40863,160526476587.7049,39174400140.04976
488.43924,224881015574.77356,75315871792.95924
488.46988,1006061684791.1344,48853737124.44857
488.50052,1136205480441.5657,160990987763.04065
488.53116,323128642693.3397,20025793966.078796
488.56177,155229434412.01746,12466797829.612474
488.59241,143233884053.78964,7568867675.89918
488.62305,213028132958.7196,47190271603.10229
488.65369,238063359420.4737,55329701227.57286
488.68433,648847153178.8206,62532384341.91621
488.715,929923454472.3796,171513578971.63513
488.74564,725764309866.8324,111387585474.7224
488.77628,1268002620428.774,91543633911.08118
488.80692,435689120739.4883,59401716950.33495
488.83759,0.0,0.0
488.86823,0.0,0.0
488.8989,0.0,0.0
488.92953,72281988647.35057,24859542042.7986
488.96021,172882692563.54556,32715637234.40867
488.99088,709415407328.351,78507099434.04149
489.02155,1865684116046.6497,340877133703.65454
489.05222,957281997367.6124,88052439613.58006
489.08286,281541519991.1122,5481436951.609388
489.11353,107375955804.91574,2152859914.176207
489.1442,123730360222.31038,9862375386.421717
489.1749,37579941262.55303,6417532287.787462
489.20557,32370718292.63364,4714579624.827135
489.23624,35849282789.58209,6023224794.107413
489.26691,329577979234.1459,101506304198.86594
489.29761,492097250226.0138,150477200245.96173
489.32828,872047659547.5767,217124157468.1944
489.35895,3544515735191.128,613911203014.5538
489.38965,1812531424348.7632,346433619232.4876
489.42035,436896109009.1018,69162184619.86711
489.45102,605459728217.4406,75513957213.58183
489.48172,1470500398857.128,161698104459.68924
489.51242,616321023094.3182,79234877935.95486
489.54312,209099254642.6986,26204525522.584515
489.57382,249370710715.8384,45704918120.76783
489.60452,144129650201.96136,35557629290.410934
489.63522,128120767268.6432,26558556139.376
489.66592,102520059740.51712,15150872288.529957
489.69662,126089489498.5102,14152286290.89548
489.72733,173687042756.50595,14383650610.969343
489.75803,508060475032.5901,43142840374.78357
489.78876,1327623080896.2795,97281638314.31767
489.81946,821336903097.0895,63025537024.15241
489.85019,397718523985.5761,21969592760.227894
489.88089,171903211271.97015,4177576737.611733
489.91162,51797233132.94582,1733910584.1357665
489.94235,5609979942.534237,763965546.4035754
489.97305,19133722599.99225,2349667406.548591
490.00378,50118718661.80213,7769036571.110889
490.03452,92209263194.85664,16494088313.292934
490.06525,63466562067.35811,6017598917.011033
490.09598,67266996027.97559,5804790503.479965
490.12671,204095871434.27563,19594399384.79589
490.15744,355389716959.73035,34197669742.27271
490.18817,507673839561.3515,39468259056.522575
490.2189,383533436125.6937,26974487729.430416
490.24966,122529842727.09042,14059434183.945885
490.2804,15260879129.934095,2582558162.3707848
490.31116,26644128056.765087,4782804121.3445215
490.34189,50318576415.00248,7455012156.103729
490.37265,109999559908.75496,18928335950.52228
490.40338,122331643578.96191,22610030442.634445
490.43414,121745074044.1218,27158646830.705254
490.4649,95556987545.12608,25230050888.66128
490.49564,143337698914.19833,29610750372.41532
490.5264,170737643157.4952,23342409094.63119
490.55716,138391661542.68512,31589495671.780582
490.58792,65825169128.73435,11483228539.05353
490.61868,57141395820.0298,7690651357.785285
490.64944,135980806981.8901,22663918377.284767
490.68024,428241275380.3069,46746224583.87491
490.711,1318710671024.3953,94443180066.03616
490.74176,1266415333555.3118,227419570028.2985
490.77255,430669510251.81714,86265414986.42058
490.80331,196950344394.21185,34591882881.702126
490.83411,346888364301.56085,59960713557.616455
490.86487,294490113708.90247,43528376882.72113
490.89566,113999397551.83954,15575691756.67043
490.92642,44248458423.185394,9512229504.133226
490.95721,91727268003.21812,17738575685.226505
490.98801,299621417133.6951,23953512462.67929
491.0188,506000282970.07416,30314429541.37095
491.04959,269569718645.29944,15627284853.374985
491.08038,160499190214.27774,22198506514.76457
491.11118,438427065791.0615,56255002369.27503
491.14197,722875974284.7491,165072904822.4424
491.17276,781428130935.3132,192294898324.3433
491.20358,1087025153576.8774,107358472993.83244
491.23438,1284130865156.659,85501719598.14232
491.26517,1061628790371.0846,139706810080.68286
491.29599,559999814949.6729,50204118164.02386
491.32678,628062094639.384,73468136291.85762
491.3576,517029072297.82,54718640328.08518
491.3884,273052565254.68607,49192038376.4958
491.41922,839051485148.5131,124750779495.87978
491.45004,1972860285240.5012,286606790254.86896
491.48087,1031130136859.7635,124726500067.76424
491.51169,402596177149.2648,57387631850.58713
491.54251,429150276814.1554,48450041924.8076
491.57333,888339925042.0103,127891092211.40706
491.60416,405771581108.3934,112074686164.15886
491.63498,216238217564.39697,45409975390.26266
491.6658,217861701792.2533,32240488531.891056
491.69662,680257040354.5018,99508499320.76404
491.72748,1436635227075.6453,181768964220.4376
491.7583,1081222703667.072,53424846943.92086
491.78915,559985799726.1355,45378052467.893616
491.81998,445806810659.9967,89187146588.83066
491.85083,117822421307.00708,29354170762.96678
491.88165,95130336352.31989,6951939565.675831
491.91251,97398936892.07802,4037486640.25968
491.94336,125055943726.79776,7640822609.9698305
491.97421,330100383146.21606,27852894046.326725
492.00507,389018017755.528,20745825053.83627
492.03592,195654696914.75983,15118308855.078447
492.06677,121891270384.46664,9304328843.856855
492.09763,66446527030.04447,2425870885.8953757
492.12848,107513973426.85953,9998714434.659224
492.15933,317072551108.08887,37710178605.49269
492.19019,759789573753.4774,82530492181.59354
492.22107,1078993183304.2938,165413226648.3559
492.25192,1400945274889.4404,234478458975.0464
492.28281,1403822625740.0503,167786243208.08856
492.31366,1043754471902.4652,103321069815.1144
492.34454,1036931289066.9512,128688526979.68188
492.3754,634084164979.7134,66846188941.99606
492.40628,281963505737.70874,23044780253.011578
492.43716,197693066212.0677,18525245263.86077
492.46805,455785271966.46265,69625417082.60155
492.49893,532883346549.20605,82729761403.51016
492.52982,499305942689.7814,51090306797.27159
492.5607,1279561089272.993,81379880241.81102
492.59158,1251219715215.088,130627192705.92038
492.62247,433707534793.6469,78269484572.0429
492.65335,121905258188.36824,30676622426.18117
492.68427,106637211916.54549,31208756089.341496
492.71515,89726066870.69029,24805557524.06416
492.74603,90920596823.8778,18131368888.76271
492.77695,66431696363.110085,11049218903.775295
492.80783,27120844833.090977,3346129725.195668
492.83875,70834600845.11096,6606095558.6716585
492.86966,110082615246.40112,5588276214.302017
492.90054,314944958284.42896,9633767436.70868
492.93146,448973163615.0405,40822994136.54653
492.96237,155092397373.4733,30837433591.513115
492.99329,55072136976.91888,12084541845.734709
493.0242,41398398374.03425,7685546162.145085
493.05511,72192625179.982,14153171460.76196
493.08603,65975116883.97998,11621464835.093086
493.11694,58641241862.44994,3629976768.746122
493.14789,40400232276.99354,920529917.401152
493.1788,61100261829.568,2289160419.0513697
493.20972,41204373576.80148,5551246462.4952345
493.24066,63913674828.239685,6103275803.723717
493.27158,79558834909.669,7805188648.978915
493.30252,170953051222.93356,22844812839.08697
493.33344,411997247687.41095,32525347181.88444
493.36438,1153318061173.4634,53166514338.2546
493.39532,1062975625294.3032,152613756765.51498
493.42627,573248323409.1774,100496311958.93774
493.45721,772102887551.4421,135852406377.60178
493.48816,770361135073.628,155203764379.29056
493.5191,469660247412.36255,69115673475.23589
493.55005,193003587855.19965,24255855668.12196
493.58099,124403106577.36066,27376086873.72454
493.61194,108761812037.47755,13268362716.409807
493.64288,148602359555.24527,12678924286.49977
493.67386,261667208198.8709,41309117572.43091
493.7048,425496728751.6969,70543184976.79478
493.73575,321545405768.97235,45877331142.49191
493.76672,161341648584.0104,11362516973.937586
493.7977,387639271475.6273,22483915197.60057
493.82864,751498379139.8406,127951635734.06323
493.85962,456605957967.475,86997345379.94081
493.89059,173042913818.88678,27937190798.48246
493.92154,251297978353.75464,34580014227.95498
493.95251,817939540546.2919,62127931706.95613
493.98349,1438649089239.1116,93159100080.26166
494.01447,826636453569.1052,187381001134.20145
494.04544,730959068460.8873,141289795744.64255
494.07645,605539329850.8641,37506587970.778366
494.10742,776736803847.3792,50676159035.74918
494.1384,961089597379.7472,172700683764.10638
494.16937,364148581006.5528,80516090878.22533
494.20038,478803518935.9463,103557401332.82388
494.23135,1049113322698.6118,147443508446.98367
494.26236,587749728653.5267,22625483147.355663
494.29333,204030862480.0022,12743877589.300032
494.32434,155236013680.20364,25049545742.910667
494.35535,347957511998.1322,70771199409.91887
494.38635,473258217865.8106,53111534415.799065
494.41733,628336116033.4349,42908690256.67525
494.44833,1513227020244.2166,214530442016.7872
494.47934,1729229163486.2988,278311307822.3276
494.51035,935325745942.881,171082803529.15613
494.54138,633325176890.1406,90502521982.58228
494.57239,534582493027.46576,44109684158.897255
494.60339,213588901288.5825,13916751524.746208
494.6344,82583637133.2114,6962903467.569506
494.66544,80631149916.36465,11086636714.72889
494.69644,75887203805.47258,15731456947.049582
494.72745,172888735170.02728,32222492047.53476
494.75848,372630667381.0996,30510889765.24338
494.78952,450562741079.9908,6452232940.02257
494.82053,253555922891.8393,11005311743.235245
494.85156,109069871705.8235,11640974298.75456
494.8826,102575406613.37172,13055636317.953484
494.91364,97205808179.518,6661445238.563018
494.94467,252735003891.2663,17045771698.315231
494.97571,462398574529.4523,73063818430.38762
495.00674,244262837130.20023,52034626670.21243
495.03778,146021778817.11472,20845267059.35525
495.06882,152893985128.58707,12213742391.360205
495.09985,109365163783.91386,8601158194.193987
495.13092,77783625007.96112,7534632794.412172
495.16196,29528750239.009678,4105788611.631981
495.19299,51062425785.416336,6917112987.15312
495.22406,47127666711.87854,6435876268.094556
495.2551,72244130338.26477,13818971928.99112
495.28616,98656804981.65771,18097567003.63972
495.31723,270929794401.51065,42000794502.57488
495.34827,214241856753.65555,24633634398.43558
495.37933,259403788186.0574,19268848813.769184
495.4104,703061801733.1023,32391262821.97945
495.44147,1138130923425.9382,60741529435.05877
495.47253,931222177158.5952,134917003343.06387
495.5036,670090443882.9293,138964556506.23517
495.53467,332197637475.7819,55711434800.25052
495.56577,423991151952.0776,43953461549.41841
495.59683,431177099051.2453,49209400232.9873
495.6279,247123571177.46115,43476758118.35908
495.659,270028145740.7215,48463882278.58589
495.69006,200196688616.64932,38152677212.61007
495.72116,61915992999.93432,9188461741.1277
495.75223,49372150081.21863,6875135023.011362
495.78333,91111416350.035,12014879012.84353
495.81439,238781167193.57336,26387660618.5922
495.84549,314637712650.8264,44333988997.29814
495.87659,221949385983.03003,16604595437.525915
495.90768,507106455385.9115,43133508888.10589
495.93878,593324291565.059,69952888065.24937
495.96988,170898712452.76157,7034178329.984348
496.00098,148984944085.4815,13390601307.012358
496.03207,422351423796.72095,33143970544.050243
496.06317,513825119069.5372,27958230881.589424
496.0943,666137218553.4896,41339836799.489296
496.1254,531407436361.36426,35636891579.856606
496.15649,449352425292.9269,73928843262.53096
496.18762,252570159321.83075,52644001337.75948
496.21872,433591837141.8677,123001165924.00578
496.24985,1290063717139.577,273299265217.0444
496.28098,2031430804359.152,616772011981.1157
496.31207,970756424288.577,214992819636.8108
496.3432,503115919845.936,52807373790.00431
496.37433,580726238112.0653,55099304791.43937
496.40546,513137985082.4372,7526001040.993152
496.43658,370834800892.3032,42518035715.47848
496.46771,159392405995.58777,15787901247.1194
496.49884,178156294583.5523,12037937440.02725
496.52997,500492794860.51337,52719954956.08798
496.56113,733398738208.4395,96201608647.19711
496.59225,736950245140.8516,97522289089.35512
496.62338,447262629206.6967,72347909139.06609
496.65454,181035745497.08325,36534703516.55618
496.68567,82754199895.3909,19216768194.825874
496.71683,118018388122.3579,20333826180.050144
496.74796,203521179042.38495,17686943961.782753
496.77911,316302023008.7481,18644726443.95832
496.81027,339951499791.7969,40955835286.12391
496.84143,338023318559.8875,62352892794.34838
496.87256,247103565113.64316,37876920499.07861
496.90372,185408722020.1407,18397678506.968445
496.93488,199349210669.6544,15275609283.194357
496.96603,301804908199.37744,22988602090.45967
496.99722,699831453997.4943,114019237051.63072
497.02838,734516056028.0984,216309756969.6935
497.05954,1163185313322.538,418045291453.3383
497.0907,1639551735854.628,496208329484.35095
497.12189,1495430806945.9802,245217017138.5096
497.15305,796757159062.7643,73073819001.8765
497.18423,917039529888.77,82320651659.85336
497.21539,1072178075160.0138,68885052674.86714
497.24658,1003628656467.9847,81961767316.6548
497.27777,757689799730.7572,37142865798.089935
497.30893,1411292064456.4656,115470394187.06384
497.34012,1913423423476.421,287950282118.1939
497.37131,1256264334129.0898,279187360125.29004
497.4025,1282769806360.5652,289589953652.2415
497.43369,1449455678364.7449,225565074640.1393
497.46487,982476923670.507,104851146754.93584
497.49606,555154868936.5059,37424132738.20073
497.52725,264126788606.4497,14986750957.01961
497.55847,150416778181.1878,14745475994.9583
497.58966,31359611093.48494,4094556166.0847554
497.62088,0.0,0.0
497.65207,99305606662.0106,12124521987.946775
497.68329,55856978854.59901,5331211503.531662
497.71448,7980608725.238716,554124163.2953485
497.7457,77966440443.4983,3511736241.6094584
497.77689,501875356484.6484,25575384393.323627
497.80811,643290842916.265,45458058480.91427
497.83932,206148090554.28625,22944547104.098454
497.87054,0.0,0.0
497.90176,241566307764.41245,29498620800.495564
497.93298,49053970112.86104,8259003066.862061
497.9642,184020064497.43176,45951742184.015495
497.99542,118140771477.82664,39960828900.32031
498.02667,23213628850.09011,7825153358.470681
498.05789,52702014142.0167,25247487653.216957
498.08911,0.0,0.0
498.12036,77444107459.13112,54462469401.7829
498.15158,387666157772.1384,177404146116.93616
498.18283,593132819510.3479,136754060849.37408
498.21405,385891027034.1445,138937733779.05853
498.2453,260799467475.35773,153711901004.14935
498.27655,318312115201.2583,153684529645.91586
498.3078,233776845287.2134,110582397423.95947
498.33902,499607737757.22327,210973935574.83188
498.37027,1451542357419.5488,624097868088.2864
498.40152,3116017754857.89,2150893000119.3184
498.43277,2308413710403.4097,1061238713867.3822
498.46405,803766051931.4108,182241863044.78363
498.4953,414497493304.5535,52816883608.68526
498.52655,365093801076.4608,47527534525.34106
498.5578,365046160818.9809,52260484528.0518
498.58908,196169377828.00192,77500673884.2508
498.62033,75926189553.28244,34823975130.90499
498.65161,78167884650.38899,32292864132.697437
498.68286,28099119937.587906,7749836399.605392
498.71414,111387198069.82857,29099296391.06382
498.74542,88547170877.91508,29966887585.877136
498.77667,10407762221.299313,3495912807.5616364
498.80795,3157657208.33351,1163509602.729917
498.83923,159753236060.3964,29247918317.926632
498.87051,160999448282.77097,4977618723.251639
498.90179,150715777982.97424,21731334064.5178
498.93307,142455634043.42087,16986517188.296951
498.96436,774710103962.6029,124372419604.34836
498.99564,2400509467751.5874,667045616494.3951
499.02695,1943445928472.5383,804426703812.6031
499.05823,500956378657.6287,202024628944.7501
499.08951,156015603933.03085,58059164329.60809
499.12082,81896609669.45715,30053112085.57066
499.1521,142986460071.8743,23175282693.661674
499.18341,354954865804.5552,58349060762.57293
499.21472,1050574342471.215,202068514741.2929
499.246,1242553684858.0396,225547378511.603
499.27731,602763694484.362,105009611460.49805
499.30862,198303191460.56705,26860041952.62374
499.33994,83772843253.99232,6714721637.239938
499.37125,99243855599.9395,22494597207.83719
499.40256,79048237474.62238,19070929177.33937
499.43387,0.0,0.0
499.46518,0.0,0.0
499.49649,21059449133.162155,633694145.4315664
499.52783,42337773904.38782,644565255.7269802
499.55914,98770261550.76324,6581556373.207373
499.59048,217394175926.2545,27290816282.876545
499.6218,903571026609.8286,92555198549.19856
499.65314,862313091452.4534,51463855862.0377
499.68445,207493543540.25308,10772382540.05894
499.71579,104214672501.0996,10612041861.806908
499.74713,315910907192.0838,30620734933.9126
499.77844,338176318657.5155,26445625978.000584
499.80978,131582210769.35768,3947989898.988682
499.84113,56681884051.31536,7412391841.109721
499.87247,85459412675.89119,19138871624.312336
499.90381,88196838403.27103,22526503313.46188
499.93515,64754759957.94077,16190582708.96991
499.96652,48130824225.90001,11129996224.383238
499.99786,50916488407.45103,8886030625.591434
500.02921,63644418714.39387,10039201729.394234
500.06058,22708698101.967712,2988697137.001528
500.09192,0.0,0.0
500.12329,40563051704.53529,3765504528.4440618
500.15463,199801226977.2602,37089317310.09989
500.186,93275360159.73842,21031492145.029125
500.21738,89532659595.31561,20217168599.754856
500.24872,284095902210.06366,84437287634.81355
500.28009,370721229120.1991,113672950524.0475
500.31146,195736216547.48767,51118223563.39538
500.34283,405893414999.1116,90381901627.16435
500.37421,927140351934.2004,200191906183.7832
500.40558,597085307250.0759,140270824808.3765
500.43695,127033574106.0612,30204837878.08003
500.46835,80964987436.67224,13959187653.224203
500.49973,3816911914.6386223,710847839.1981179
500.5311,57953160321.28253,15268450779.837015
500.5625,177191449503.5635,37660137030.80026
500.59387,0.0,0.0
500.62527,0.0,0.0
500.65665,0.0,0.0
500.68805,58806052621.28252,11626877457.898443
500.71945,45872833467.460205,6237925052.832401
500.75082,62692015737.93238,4403139007.747216
500.78223,60353770358.422005,5329846546.528902
500.81363,65787794584.42188,7643283383.010939
500.84503,101875098693.32692,10373714595.085114
500.87643,127638320357.42747,14726679891.440634
500.90784,316256821822.8464,90519374772.62968
500.93924,1057281111617.0168,372955979968.9673
500.97067,3787734775427.339,812907191398.6008
501.00208,3338175252689.412,394578516697.8985
501.03348,1113178299465.4402,114700364812.88982
501.06491,245781072894.27188,31296488959.543564
501.09631,238900435654.51703,12724810439.816862
501.12775,67725918210.85269,14700032057.893044
501.15918,64879546776.42074,14582040166.09182
501.19058,58591684707.26048,5215522417.430827
501.22202,83465497915.99486,11733866865.195826
501.25345,59511503570.80641,12766444803.487368
501.28488,53650552292.44313,4880160543.121807
501.31631,118397131236.58163,16320153006.580605
501.34775,121884383420.72427,16697616583.42875
501.37918,216417584931.72675,26634087835.92536
501.41061,718244441791.2109,123653193007.63512
501.44205,547340068988.2253,177521308978.38544
501.47348,575034360689.7504,179543809972.67142
501.50494,1149161343815.4514,283698419072.56665
501.53638,631758381393.3251,89556815710.11325
501.56784,292763523465.9277,47138333348.62924
501.59927,686427667174.1099,161677047211.59714
501.63074,1533251246282.985,409507291663.0788
501.66217,814014022128.7246,121080824607.39088
501.69363,490287519485.0912,20769082271.919983
501.7251,410862079030.6479,41233378265.02265
501.75656,853420730107.8265,164612994677.55746
501.78802,612244926977.631,61234997013.66459
501.81949,627602045177.1221,30177992196.947388
501.85095,437805824291.5379,37169783363.16369
501.88242,388843527635.0315,29165370533.932777
501.91388,360284505538.4999,79831502122.21875
501.94534,584201687930.2213,132120606227.31816
501.97681,1178654315283.596,401770619462.222
502.0083,524012451242.6907,204356783070.5924
502.03976,256334405023.42163,99825504109.05624
502.07126,113201858601.6074,32346992235.48245
502.10272,88156672362.71182,11537202705.111298
502.13422,67297389638.727005,3281227212.7891345
502.16568,172670675731.8712,22550569769.239143
502.19717,432507364053.0655,23598608589.89674
502.22867,1569482650517.3574,170530771930.23206
502.26016,1865191501420.4373,566096140222.3508
502.29166,198059231151.4732,28828520162.773697
502.32315,0.0,0.0
502.35464,0.0,0.0
502.38614,0.0,0.0
502.41763,1237709010437.951,136740008888.37917
502.44913,1969986157190.9607,120093427683.29814
502.48065,1107157819433.404,70381898829.73631
502.51215,1117231669527.3462,147413521167.31335
502.54367,1664129317910.6958,302385170427.2518
502.57516,440170809941.6705,110843011171.83711
502.60669,0.0,0.0
502.63818,26338257546.88508,4591045834.774496
502.66971,253058721870.1197,38323872264.170815
502.70123,481983616970.1426,52480278680.96369
502.73276,472226835088.1021,17908219979.3957
502.76428,318800305772.94934,12277224436.591352
502.79581,250780895343.24088,11155954371.470612
502.82733,336172290066.8794,13596684818.761042
502.85886,267708184108.4252,28020868315.99741
502.89038,161801189157.24573,20016629751.00786
502.92191,60443259768.06426,5111101555.75199
502.95343,52535112873.72759,7119266914.629399
502.98499,65514769844.04286,15306352389.252136
503.01651,89735327785.0141,23566428646.87163
503.04807,119021458700.1247,24373468912.376484
503.07959,150116483602.52545,23815276760.376297
503.11115,370079250336.8364,58073141745.55895
503.14267,736823431862.7122,144578533877.92346
503.17422,687548213599.7947,116132345745.2007
503.20578,285305299567.529,41744052563.41676
503.23734,224399764299.4813,51834188241.93806
503.26889,490211773104.4505,127397581475.5532
503.30045,707088312863.1798,145751098976.0835
503.332,537180623307.32336,94615119239.05733
503.36356,714748596428.3604,98428593677.68016
503.39511,797531176570.5502,67305601305.94144
503.42667,548478529417.9204,62376506395.55649
503.45825,667290673323.49,99803841981.2911
503.48981,721834732494.3341,114194600122.46982
503.52136,496581141086.17065,120830341079.60634
503.55295,400415004852.83295,91864488605.75108
503.58453,224083605996.2211,24376782048.30516
503.61609,131681999320.48724,6361307953.866181
503.64767,269369574504.38583,11872369156.165983
503.67926,969199968126.6016,86004873664.39757
503.71082,1553039840497.526,221330743184.55847
503.7424,1737000899918.0918,319234003920.2351
503.77399,1034179489629.6676,181296173682.89783
503.80557,1196140277994.4731,188907687256.64023
503.83716,1057007709684.033,85758116523.7373
503.86877,275837627501.62683,8651860981.542065
503.90036,0.0,0.0
503.93195,30989463765.19493,2709036149.730034
503.96353,75983750398.78278,10295737820.209438
503.99515,118322523560.021,13292058590.55405
504.02673,105440087011.51768,11173170978.357958
504.05835,355811517952.0274,72220009442.37701
504.08994,333521358997.0076,82329331355.17538
504.12155,188226243863.79715,53163783698.476
504.15317,122098128575.67282,26401321163.38784
504.18478,169738036995.9589,24646197542.471428
504.21637,144170397411.4006,21157391798.88005
504.24799,245730609414.89883,44272535897.20236
504.2796,536252721094.1019,81590644134.30588
504.31122,1852547587745.983,97165467128.43536
504.34286,2595590560910.495,473596230838.2753
504.37448,1182857339207.0352,296991496680.6984
504.4061,332831956648.3242,32814081191.747105
504.43771,407377579980.2567,7040049419.357512
504.46936,806925213389.392,62421658216.670105
504.50098,455486418120.9546,59202182209.19484
504.53262,529642965909.5441,47072455395.19784
504.56424,704589047857.0258,91680764068.38524
504.59589,577511206789.859,64306602534.04064
504.62753,578188590735.1628,31182930613.03228
504.65915,993352278116.3616,68291434321.15116
504.6908,1205272654202.4685,86464486396.74132
504.72244,643886170572.3792,76055659453.48782
504.75409,376075516497.6281,42405384638.18372
504.78574,352575714474.55225,37452543244.31214
504.81738,296957684229.6174,46498353285.59473
504.84903,514169353551.0335,70567039116.04214
504.88068,841203268580.1802,36565354014.262886
504.91235,559177633235.5308,54103246622.8665
504.944,220970446470.79984,31064773796.82744
504.97565,489819231201.75256,89601355759.55278
505.00732,638898798963.0065,119799252844.92264
505.03897,333697896347.69934,44662082844.37009
505.07065,170421183493.9827,3378401811.195817
505.10233,434108590079.1694,30982258409.808567
505.13397,789344390481.933,61075608364.64371
505.16565,468400432731.1896,36395373862.63264
505.19733,165487295613.22467,10264055098.51269
505.229,194857127748.62512,7266841623.705341
505.26068,456110076251.8306,39421838408.389946
505.29236,600150772724.5414,99080745635.3056
505.32404,309706987328.60443,43198326505.25463
505.35571,434763097286.7856,34002793231.31938
505.38742,742564074591.1263,106792123872.6186
505.4191,1013744482372.1848,137962698341.0325
505.45078,716543527587.432,71654779682.90771
505.48248,453567863323.72144,40474457764.82929
505.51416,173873517158.01926,13386198773.88258
505.54587,202303887507.95587,12672973041.326986
505.57755,270758618780.4445,24319355140.278675
505.60925,223642351254.41245,9470688970.522928
505.64096,212082321813.7161,8930768565.487795
505.67267,407529329914.0774,34823874529.91599
505.70438,350117968732.0855,35656817824.20334
505.73605,189469343159.34,10681789084.748983
505.76776,181895532541.0432,8918691065.512386
505.7995,252979662123.3688,15938911737.653303
505.83121,126255428102.85918,14618695641.713
505.86292,151605139971.5063,23867063796.693813
505.89462,307174688966.3906,38565340388.81915
505.92636,474593402887.3168,40693227232.61748
505.95807,560399805230.8065,65628395632.96291
505.98978,470180188628.478,54369325431.668816
506.02151,731651895905.1439,89807674400.58112
506.05325,712191384897.7869,108248109024.1315
506.08496,362998177154.6824,41904779404.73945
506.1167,113441788910.71204,6891761141.250477
506.14844,53153014288.49751,3688534034.749811
506.18018,106927736727.272,12059821019.09176
506.21188,346705195517.90497,33597282702.701344
506.24362,343141383310.4684,25772757600.54421
506.27539,509806660477.0154,49210338817.74667
506.30713,696911951106.5333,56267857706.94374
506.33887,391413336075.3321,22302486031.686672
506.37061,445482873067.4544,55543436330.16924
506.40234,719113613938.2859,92126869996.49287
506.43411,394365913124.041,38777065208.05514
506.46585,127317271934.52762,20755858481.81971
506.49762,120996230066.64888,20595328391.364933
506.52936,91544891548.09238,5919940507.750379
506.56113,144535475183.62335,11835639454.586674
506.5929,235919414036.2241,51082333788.03872
506.62463,531069597003.5717,135033258899.67831
506.6564,206964347389.9065,38695038566.35336
506.68817,338640636305.68,52806170791.76638
506.71994,715773839747.9663,85785629484.1933
506.75171,343514524709.89453,21512529883.647285
506.78348,507879293596.6552,35475976387.92574
506.81525,1123495437866.6665,51628874819.20383
506.84702,981898261296.2212,55880484191.56547
506.87881,1024750627119.5806,85982791009.18419
506.91058,559713000974.2068,50666350720.41653
506.94235,181421694373.72327,18228490741.010487
506.97415,157601292341.1553,15426841234.600325
507.00592,96524164958.89706,11446827462.410685
507.03772,102622910346.84164,5032190262.838594
507.06952,170508610941.62692,13622665976.16672
507.10129,354024374354.7576,14004196876.232342
507.13309,430347160411.3543,77700844631.6934
507.16489,325177409819.83484,66610701804.03328
507.19669,340759956115.80096,34228654703.242245
507.22849,563058667853.463,64310463619.190285
507.26028,414989159541.2007,61103255502.6748
507.29208,129477757391.8368,21439610195.67841
507.32388,58427832535.4418,8856337062.194263
507.35571,46251103728.09337,6319847467.276275
507.38751,60960278561.52567,4149244169.077662
507.41931,72975185485.01836,8881198689.080992
507.45114,139573979370.18512,5248047387.321948
507.48294,211080099664.2323,13494241637.958803
507.51477,270810052039.78772,28729584364.94379
507.54657,163944715514.3372,6333995658.607344
507.5784,72179006737.45024,9946205726.316776
507.61023,69344728653.50748,10650272455.86363
507.64206,43998687906.535774,4292680368.301224
507.67389,24074927808.43985,2344425308.162285
507.70572,21181670734.28744,2781752011.914962
507.73755,35662423169.93982,6239851031.082671
507.76938,78107048329.62746,16161056188.698433
507.80121,96824433439.87611,12171580815.062496
507.83304,68684836081.06789,7691791626.657309
507.86487,67489772366.06599,4457326633.52954
507.89673,75109487738.78943,4309133823.87562
507.92856,147460758059.35898,16624724905.004017
507.96042,345606231984.9665,52724230283.02753
507.99225,612556756657.626,87717246057.8827
508.02411,574136567285.7979,35879370601.935776
508.05594,1108053539310.565,171424434747.6431
508.0878,1112078523905.669,175949941329.06046
508.11966,443827761130.565,33747351399.03859
508.15152,219231532207.0973,10878779222.754383
508.18338,221101469456.8524,20621787837.1911
508.21524,386431714068.3534,52822328943.31188
508.2471,336449773493.15704,12200724310.56981
508.27896,141196367289.81906,4847043359.569779
508.31082,124394632493.3292,5967638685.300075
508.34268,215371388325.806,12066482587.23218
508.37457,298196198378.55304,26520818060.927776
508.40643,561625711132.7867,48394078891.9338
508.43832,1012927579948.5626,68450381203.98852
508.47018,805987182080.6309,49008753897.0586
508.50208,263560888353.7151,19375752911.73219
508.53394,98249888458.60393,11115225384.467796
508.56583,72788203128.23074,8207969911.556587
508.59772,312558426770.4912,39416354409.78149
508.62961,377514071798.5966,63095524125.6442
508.66147,166587943408.8407,32965518902.20401
508.69336,155159868501.4889,26600182703.281567
508.72525,218673802939.35284,27536887962.389893
508.75717,199533535385.8596,18630877796.24361
508.78906,522970555353.4405,38059575027.08143
508.82095,574593263677.8588,49113968836.97757
508.85284,188005484049.45493,14079587905.852528
508.88477,91918073484.73537,5860600684.861336
508.91666,102341546163.56396,7489000516.180516
508.94855,228744693106.18625,12485843972.946863
508.98047,455482958126.5196,20332940086.81911
509.01239,937291608364.0504,67941720411.34849
509.04428,1363777906988.2068,122047038598.47446
509.0762,964571027997.63,50614727739.43171
509.10812,602202178743.8237,30009301019.53428
509.14005,612931276113.1832,60368460000.97144
509.17197,820354075060.6652,124503504935.89006
509.20389,665800455366.1417,80018816459.50337
509.23581,523521454939.4121,35884097797.270645
509.26773,582078366821.5717,24769049515.78259
509.29965,790526747924.918,83579019384.46318
509.33157,617142266211.9435,81214882117.53549
509.36353,230662928224.81183,36930845883.68072
509.39545,162392397328.10916,36030543801.63448
509.42737,294497206061.0216,62675797566.79209
509.45932,992420944358.2124,151838166252.04456
509.49127,1101128217065.7983,162855169218.11115
509.52319,991776214139.7396,219966717923.0987
509.55515,530179827294.7122,121164149863.82996
509.5871,406154863006.0372,55655157710.426125
509.61905,494503147944.5232,90418691724.46616
509.65097,339370987641.4886,88476447039.12442
509.68292,387373085715.6787,81255283092.1578
509.71487,485349405055.6801,71205815124.752
509.74686,369414673478.7333,42956412505.54465
509.77881,359889171928.7767,25470953626.132973
509.81076,470075748505.6513,40920446171.19762
509.84271,553101820027.4529,72890943967.83694
509.87469,317671218834.6659,39911179358.08511
509.90665,282570216461.97833,21402250928.217834
509.93863,423385507778.31616,20329396321.066418
509.97058,1072888847141.7526,121829309257.93184
510.00256,2309535524702.878,142497085495.50385
510.03452,1728713722760.229,131963585467.6101
510.0665,239683496955.04636,20174064953.52687
510.09848,112728221889.05466,6488062383.112391
510.13046,80242873584.0564,7079919630.247876
510.16245,144308229799.76276,18386188975.11737
510.19443,335533203501.12555,46071525727.49515
510.22641,628774441496.8423,24692048961.802284
510.25839,414663045211.9066,32184732676.81865
510.29037,51043592822.54369,1191231292.134754
510.32239,0.0,0.0
510.35437,80010265144.0318,18917346447.47642
510.38635,89672424862.61845,17530165135.15406
510.41837,50891067845.206726,10485478734.47104
510.45035,117318957180.6956,14949265901.225147
510.48236,132527471856.84328,18227972415.66381
510.51437,205070844121.61584,25012711449.94497
510.54636,474300407014.7202,25438358858.014736
510.57837,1034335876652.0508,29411913359.43461
510.61038,2423875963440.5425,420825760410.6652
510.6424,2829239007976.552,470034562997.932
510.67441,1484492322995.1565,237325447834.09427
510.70642,459791624030.8994,93541798730.28374
510.73843,279371103217.4626,35310049546.60914
510.77045,282492977250.1148,37091481940.76971
510.80246,469352590375.92816,133739733555.6875
510.8345,726423922854.5591,184135163959.3881
510.86652,303074080890.0759,39178298487.09235
510.89856,39285176605.54598,16619815742.670773
510.93057,230737070927.06497,144944385378.6288
510.96262,1294641317554.28,1011745160306.4991
510.99463,2809257693831.572,1554572590863.0742
511.02667,1939857673603.976,305281389505.0205
511.05872,359188819114.8782,118145332886.19913
511.09076,62124764300.128586,14324500120.673391
511.12277,24579101844.381905,2128129068.144704
511.15482,232458964249.4913,39623754946.457634
511.18686,422077007780.9668,41791538833.04041
511.21893,760089737786.5262,55755340066.74828
511.25098,814052549174.2894,116795917511.50156
511.28302,575506787808.8369,89456447243.70018
511.31506,986977866674.4008,258148559017.05896
511.34714,1830141772158.2876,648565221534.3353
511.37918,2686903297506.088,645537904933.3851
511.41122,2943796730876.9355,261857673079.2357
511.4433,2270364800041.2305,496745170430.694
511.47537,2528677389307.2646,881791450357.1671
511.50742,2796990095002.891,1005140954903.9646
511.53949,1118578520983.2605,379359309789.5834
511.57156,105930817877.97476,40567285028.77366
511.60364,6098698302.926008,2103492821.4035463
511.63571,190334210945.1338,41775891822.54588
511.66779,152093238410.60516,28604878375.277515
511.69986,143644181745.1336,33265983971.764004
511.73193,129924694080.04372,34406745813.81516
511.76401,42890583235.14819,9984004348.948149
511.79608,396529317321.85376,59064852986.85384
511.82819,841377006730.4552,131406090702.31895
511.86026,410057910503.304,91043075140.74046
511.89233,115191858370.20103,19504054553.211845
511.92444,60788175791.08849,12387370864.869526
511.95654,0.0,0.0
511.98862,71898361551.83322,19939660230.23916
512.02069,59413489347.61777,10341618753.893126
512.0528,169131781807.61407,19555133630.29317
512.0849,444072436029.61694,102083313397.58308
512.117,1563745264125.594,787037168672.9474
512.14911,2128641644346.0227,1125549230399.2285
512.18121,639319373909.7954,217556864153.38672
512.21332,214376876578.5448,44543325222.39134
512.24542,121325646012.51724,17969210448.21375
512.27759,66933947171.56679,9019972666.485754
512.30969,152868927599.735,24411476231.53253
512.3418,116032262905.1837,19427308162.734467
512.3739,162353784717.04147,27410947939.79265
512.40601,783309494566.2825,207903995415.67188
512.43817,1620122577844.9946,560440690409.7012
512.47028,1695527530246.8586,424351186482.04987
512.50238,1285073378450.4705,182095798291.57013
512.53455,901149610891.949,124832802797.23228
512.56665,484179545059.484,108669400516.11024
512.59882,162294449582.53848,22264164606.42919
512.63092,100550513594.4305,14164449399.115932
512.66302,45383836457.024445,8226086025.151558
512.69519,19245451412.91429,3153498403.1910486
512.72736,159770968586.6796,15404672748.64207
512.75946,238284957650.44348,28760970755.73431
512.79163,388680952692.86816,53013240661.325134
512.82379,474146005691.3816,68363503482.94989
512.8559,629782164186.861,114424377464.50186
512.88806,2140390360081.9912,293426140617.1209
512.92023,4568619497384.249,432699703411.0118
512.95239,4407062643114.176,416678235850.8674
512.9845,2011596649435.8416,319862538836.8454
513.01666,628457620166.6951,114696632832.93633
513.04883,693003417658.8909,116585915375.79878
513.08099,1028366973070.7478,237048861991.4833
513.11316,980002466030.4994,186152228480.3834
513.14532,795430992631.4286,67091980663.328094
513.17749,488714021656.2757,54086716534.18536
513.20966,648043091005.6151,85039238014.29797
513.24182,604444620598.997,74261702057.257
513.27399,252846985776.2593,25049332422.039696
513.30621,81869553849.83382,14763816967.99496
513.33838,104603311607.62738,23751570205.327408
513.37054,91780544728.81882,13408489109.59051
513.40271,95584976562.35596,6846914291.016792
513.43488,192282189535.71884,24541875373.468307
513.4671,482359402418.6144,103614802447.942
513.49927,1120561299456.1602,195807873917.5012
513.53149,1423666028327.9634,82763596803.03004
513.56366,751457060697.4513,44203773011.962616
513.59583,123129515769.45695,7748747049.902198
513.62805,138328042806.32248,2429128155.971983
513.66022,179273818430.03345,10795737745.432756
513.69244,123839187290.59814,6699046626.008014
513.72467,116994905262.13568,13988335056.517817
513.75684,163701068479.7967,20749094458.57869
513.78906,95472532071.96132,11740244401.515951
513.82129,72774495736.48102,13123819552.30246
513.85345,104967160165.67738,23987881656.312653
513.88568,138264798459.30222,29160497321.45853
513.91791,110693938046.5577,32523172655.143723
513.95013,117973872361.821,31536027216.15135
513.9823,344734643310.84424,50482489634.96518
514.01453,401522285352.882,72124891880.46472
514.04675,251670685494.69183,69217917074.90382
514.07898,188807656927.46927,58970049694.06503
514.11121,325671061060.6188,63465309641.63256
514.14343,1227586246746.0083,139680224186.34927
514.17566,1242142810785.1174,290871804045.55524
514.20789,616783717406.7527,112539805612.46867
514.24011,831561228987.5536,88354519507.24197
514.2724,742745869745.3009,89795514967.96062
514.30463,352828021920.5295,45562098952.25652
514.33685,398987115938.1016,44371056493.81355
514.36908,1020242477646.842,58771706058.02597
514.40131,1713397924878.241,68133968969.1627
514.43359,971047852403.0698,35867528478.69384
514.46582,414324839706.5001,18854262544.69909
514.49805,348308378270.7046,21071207444.888096
514.53033,235572402828.57224,28449637280.954063
514.56256,153315621895.53485,25988239851.06489
514.59485,305596325739.7506,51219516987.25127
514.62708,428069444949.34015,57104487874.28539
514.65936,719690567512.1842,104760281019.4376
514.69159,725047165876.295,100902586907.40948
514.72388,251981590922.309,18304816445.89192
514.75616,151878207622.34457,6220182951.341479
514.78839,123855271770.42288,7330486451.430074
514.82068,102678747814.85847,6475950650.792508
514.85297,315008738344.3804,28965017313.257027
514.88519,654377631559.1842,115067470682.66354
514.91748,1233919369818.9004,266650542177.4828
514.94977,1087034152852.6288,213142529352.8599
514.98206,535662031366.012,77505560355.07362
515.01434,168353716811.44583,16986847015.058702
515.04663,55262428474.572624,3960422290.9596415
515.07892,66199518390.36816,4533492150.093077
515.11121,26690153761.720936,3002924346.0672336
515.14349,13102431852.809755,1698826678.2928305
515.17578,42328271103.11048,5446262725.656186
515.20807,27470055223.625675,3777742266.49874
515.24036,23443661608.58981,1938552710.289265
515.27264,91804561245.77208,11080294573.187502
515.30493,74059236243.54794,16686751489.275991
515.33722,398227392260.2631,88400389639.83653
515.36957,296297679519.07104,37935888930.92442
515.40186,141217455778.65607,8846752640.336592
515.43414,99761866825.29468,6797478954.2917
515.46649,142335403836.69604,7779728073.559318
515.49878,164056564090.4992,13269937246.386353
515.53107,120502790171.48431,18332032482.192307
515.56342,0.0,0.0
515.5957,0.0,0.0
515.62805,0.0,0.0
515.66034,32390430085.164894,2071320501.5809927
515.69269,30041650822.6479,3315854656.19029
515.72504,60159600111.11051,9917848034.787067
515.75732,52920621980.11965,4880726033.904352
515.78967,48697752950.79299,6663971790.085328
515.82202,94912013159.9848,16411882237.400583
515.85431,54303977130.93515,5464942380.435792
515.88666,133066857988.80289,10530755010.113146
515.91901,329615050669.259,36183192016.18118
515.95135,340119940399.2923,57692490797.296936
515.9837,127158692242.57996,16991308066.346634
516.01605,45546824436.88143,6650813294.386728
516.0484,33935636158.519894,7189068649.06056
516.08075,89525631610.18306,22188298748.449417
516.1131,249551273141.3918,49122718216.31417
516.14545,312024580680.3574,36800315502.49251
516.1778,87247945154.80003,9608247055.58024
516.21014,19267670402.83585,3840606349.941485
516.24249,22696044676.731903,5747862174.039182
516.27484,51546794898.60951,9465228393.8956
516.30719,51839461252.909134,6196765136.313988
516.33954,71696329794.31087,2653261266.435296
516.37195,108469670710.953,14041422715.59828
516.4043,80251043940.17563,14306787835.843151
516.43665,98649951643.08038,12030532640.189438
516.46906,122807838739.85497,7392543494.073981
516.5014,118924018431.6186,9774065055.798565
516.53381,119111347883.09695,13898131541.174154
516.56616,152697498468.62997,13785142889.346235
516.59851,401576752654.0671,55870348310.2078
516.63092,407884833671.1508,53769054563.13135
516.66333,373395729822.4673,56479438032.753
516.69568,731147345422.3113,106602891896.98872
516.72809,619033743737.3125,68192964225.7551
516.76044,395936857861.6995,36358103067.91574
516.79285,340502370783.2197,39309923893.66076
516.82526,263320447805.9221,36645010257.73224
516.85767,541627648476.2048,21721116603.377808
516.89001,709975894332.6233,37053448591.71178
516.92242,382827651495.0688,18197057504.30594
516.95483,171846809524.57977,7600483178.163812
516.98724,77587591387.47507,7701460277.447796
517.01965,93351962060.83344,11754762141.42912
517.05206,69146223241.00836,8853919258.909569
517.08447,77642447147.2108,5767362857.191904
517.11688,121764566015.81256,8576517141.357126
517.14929,121282082482.13304,5064832716.601947
517.1817,330782905278.25653,21370855920.90412
517.21411,669121488633.6904,79581109298.14
517.24652,508208347685.53845,62946512581.91035
517.27893,941218070649.8076,60998388095.86851
517.3114,802319050497.6167,74057962673.41077
517.34381,463222051865.91925,41577751718.718
517.37622,554887150108.3156,24308409667.78236
517.40863,171587790492.47266,11744200492.918385
517.4411,71708153602.00291,5592307770.417087
517.47351,149548206601.01453,14381456947.323471
517.50598,255660894851.9143,26297197434.52077
517.53839,274513540585.0693,38462991237.334
517.57086,182779490463.15836,14355585433.515112
517.60327,112612906128.58553,7716420290.659104
517.63574,89006071793.41548,13576898205.63477
517.66815,57342443113.37334,9670626481.642536
517.70062,48063594614.58826,7187251756.382045
517.73303,143704754007.28488,18954792101.96572
517.7655,168387188210.69928,31276046197.631226
517.79797,113987499228.61604,29009218714.577885
517.83044,246467410814.90613,45447601163.780365
517.86285,337577824512.68353,25367276682.82161
517.89532,141026448901.42258,12547568213.883757
517.9278,63536841995.5934,8979856157.02842
517.96027,75586692844.54927,9379241822.605282
517.99274,76260661570.422,6372586807.552927
518.02521,187199476707.56525,26572472292.977894
518.05768,341433414952.1252,48183915807.09367
518.09015,271772925085.07727,42801933482.15688
518.12262,93624484508.8843,13127597948.044891
518.15509,52411403144.14668,6189479084.790328
518.18756,38800503367.41197,4667121201.605987
518.22003,67432957557.38104,7814701958.815711
518.2525,100172772910.41464,17523316008.9196
518.28497,70400575560.5831,11539888352.282564
518.3175,57503425238.6205,11084278796.515366
518.34998,97988923302.55148,27524543880.98125
518.38245,114806132401.1364,30477758096.300884
518.41492,313963543821.16223,53047942902.189285
518.44745,331752323266.5711,31830027133.13988
518.47992,80908464903.12247,7684589373.679452
518.51245,50454518944.03243,6049309135.959377
518.54492,34554841278.53905,4456623684.665114
518.57745,39225591262.69778,3319887884.002102
518.60992,7896745722.666353,375990026.8374705
518.64246,61930307852.78751,4695273834.812024
518.67493,104034456175.301,10958373538.180063
518.70746,86864049900.90761,9880981282.67444
518.73999,80994336804.33931,9714011248.83586
518.77246,72902366934.09627,11758583919.84118
518.80499,79881536044.40309,11438078445.798067
518.83752,41983241452.41262,6902654453.919302
518.87006,101556397709.35114,15074463825.152168
518.90253,165526741367.16882,8365786538.7753105
518.93506,167423865497.97772,15896557381.638844
518.96759,183770811626.09927,18559836440.60966
519.00012,112206766483.613,3350906705.8053184
519.03265,180445009075.139,3611212631.880228
519.06519,162106371857.6915,5450211920.690836
519.09772,53590160604.26929,1797098991.3253102
519.13025,65609134829.31356,2317372778.368977
519.16278,61949447702.28817,6922415331.55942
519.19531,71620829913.28227,7888060191.895759
519.22784,94428221521.02716,12632115907.402231
519.26044,310484837477.7635,31807919832.14676
519.29297,495999162107.9048,32530249137.975376
519.3255,363950527219.4021,39743012644.12001
519.35803,365098119510.1187,53756121850.39199
519.39062,886409665730.9918,101208572499.69044
519.42316,994009891842.0016,117506505957.36636
519.45569,442967304308.2183,39622026826.79412
519.48828,101236978002.40536,7054521285.0068445
519.52081,43961863641.27168,2598298478.268209
519.55341,89400435467.48721,3593539275.679789
519.58594,194871818636.7256,23493087091.074528
519.61853,385750511803.9864,28226281501.91743
519.65106,457155371138.7513,21162654488.706394
519.68365,823109775959.9229,71239351814.0419
519.71625,1726973156280.9763,98966178437.28789
519.74878,1654132633619.1038,257753816048.18683
519.78137,692978666153.9646,78438487167.6759
519.81396,274750914012.6572,45219439042.22524
519.8465,636694233875.6095,82984866371.34546
519.87909,989993542754.2948,147740437425.6856
519.91168,241290787058.2065,50406870090.59346
519.94427,178336862097.26004,37610400508.75719
519.97687,213959031533.44797,38731838675.19181
520.00946,162099921484.3116,14555360697.919338
520.04205,124367482884.90926,11424837973.347036
520.07465,59257434966.7124,6855918637.948584
520.10724,60586579109.11583,7850854904.967734
520.13983,65975929977.12575,13826189404.800964
520.17242,38711244527.74937,4814975304.843816
520.20502,7156660569.688173,633206289.6662576
520.23761,59750989097.32492,4669947761.358066
520.27026,195904928238.47595,15915862374.17616
520.30286,147046361737.06998,11871626549.77918
520.33545,90707074854.63744,4387320456.869103
520.36804,48954918720.04931,3658378318.898204
520.4007,41278593893.0508,3455539936.470752
520.43329,38424646762.07837,2154349766.615948
520.46588,86853043500.49734,4565661689.863823
520.49854,234897965867.4409,29594751014.27256
520.53113,196422826921.13156,33030801147.77998
520.56378,110196374790.8417,14401379061.972342
520.59637,162578005535.70316,26356787924.992657
520.62903,162587854182.24646,27690632446.26049
520.66168,240925154387.78912,23016984504.603867
520.69427,277538392354.4178,9202431375.62971
520.72693,40766520283.07336,2256368671.6113563
520.75958,21439339968.03228,2311091077.249461
520.79218,403299701626.8371,48231124614.364456
520.82483,811141599569.7719,74396822814.0256
520.85748,212294764544.074,18951907630.06636
520.89014,0.0,0.0
520.92279,0.0,0.0
520.95538,337362989059.2484,59800771410.56493
520.98804,360926180079.7848,44966350675.38254
521.02069,530502554740.8147,34776147662.77596
521.05334,273333994518.4216,12258405871.453432
521.086,121807860618.83824,6721588501.687523
521.11865,91911934088.27563,8774047716.89049
521.15137,52888193100.33826,3844205717.627822
521.18402,58721118345.17394,1869253428.1547112
521.21667,90352562714.32248,2960072630.177126
521.24933,119516979133.06308,11531740360.30533
521.28198,303668489799.4226,54947189280.68912
521.31464,298033371905.6188,49474104289.65592
521.34735,105051113279.88625,7046170214.014227
521.38,83022468689.6736,7393713729.525554
521.41266,78602346466.54675,14186311900.980368
521.44537,58656340765.3911,9562096343.682148
521.47803,100621471369.27188,11332258586.845354
521.51074,337597222080.02344,18788383278.23268
521.5434,752070263973.5568,44819688463.03293
521.57611,727822506481.7167,83498411552.04288
521.60876,342245147432.12683,40339346721.004906
521.64148,171756946330.02823,16157254055.583525
521.67413,137090427059.42207,12218636702.668692
521.70685,55130913944.50277,8613910497.179274
521.73956,58521162465.63548,11666158933.146034
521.77228,75568897946.71886,14967183542.172832
521.80493,192857496934.04147,36076350236.37863
521.83765,390532675622.27954,57696590979.18845
521.87036,176878438505.97226,22060518341.758884
521.90308,112091102163.33116,7210075436.470988
521.93579,261457244278.15903,18065584973.313766
521.96851,475323391931.8364,62364629117.30259
522.00116,289680893045.7162,36561432408.47046
522.03387,154660860733.84213,12175353093.878029
522.06659,157451218951.63962,8595210099.47729
522.09937,106864181416.2578,5608128075.2722645
522.13208,102761995869.10963,7045024222.866741
522.16479,177869228146.2725,22701687232.424644
522.19751,417501231819.0343,55201651252.17367
522.23022,420712986790.3704,40422164048.59395
522.26294,225552082167.84424,10975023705.834215
522.29572,152188590634.3548,4747743588.030557
522.32843,22927595770.4262,1085081006.8050194
522.36115,0.0,0.0
522.39386,6262768428.021513,221720381.2566608
522.42664,81799153398.54509,5374963031.368985
522.45935,110250664197.83884,9853685949.634789
522.49213,379472853080.8909,55034692434.44441
522.52484,464197843115.6187,54080090700.28021
522.55762,102378942575.92796,12431338285.780989
522.59033,59960966479.75173,6181882424.584194
522.62311,192367429140.4429,27926071065.536053
522.65582,469111727975.61633,33018073493.795887
522.6886,826385672856.9646,140446675691.90723
522.72137,451583348076.3702,95178013014.0278
522.75409,519295929068.0337,46411058085.960434
522.78687,422339434212.8622,41529153551.43811
522.81964,611982079993.193,123786758009.30426
522.85242,951533178794.8578,140801733709.11288
522.88519,467755503871.3624,62519989528.03001
522.91791,266230888199.1234,29612793404.042515
522.95068,183350347709.81583,7072420131.510663
522.98346,472244157222.0481,44157921773.12546
523.01624,756361237354.4873,97747459080.8174
523.04901,793382449427.3309,164335633135.09332
523.08179,506438205586.503,89229517214.86371
523.11456,235341970885.16724,43207117092.13732
523.14734,168408296077.57397,32282330740.242798
523.18018,420190447563.0,36971730078.3465
523.21295,424139563682.6638,31087650218.015244
523.24573,284510995146.8446,16671705338.477016
523.2785,182218165802.228,9883004508.72362
523.31134,0.0,0.0
523.34412,0.0,0.0
523.37689,0.0,0.0
523.40973,0.0,0.0
523.4425,0.0,0.0
523.47528,0.0,0.0
523.50812,0.0,0.0
523.54089,17676999234.954815,1661380566.8134842
523.57373,38838087637.52736,2824422050.890001
523.60651,0.0,0.0
523.63934,0.0,0.0
523.67218,0.0,0.0
523.70496,140146499893.60788,42115699142.08679
523.73779,19741351432.65653,6545937540.371908
523.77063,0.0,0.0
523.80347,0.0,0.0
523.83624,1793721594.7985008,206094048.54224363
523.86908,0.0,0.0
523.90192,192791234695.08844,25817133276.009857
523.93475,435209302090.63983,53336275420.58883
523.96759,612927243592.5259,121746715726.8317
524.00043,310941647174.9867,86914873785.25922
524.03326,182906641126.04916,48950140088.61482
524.0661,54220048189.77406,10922218240.845928
524.09894,237410479521.4092,74243623553.97263
524.13177,594710408149.5948,215178703639.61703
524.16461,2202490701796.978,416741071965.3666
524.19745,2014885217300.9,241970132524.93503
524.23029,963448269115.3276,229007633978.9108
524.26318,412880580667.6627,131361759654.47871
524.29602,369855260530.5229,146356774359.78326
524.32886,540498557358.3614,250399790774.72656
524.36176,1836684420597.057,773940813775.7673
524.39459,1386807477726.1848,420377852892.1376
524.42743,479959231323.7554,80385191944.26616
524.46033,290704365896.7909,51896674411.14814
524.49316,51342144817.72147,12847164064.008364
524.52606,0.0,0.0
524.5589,0.0,0.0
524.5918,0.0,0.0
524.62463,205509274424.0296,59357449384.45406
524.65753,144967241693.19794,85034550646.08607
524.69043,0.0,0.0
524.72327,0.0,0.0
524.75616,73957146283.81789,4977230569.873422
524.78906,71406498925.09415,13307307220.979897
524.82196,154284757094.70123,39722660783.25073
524.85486,391515607308.4355,95222852616.80203
524.8877,422312105316.5148,71366982548.65175
524.92059,336064938787.50635,24324717988.16389
524.95349,182751581802.32047,23653476223.60504
524.98639,281641883819.0786,41970514218.88108
525.01929,546552371669.7197,87892737203.07301
525.05219,1832524427954.352,219150064133.01755
525.08508,1782148429828.171,230218433640.1823
525.11798,581866817507.8835,142552607482.0217
525.15088,80502767878.55772,25547001086.80284
525.18384,201764941295.1109,52996753648.90508
525.21674,448182001845.8866,55642140143.21568
525.24963,565619660552.4587,25462912812.19639
525.28253,298726236068.07654,42408153596.72069
525.31549,82551338773.96764,14699762407.105003
525.34839,82791404009.11194,14512450285.846676
525.38129,78752903696.05032,13916143942.7234
525.41425,81114385809.51825,21527455537.77283
525.44714,93853479191.14597,18093866292.718925
525.48004,96684555055.9639,20034525281.536858
525.513,89692244098.34726,12054883171.116056
525.5459,46020082844.68539,6715939031.09574
525.57886,111244579862.49551,33559963727.3156
525.61182,265172859306.20248,67507991397.3971
525.64471,130337590125.68892,22498253495.40437
525.67767,66838233277.47065,10161891759.434586
525.71063,219575787128.84088,26760726885.215435
525.74353,322765336509.7888,65204061310.92126
525.77649,249813472820.18796,66481730376.762985
525.80945,142352757693.73764,28941247547.93725
525.84241,1427370199.7642462,396337718.9787335
525.87531,20324136334.89223,4727089379.4567175
525.90826,28129256604.490997,4039293380.0753217
525.94122,0.0,0.0
525.97418,0.0,0.0
526.00714,1814668428.264994,873596518.817231
526.0401,0.0,0.0
526.07306,13729218127.405275,2751186597.737478
526.10602,0.0,0.0
526.13898,8306440580.400499,786971905.1160964
526.172,309589720913.40155,67919438443.07369
526.20496,478238416336.82623,78802206863.93591
526.23792,1174315716200.4917,118638784003.76874
526.27087,1413403865498.2944,274961745963.0112
526.30389,652974937449.6862,121463332145.02844
526.33685,130082470129.22916,34602274437.15921
526.36981,111449879647.1787,34382968266.84828
526.40283,207154308629.0554,49118767820.438286
526.43579,564504217302.6357,165198410656.7293
526.46875,1379871915903.6594,461224153380.6306
526.50177,928616580669.3604,183266236933.70352
526.53473,248033552115.965,11822864622.93442
526.56775,86917836869.1934,4816314581.506701
526.60077,70759337087.80652,9829358200.964188
526.63373,72695051817.45163,5052985201.337045
526.66675,100216462803.12912,15402954779.19867
526.69977,154509667403.49722,23244890829.76321
526.73273,128947180446.91422,7704108073.283765
526.76575,576846929132.2512,108367892275.17358
526.79877,735081535944.8035,133934211582.7396
526.83179,262717877204.65024,29083143932.00405
526.86475,82185963222.90843,10266252978.612509
526.89777,94640456411.14006,17908598096.938774
526.93079,49666691234.8997,9584899772.960123
526.96381,5080457576.873762,772520239.3012922
526.99683,66662437285.23996,8191816597.842389
527.02985,20475104276.195263,2637174946.539997
527.06287,53480968735.4502,7283203137.940439
527.09589,113090922481.11987,14443156014.047626
527.12891,409708582782.69977,36965999656.30589
527.16199,478353549401.5513,41418618195.62345
527.19501,371874394425.2242,42859810671.605865
527.22803,652137534933.1196,69330826386.75493
527.26105,514838016190.8328,35793344534.90322
527.29407,160341556332.75534,7268483975.589417
527.32715,45015630016.74552,1469545684.4928305
527.36017,43668632055.48009,1290372035.6619973
527.39325,22334902765.209698,1953569255.5184317
527.42627,0.0,0.0
527.45929,44570952303.32797,3992322841.698464
527.49237,76166164835.32239,8446176884.340046
527.52539,99902006016.76042,13871251923.346373
527.55847,139301238225.6494,16723403647.981766
527.59149,110131705982.19151,15444736810.964006
527.62457,73939409485.13217,14622593637.318195
527.65765,120514704826.21645,29377141132.93541
527.69067,68695795528.27659,15669026828.39468
527.72375,53343395710.78588,7969465743.164181
527.75684,172177340574.92572,27721461329.03586
527.78992,0.0,0.0
527.82294,0.0,0.0
527.85602,306943514803.0227,35747392761.669815
527.8891,762281403521.2192,119391080560.22672
527.92218,1062971519299.692,138562320200.669
527.95526,342094316767.0403,35048877965.55219
527.98834,0.0,0.0
528.02142,0.0,0.0
528.0545,0.0,0.0
528.08759,44857585654.11435,3084479604.9777446
528.12067,33751609083.908157,1696682565.390517
528.15375,25465619622.88641,2455250180.703939
528.18689,22478530554.77852,3522039274.263637
528.21997,191458136380.8568,41732008552.39352
528.25305,476447382924.2697,110609611295.28809
528.28613,699537680185.4036,95359453334.48352
528.31927,381339935630.9912,27435246415.412094
528.35236,74208723839.42497,5393012953.105659
528.38544,107153956885.3184,12020482399.658516
528.41858,97560557410.59732,10997641996.758976
528.45166,0.0,0.0
528.4848,0.0,0.0
528.51788,0.0,0.0
528.55103,500986048128.6037,40661082468.03496
528.58411,1092302384287.1302,127374208637.36572
528.61725,461585687200.0024,41564910774.49834
528.65039,72173189587.2795,7581760849.3042
528.68347,122232467466.14464,20761755849.928413
528.71661,121800029530.87964,19317695081.516613
528.74976,54968614928.51466,7803291195.378244
528.78284,0.0,0.0
528.81598,0.0,0.0
528.84912,230384033089.5526,24497392120.57716
528.88226,558754397425.1322,59216955034.37989
528.91541,645252121963.5381,118394902624.06808
528.94855,129174776115.32704,28448985861.589672
528.98169,10801393903.087748,1948852997.3776848
529.01483,71458673194.10786,10735719296.20768
529.04797,41614247407.55578,6228074107.962416
529.08112,18172393144.80136,2286040049.618228
529.11426,0.0,0.0
529.1474,2140947662.2250383,257913548.16951543
529.18054,0.0,0.0
529.21375,5280735508.30438,444203372.0097732
529.24689,55745356703.88709,5172062022.825823
529.28003,70553307036.00092,5604431183.253051
529.31317,67398927951.66665,6395200170.538113
529.34637,72095370027.75307,13609582168.514809
529.37952,82716518055.6882,19472595341.051445
529.41266,64043218096.24476,15702159549.520344
529.44586,205758546800.69748,47785393507.24295
529.479,260190837419.4432,46030499346.31404
529.51221,100687952804.77382,17332104372.65649
529.54535,44676202179.17706,4805144606.792282
529.57855,3448971615.849547,230469892.3266646
529.61176,32052895884.05286,6441839326.807513
529.6449,45056467483.45612,9705714651.13427
529.6781,32090827456.2614,4008894313.791042
529.7113,43858780799.70729,3376923324.2089486
529.74445,51880362569.58891,6258068611.5324
529.77765,54044913505.71656,3924062673.620998
529.81085,40188593867.63163,3838235348.172565
529.84406,88739803428.07877,13262020606.49944
529.87726,274489121258.73563,21112614580.322983
529.91046,192845216561.5488,13415499512.312565
529.94366,108850673253.07751,14330272908.27814
529.97681,188578441285.7765,31070371642.25642
530.01001,485089784608.8384,48263283154.94794
530.04327,409560068666.7157,38045390088.22575
530.07648,141103566280.35693,15656899216.936283
530.10968,93215089009.61716,5557918339.033751
530.14288,253378456333.49045,21461864084.00667
530.17609,178409474438.16428,13045807174.218958
530.20929,126562447330.79642,7197499769.933605
530.24249,312444648047.84,10589108727.225676
530.27576,492498043368.0391,23295613325.61874
530.30896,440681129378.1329,42244827402.45689
530.34216,298161613767.03265,13129740399.170267
530.37543,102204741477.15004,5402953759.240285
530.40863,68308028628.58413,6125806531.97364
530.44189,84520532062.94759,7858792180.744514
530.4751,29860127458.453564,895777276.813753
530.50836,115406409165.87717,9644682431.767963
530.54156,97788625024.85356,7978918679.491429
530.57483,0.0,0.0
530.60803,12849689186.878712,1726168322.2529542
530.6413,161426469803.8226,23872408849.48052
530.67456,571268566283.262,29929614668.35464
530.70776,653599526644.4271,29824542882.078903
530.74103,344309157376.8172,25550865573.380684
530.77429,382342657049.76697,40807560977.29007
530.80756,103714599156.93768,13495336963.83898
530.84082,78476252544.7381,8693706417.09805
530.87402,65498464991.88052,5550904620.023427
530.90729,52270192017.0339,5948540862.304103
530.94055,19198458860.727337,2463650443.006384
530.97382,0.0,0.0
531.00708,0.0,0.0
531.04034,26783548349.68165,3895172560.474569
531.07361,130875426309.20856,8814366411.603933
531.10687,251197552350.97757,12219513706.464148
531.1402,200727325942.22775,16726620645.480433
531.17346,175432098529.1202,12875685387.82444
531.20673,114628956499.39836,6231563169.28193
531.23999,75045655761.95642,4258046862.3737497
531.27325,130232973242.10678,5346509046.496516
531.30658,222228212440.55945,8948833559.968828
531.33984,231761058154.26605,26457477186.142963
531.37317,140530454830.1318,21944519368.057903
531.40643,207245312297.39865,26580349438.65565
531.4397,383579324512.0567,29091826395.859432
531.47302,1078957692325.6836,77068031866.54698
531.50629,1527338366149.6855,210255842920.26813
531.53961,1110411804429.7085,149757615381.01404
531.57288,813756608952.636,48381225340.54716
531.6062,499155101312.5688,26953859543.63145
531.63953,217829145086.9676,25417282434.560585
531.67279,233240106022.94293,34340090679.435192
531.70612,271745731798.2648,29786097682.829784
531.73944,490147711820.3626,21121325029.954765
531.77277,407423706107.5372,16190977022.610792
531.80603,163155512692.47278,14113641249.147123
531.83936,156833290016.32928,19061775568.514816
531.87268,282058090618.4261,36927858534.92181
531.90601,909817480986.1626,111222555049.4725
531.93933,645004740395.1104,47582909338.05385
531.97266,275154662455.842,12464296367.400278
532.00598,187653684688.99185,11997676901.148178
532.03931,329992563237.53864,29468260345.24741
532.07263,717357340160.9266,81795339512.93414
532.10596,215589243558.52185,17942219128.855156
532.13928,218195667579.6192,10846847319.890247
532.17267,542983253843.6992,36600509533.32522
532.20599,1381493602120.575,166272574673.42984
532.23932,711896416157.6359,104193590093.73811
532.27264,129278600983.64302,16442994857.071018
532.30603,32065287644.755497,2808046784.2335925
532.33936,90706193100.5303,6317496387.659147
532.37268,177959504256.257,13105799374.462816
532.40607,402805005830.90894,41832104361.62628
532.43939,507839287264.50885,80874864307.67493
532.47278,137424855460.95866,26137992910.856964
532.5061,65804403177.10929,11126732955.212135
532.53949,85950999618.17397,10753787997.429178
532.57281,213713665778.0977,20012249299.17813
532.6062,302985958150.37256,12800747952.381348
532.63959,347551134030.5613,11201782398.696918
532.67291,409371997609.9348,7989154034.062195
532.7063,254684818438.86972,12761834473.05186
532.73969,133754569574.17162,2976271769.1616573
532.77301,89239303454.2321,5113148794.776798
532.8064,193512677761.40643,11215756272.715937
532.83978,343295426697.8973,20392821810.771225
532.87317,209462777235.8056,14413555915.897484
532.90656,76494852823.20012,10333598765.756617
532.93994,83041635487.50783,14349045166.91002
532.97333,97973908299.24306,10788689195.546238
533.00671,0.0,0.0
533.0401,0.0,0.0
533.07349,0.0,0.0
533.10687,69159223031.02603,2725363986.9486685
533.14026,116806779731.96786,7834611112.947794
533.17365,207525415518.5485,7068515140.386036
533.20709,617696085273.246,47916300293.35607
533.24048,553169679646.8905,57133833412.22409
533.27386,200697651860.0585,15688419708.674868
533.30725,191529716376.79712,25998086096.52208
533.3407,537586287818.0675,58486496518.02942
533.37408,196919006006.20825,13352102401.503729
533.40753,126611736731.21371,20597696863.31008
533.44092,342035150401.02496,71333095481.14497
533.47437,501560527111.5304,18012468130.15745
533.50775,202565453885.58017,56150275829.54583
533.5412,178507026003.10135,55969110176.94492
533.57458,203045297811.5129,38014611205.83087
533.60803,45397946916.06102,5912404017.16555
533.64142,62433049671.30976,7818882379.807145
533.67487,31367051704.7979,1970387811.215209
533.70831,42552723200.20786,3321014666.074789
533.74176,90263720638.04384,3235435556.1681366
533.77515,214550632278.52475,6835658608.59271
533.80859,483067195673.3045,42321300499.27869
533.84204,723310118015.0142,97442104520.25438
533.87549,696580686438.0483,117584114785.77512
533.90894,337688956255.0096,45988935679.75584
533.94238,124675579651.5297,3456972136.46566
533.97583,129587658764.41452,3173948454.8143325
534.00928,168373033070.2871,12043913196.547094
534.04272,114698070700.7377,11322241839.890772
534.07617,205223322423.16312,11133148534.102823
534.10962,351708719580.7403,22259110724.540222
534.14307,203463070044.66705,14461856807.62923
534.17651,126127868014.51591,8544881715.93083
534.21002,250550815461.2241,16613934611.557535
534.24347,618165611189.4419,34293539856.17372
534.27692,368401119974.429,14937110885.780006
534.31036,146830890756.82004,4537909024.697469
534.34387,167861446414.21204,4726548321.949157
534.37732,173861100283.41104,5393906955.603153
534.41083,171033613073.08835,4213573992.963789
534.44427,220775834080.08813,13403893775.78893
534.47778,100285698929.0409,12145480602.655527
534.51123,111541763348.68736,10542028355.155218
534.54474,191671804232.34467,11155956326.416525
534.57819,521677333984.5084,42088740922.83756
534.61169,527403377557.42645,36663006334.53722
534.64514,353880453670.9797,20499803234.14465
534.67865,124251909216.30923,7863674031.550037
534.71216,80902890986.14749,5377607645.865329
534.74567,116991977098.294,14133662490.494911
534.77911,162959836416.75095,25555929380.84833
534.81262,295099526534.6678,32940768245.62922
534.84613,752837522535.2372,81577461450.47421
534.87964,1886939036967.374,202670467675.4534
534.91315,1810263314183.4155,224150563698.07605
534.94666,607907253037.8549,94008229585.8634
534.98016,214647992309.6601,25741614339.694035
535.01367,332952332153.40643,18931373609.372715
535.04718,596740121019.0453,26679747785.631947
535.08069,864932917461.1829,54157513008.089554
535.1142,652872855967.9502,39307262038.8731
535.14771,258160469614.1177,15560327928.343807
535.18121,202589986124.24048,15476132615.60524
535.21478,698227978295.9716,74232899074.27692
535.24829,804975316029.3859,93446740773.2912
535.2818,579379388511.4551,81635239785.8272
535.31537,104535201617.00304,20045846077.24313
535.34888,73381331280.84586,12356504452.74828
535.38239,53867572716.97157,4297831226.072003
535.41595,85486555481.34373,4103928602.5797377
535.44946,147322018221.5667,10176788137.375504
535.48303,472366848809.5587,47673502442.07968
535.51654,483332211313.8878,63388600884.63933
535.55011,169168112215.4164,22585789747.729305
535.58362,237230485496.8105,28407312860.04644
535.61719,400541780706.38513,37967370514.49554
535.65076,336194107246.1135,13630908166.719929
535.68427,266987432464.1361,12570927334.331003
535.71783,240099542328.6768,27781025029.43605
535.7514,407364288382.6116,60920173041.97576
535.78497,634823103743.5948,75220290117.75403
535.81848,644497704880.0502,40605954121.60652
535.85205,474249833774.43207,53900609332.31602
535.88562,972948203976.0764,165065686583.31476
535.91919,1397026483167.622,207822752930.62424
535.95276,645387633283.8708,73112871432.21124
535.98633,344501509003.66376,26262491465.4841
536.0199,226740070851.01883,25888380932.804905
536.05347,160027315307.6512,28124929616.160965
536.08704,342670034066.21216,49670302541.81647
536.12061,435767215285.04974,15306826148.643637
536.15424,330710051779.022,5157974845.024658
536.18781,651272959979.0946,16738821428.408354
536.22137,463438237428.4693,35535614963.33846
536.25494,856843865763.1235,101060532961.74316
536.28857,300500370633.6132,41552634730.151
536.32214,49598422409.68392,3078338266.048426
536.35571,132534695444.06548,9261997810.405218
536.38934,121048054514.37852,19068029698.1
536.42291,131341001297.3516,15591811565.595722
536.45654,320924315987.3891,24411074258.250008
536.49011,531370037584.8494,38698815314.05189
536.52374,323658730326.43146,29566972419.31587
536.55731,141490074281.3471,15170844467.274162
536.59094,152582784971.42334,15275595865.62503
536.62451,324075167824.314,9071075997.732515
536.65814,525556565073.306,39463427419.96738
536.69177,281018245366.3225,25129684323.719658
536.7254,0.0,0.0
536.75897,78992656331.02515,7526143878.566533
536.7926,143729797660.61325,7447360714.119794
536.82623,194293227777.9037,21057205458.579205
536.85986,228166472212.46487,28483182567.39437
536.89349,217633494526.0604,7896383223.53989
536.92712,425667189333.0507,13583325758.87209
536.96075,974227240099.347,40884787303.70324
536.99438,1211653595147.0205,36185406437.58228
537.02802,927338489544.8503,21148465693.3542
537.06165,2434990557999.6006,188610126845.9857
537.09528,3481163754128.66,619427854915.8435
537.12891,1719528168677.6765,270331481095.168
537.16254,613272026348.8805,60721591395.47199
537.19617,415353595988.3504,33623484816.435596
537.22986,0.0,0.0
537.26349,0.0,0.0
537.29712,51213617715.8571,2331600112.537281
537.33081,10838535366.52489,1037512503.116322
537.36444,0.0,0.0
537.39807,8706534761.21297,1529509046.284681
537.43176,69296191848.81964,17480973755.270535
537.46539,102846034173.0896,24089008920.79399
537.49908,0.0,0.0
537.53271,122081350042.63936,12645686190.130016
537.56641,54534402717.06445,6356822490.323318
537.6001,29140355002.010704,5222360993.109583
537.63373,0.0,0.0
537.66742,102418011897.18636,17965434247.408012
537.70111,31060776574.686794,5898927460.895221
537.73474,168281553094.39847,41074561159.76936
537.76843,74098557117.23842,11988427875.081348
537.80212,257096541070.3861,36206578171.0472
537.83582,529933638997.0465,153912031391.82172
537.86951,729155489166.7263,197783692708.86108
537.9032,371752459635.0811,67344733384.99298
537.93683,313162611095.1676,33996873307.100075
537.97052,42848398175.61456,3304364794.7185764
538.00421,0.0,0.0
538.03796,0.0,0.0
538.07166,150227020116.96274,25354894536.294785
538.10535,645996108936.0356,187977081261.1256
538.13904,2002557995613.8752,596641146230.6445
538.17273,1226229077243.5305,448975116058.9417
538.20642,1055028829458.8146,458914065783.2431
538.24017,1390467294925.796,469367549969.8937
538.27386,635749526053.0839,248230899530.97943
538.30756,229670594700.01584,97713185122.83572
538.34125,112001902428.93962,32958783565.569984
538.375,52272498033.814064,7759056991.970051
538.40869,68985237084.47882,15581712532.79957
538.44244,23043701049.699654,7132770147.884027
538.47614,138317441155.30722,39547759984.4523
538.50989,0.0,0.0
538.54358,106845860426.14842,14148638080.47393
538.57733,653971142085.5701,136386664875.30351
538.61102,479647346728.83466,100114017236.78136
538.64478,61459335008.510506,14456578701.163685
538.67853,53889024255.53386,11350089468.675837
538.71228,171442696680.93335,41585900437.28211
538.74597,56533304746.08493,11392137088.566751
538.77972,129495095257.6446,16383471154.571297
538.81348,155917432977.2048,24172248886.20483
538.84723,301532431704.5596,53105398998.50546
538.88098,729198381959.5763,123816269923.83286
538.91473,1544734328532.2798,299948684824.3356
538.94849,1091511302940.4768,189050133049.4922
538.98224,398291694478.9014,63055071024.15546
539.01599,231831020607.43063,58869883049.26437
539.04974,168913699167.82242,48561726075.97559
539.0835,68980039210.43303,11083004387.74776
539.11725,0.0,0.0
539.151,67151892128.36645,8378345406.821204
539.18475,51007662501.35265,9286332342.935484
539.21851,122604290064.54916,27757719458.29501
539.25232,483816528010.7154,100376839421.4364
539.28607,540937047897.20514,101324674169.4802
539.31982,623748611476.1766,129686566950.06664
539.35364,1891678900676.1392,527203569682.5497
539.38739,2113274016269.538,452586514328.4045
539.4212,926744124485.4294,96065144666.88255
539.45496,314723966096.0826,34408616859.32398
539.48871,119284651055.72296,12156053063.602522
539.52252,30353361555.867104,3844744884.737088
539.55634,35169077525.73072,9007603730.157175
539.59009,29067948092.90939,10275446778.196342
539.6239,59045065980.07356,11720879181.51021
539.65765,233952905755.7072,31261859037.8408
539.69147,395144318770.4726,41277906293.13819
539.72528,1053371465218.8044,122435329304.86057
539.75909,1720350598113.8928,317268911241.07666
539.79285,1004431889323.1444,330189664746.7981
539.82666,229630361230.4532,43108064860.4648
539.86047,292748725333.3867,38165233976.99189
539.89429,696281178370.1022,199195267654.87552
539.9281,548896891989.1018,162120231684.77872
539.96191,152565559211.68307,29100053729.19627
539.99573,85438593751.7,16493091683.570738
540.02954,152622624244.40176,30184884916.164665
540.06335,749001936917.841,128636347877.90665
540.09717,1015550832355.7332,175840385382.74075
540.13098,442138043585.1965,91581756756.25713
540.16486,37131324281.22197,11506605123.893711
540.19867,0.0,0.0
540.23248,21867656490.345837,5700984710.850246
540.2663,24785810712.08294,2645914920.892528
540.30017,81590199419.37148,16904340724.754955
540.33398,121506925619.2829,24367206700.08508
540.3678,273531843620.5115,66932333114.595
540.40167,840333270204.3463,110145122758.14052
540.43549,745473266519.2664,90264123745.78883
540.46936,277079462797.0941,88663933022.33823
540.50317,164116692604.1819,47113556757.90708
540.53705,171276359707.54684,32346556370.017475
540.57086,405076272417.2757,66787218314.20739
540.60474,1353794594240.683,106444948094.18571
540.63861,1607454518685.8877,294373193311.6787
540.67242,1428712332165.3245,225625102038.2366
540.7063,806643482480.4127,204098176586.42737
540.74017,291928461534.5248,87896721356.82716
540.77399,139152261485.23508,37936367888.176605
540.80786,103199127864.97269,25276969448.068916
540.84174,177435796298.05838,32440031564.380478
540.87561,157513395883.03717,25447677058.282608
540.90948,130040128564.73924,34951669290.6111
540.94336,100554122244.0222,36494865024.1521
540.97723,102918943477.78304,30295394722.8914
541.01111,291815545503.71405,28504089484.73109
541.04498,403318576986.831,69267090292.38757
541.07886,773405172206.518,258564613867.43405
541.11273,1320587128981.391,447392710691.5286
541.14661,795418834975.3529,172395844884.72464
541.18048,152396128480.76752,20540846305.86177
541.21442,0.0,0.0
541.24829,30873825121.30057,4997689532.523594
541.28217,24778623717.768757,5689940373.805667
541.3161,58288240188.99819,8162190016.255794
541.34998,55060359020.93872,5994784513.4609
541.38385,65764734122.67133,7879278949.092154
541.41779,301513193321.1956,25705737807.126564
541.45166,735498235728.9834,64434008175.54244
541.4856,590820474256.2186,59228147639.23071
541.51947,733828451353.403,60643246401.75114
541.55341,503288373519.3878,48324090547.67268
541.58728,623047803439.1484,38171925327.11305
541.62122,869326323751.3801,114489207008.24228
541.65515,943296583977.4788,207192392899.2423
541.68903,858333611611.8214,145205654333.34033
541.72296,286565365340.6416,37077693657.59012
541.7569,0.0,0.0
541.79083,0.0,0.0
541.82471,157348120541.69577,14800050758.828072
541.85864,231617668409.50787,10825981940.004848
541.89258,87794932348.83609,4059892622.840743
541.92651,27509505741.171623,1883879111.3591485
541.96045,93357595171.0786,9245092338.2203
541.99438,130845810620.54549,10104208439.644516
542.02832,465282457253.10486,33315572134.098408
542.06226,340762923040.7334,44542722147.595146
542.09619,91552028806.09547,10408401146.5032
542.13013,145037187668.54065,15002310663.553349
542.16412,106047138531.8745,14724636249.653746
542.19806,88817973199.9193,12491851045.896858
542.23199,24462404258.273857,3516763681.115772
542.26593,55784307228.72998,7657886784.950382
542.29993,190946351550.73303,23963855186.532894
542.33386,214746329895.40005,25115833139.066933
542.3678,530461957301.0652,65338549900.7037
542.40179,1859423340876.359,199007705117.4345
542.43573,1427056754019.8433,127345326063.87135
542.46973,975203406163.7848,70016893033.6144
542.50366,870707717346.119,51368345146.37811
542.53766,541011478538.89417,28835499097.512268
542.57159,256351974785.0005,25457703338.02277
542.60559,204473454821.53595,37949613469.65174
542.63953,654912926235.0682,131326033251.7497
542.67352,701290510341.327,104408401002.40904
542.70752,390733609111.7473,30462480268.763397
542.74152,296733671953.7957,16008803503.359953
542.77545,814685046120.7937,71128129966.0665
542.80945,934522463094.5092,65838252571.16667
542.84344,198407613225.51935,15761809769.25122
542.87744,33380266352.86165,3954717097.462999
542.91144,0.0,0.0
542.94543,0.0,0.0
542.97943,14203596708.814644,2937693800.475415
543.01343,65366097753.011765,8219809830.938578
543.04742,100178194153.93864,4239960529.3336153
543.08142,205410524851.13223,8032593858.955716
543.11542,477654645025.1715,33253090459.36032
543.14941,798621154094.7971,77099847436.95123
543.18341,310026803547.3256,35619701970.83822
543.21747,228232956601.99307,25203122144.96795
543.25146,520446801216.4229,75567235798.60777
543.28546,981315710826.6504,135685069948.7131
543.31946,726699329578.8746,107097496210.59972
543.35352,552748009822.4331,71828608372.40097
543.38751,192973198246.41376,8829916142.728857
543.42157,0.0,0.0
543.45557,0.0,0.0
543.48962,0.0,0.0
543.52362,0.0,0.0
543.55768,0.0,0.0
543.59167,0.0,0.0
543.62573,108646747283.08498,14275194362.567192
543.65973,292718026274.61615,60286112605.71756
543.69379,65483247050.56738,15091385901.682297
543.72784,209526020233.88705,47933908454.407135
543.7619,302171051575.4905,35677404074.28394
543.7959,106230535036.98776,5078281737.855037
543.82996,292651288057.87805,21840577339.18376
543.86401,387797245552.6238,34428763143.36552
543.89807,14793093896.05311,1007610961.7142284
543.93213,0.0,0.0
543.96619,0.0,0.0
544.00024,0.0,0.0
544.0343,1226291847.1755862,201283209.9861867
544.06836,28118489849.5036,3977231180.2285657
544.10242,52703193375.30643,2575781704.691785
544.13647,4310881144.279386,366536638.97693455
544.17053,0.0,0.0
544.20465,0.0,0.0
544.23871,0.0,0.0
544.27277,0.0,0.0
544.30682,87209425980.20001,9476178551.575846
544.34094,56548878739.87878,6904850540.897262
544.375,58339611546.19099,3981337839.238629
544.40912,66953425902.251686,5833871570.96913
544.44318,198007938349.4289,23020560881.79629
544.47723,345036332516.8723,31411815306.28613
544.51135,487359468025.6049,68098652275.38111
544.54547,326473510908.4249,30865851339.95549
544.57953,442430534824.9159,67605760696.35384
544.61365,967166928043.0354,138652121118.3297
544.64771,921707756972.2694,146486814567.80228
544.68182,346710660024.1481,24529589803.2054
544.71594,140220134338.81253,19347684396.72886
544.75,256956526752.10303,46665577066.2935
544.78412,634327190339.8616,98196615648.6059
544.81824,1230026973674.4092,103342112551.94131
544.85236,1795875442307.569,152191525666.86002
544.88647,2568655545495.7407,241400569810.08545
544.92059,1466939127594.7842,124531240206.69308
544.95471,1345853806660.0586,229074906585.43604
544.98883,1503060980933.8086,129599636406.733
545.02295,785681998338.6506,22757859251.403606
545.05707,403646598620.7973,26054002414.152744
545.09119,301862817200.5133,22078229006.962547
545.12531,626640429565.1149,27217503890.297585
545.15942,854907420189.157,28424706812.29941
545.19354,929584640307.4186,33065431491.64349
545.22766,525066059530.8514,66017166825.75374
545.26184,337954668822.7662,49186435751.23021
545.29596,766753751458.3237,56725887580.64476
545.33008,1213097497427.262,54037459437.25201
545.36426,713928562487.2123,75082966835.85599
545.39838,604011536530.727,68639863785.71298
545.43256,663935407018.5674,65430406010.5644
545.46667,887030966622.2128,65325631752.76792
545.50079,359298689038.0172,24497096170.118614
545.53497,316491403340.42163,57167138826.54118
545.56915,727318820808.379,103369313115.51126
545.60327,791679633685.342,111200847961.8954
545.63745,250987074362.6349,27387992088.828144
545.67157,161179451235.7393,15803172655.997694
545.70575,251016114871.788,24335488757.777283
545.73993,282640536936.5154,32827869574.683537
545.77411,149552310203.37134,13050033069.165216
545.80823,157216792529.91724,8504118169.775777
545.84241,332511030392.8391,44516864009.81877
545.87659,410429974238.092,103123670396.47726
545.91077,436993412735.1285,75574185612.17845
545.94495,591519775293.9482,41387101374.8272
545.97913,473717335526.3942,37140268594.42673
546.01331,162107060013.73227,17882530242.007954
546.04749,0.0,0.0
546.08167,0.0,0.0
546.11584,49162424891.08853,2779085235.174537
546.15002,103236335945.09782,9690649494.275946
546.1842,52532666142.96679,5927605835.5723295
546.21844,39034447815.27445,2608874610.377424
546.25262,57368507676.28768,3291090915.316671
546.2868,39584987715.36488,4344826943.43645
546.32104,72751829273.53775,7826530129.061336
546.35522,157235767483.07565,19254138729.09614
546.3894,409945320715.8257,42934861461.23712
546.42365,715043507825.5953,46887292021.58473
546.45782,1127761837783.9873,105946572239.73108
546.49207,722711189650.304,80218371881.9826
546.52625,168444826077.8568,12224705046.799225
546.56049,42147431506.185,2837786089.320797
546.59467,308073970750.2613,26338822015.10253
546.62891,822814874241.0035,62156869348.57774
546.66309,1375822793405.2205,119829445361.74857
546.69733,2591836121882.7627,356690897955.76654
546.73157,1167702985222.304,149248947956.29453
546.76581,520121628674.5648,38560714766.60354
546.79999,850738932664.2874,57317573457.22597
546.83423,522330116715.6895,35274172096.12145
546.86847,101707650481.79771,10056660772.438211
546.90271,101480922573.92493,9226175186.57185
546.93695,322222240081.2342,10744906673.332308
546.97119,381399793509.428,5596741722.66682
547.00543,176352705632.41263,4497345885.80594
547.03967,129097149687.32825,9098305302.256794
547.07391,284952394906.1436,29295210194.225613
547.10815,489925358634.0695,69906467695.82927
547.1424,312581061167.69244,39117090487.63586
547.17664,129219353027.39882,6595561646.514812
547.21088,195559740548.03464,8872587705.757118
547.24518,316552987592.3868,27730538334.90601
547.27942,341175343171.1078,45958804858.81381
547.31366,628586981834.0023,77616899549.77522
547.34796,862633023039.1217,61530706729.12118
547.3822,500216183130.1072,8977529148.911474
547.41644,148507460256.91788,1188545669.2156017
547.45074,181810321003.4981,9206551000.149652
547.48499,293903954031.28827,32439489363.11078
547.51929,309158571187.85406,36491659178.46079
547.55353,601326024526.7513,79540008145.91045
547.58783,558464122706.3749,85318422639.72008
547.62207,335902131667.8618,37431531419.98573
547.65637,715642471490.9468,147651132330.31216
547.69067,826412364020.2627,110372836663.31091
547.72491,675421449836.5239,70751044903.67784
547.75922,419744691243.9572,43054584953.11543
547.79352,162376738619.07318,14964749934.681992
547.82782,285478979417.4437,30372339844.296783
547.86212,813074214547.4872,71899965002.8895
547.89642,503719867379.9021,67598334874.13332
547.93066,342538303172.9018,22587635974.27313
547.96497,382885646265.9589,59703544286.51952
547.99927,960327070490.7404,142124955906.26508
548.03357,2036848786071.143,170015734615.79733
548.06787,1568261271286.7434,98643077594.20683
548.10217,1439949229632.671,98704061726.3926
548.13654,937939070643.8058,98085211535.21976
548.17084,226459954406.74243,22855887387.94125
548.20514,114341072246.48558,7719969568.714731
548.23944,96461927891.335,3834914214.147793
548.27374,94611408592.32704,3143366205.502317
548.30811,143178298293.42386,4026028905.880453
548.34241,224962520568.99677,3779347607.476008
548.37671,336020238596.44086,1908404352.1307728
548.41107,344831799592.9244,15183230796.81364
548.44537,346894924002.20984,17737220917.97407
548.47974,275559264585.0689,9325494055.194967
548.51404,287203040394.7217,1820393581.4706635
548.5484,581246110439.6411,15649914708.626305
548.5827,904971086485.3396,22773308998.36528
548.61707,832369417247.2772,33886937363.515198
548.65137,709952751882.2382,19504932856.147743
548.68573,550043630985.1207,78279521748.6273
548.72009,649590166741.1649,111593404587.283
548.75446,277705726381.76306,17038394281.19245
548.78876,134857635143.3972,6336541324.800586
548.82312,90581406359.6646,7864804810.687901
548.85748,135097585554.6237,6815189973.243819
548.89185,324339383043.4762,23666201952.825203
548.92621,736041733980.2356,61320981051.40872
548.96057,281860123325.7387,16032924813.016964
548.99493,169949358310.64178,12178795029.216291
549.0293,201065673609.4863,14661897172.63988
549.06366,366916195231.2749,21582108106.99161
549.09802,137656125730.33792,6234957172.255081
549.13239,30223992982.318924,965579866.3447884
549.16675,1461440261.2688794,131349942.59620614
549.20111,56756073908.16131,5505459134.597974
549.23547,226440398395.2584,7647131285.595385
549.2699,489857835433.8488,41567546330.022285
549.30426,149062385305.0077,6827734351.591904
549.33862,0.0,0.0
549.37299,0.0,0.0
549.40741,115939995425.3798,7204734120.357583
549.44177,224958356206.58084,15684822064.615822
549.4762,547486435921.8108,37672743476.07464
549.51056,475275962867.1384,16755685909.743954
549.54498,186854023328.5026,6505477820.626654
549.57935,128204062206.99837,6512810212.138363
549.61377,91417447121.22086,8757798975.640722
549.64813,135412995710.82582,13061661391.255947
549.68256,166290122739.68463,15115559116.555864
549.71698,85285177109.53151,4063337881.773749
549.75134,54733597850.97378,4585343447.824792
549.78577,46897532783.73759,2918861418.1816344
549.82019,0.0,0.0
549.85461,0.0,0.0
549.88904,13783410015.530493,1092855180.9226778
549.92346,136672186278.36588,8272952510.561334
549.95789,100035623618.5958,9500409628.061563
549.99225,75301466111.56148,9059742372.31162
550.02667,68176053361.46534,5984672586.765342
550.06116,73870112953.49887,10054745821.731192
550.09558,84819671629.31738,16725810839.345188
550.13,244236401607.75928,39636560181.8589
550.16443,447269648541.6301,54534804705.79194
550.19885,285411888663.2612,39974279994.09778
550.23328,90585848881.61998,13189485941.89656
550.2677,95850721277.10892,9376814032.65198
550.30219,90852738074.76114,9841580782.532598
550.33661,123991453686.94334,11762848524.235312
550.37103,194280471790.4356,26335233347.12783
550.40552,274462969754.08405,53864997352.914925
550.43994,734947377631.3156,108848931131.34296
550.47437,1022317271295.1688,83795587125.16963
550.50885,583359295760.865,56503612943.31543
550.54327,176208802022.56198,26264000190.54625
550.57776,84653359705.98154,16731977167.91718
550.61224,64897649893.78364,11464294023.44457
550.64667,101948951788.392,8938505689.317913
550.68115,212137118166.05176,9506520130.44824
550.71564,112546349629.7162,3998753789.834643
550.75006,70373286710.39655,3234884614.283591
550.78455,48518877292.56448,4972413300.892643
550.81903,68933048770.75363,8060991728.023897
550.85352,22449717190.59037,1439515118.4173791
550.88794,127983548223.16553,6759201212.651288
550.92242,343059486608.2593,19843040630.60348
550.95691,685864494055.4801,59766609816.90837
550.99139,504418989509.2754,59962623136.53949
551.02588,147509708111.03244,17853477418.440994
551.06036,162566662714.4386,29112459763.04077
551.09485,322197449436.753,67265112634.35462
551.12933,238858110235.1236,33716086412.372185
551.16382,71574371710.93414,4372769796.787717
551.19836,57327719047.19444,2488774098.715033
551.23285,26919356716.54257,1836808618.593064
551.26733,31226529892.055054,3167286170.26051
551.30182,55930445930.62598,4495400782.673945
551.33636,66462909439.759,3983009674.228912
551.37085,182261844393.36813,15902790300.593014
551.40533,580216547279.1322,78450182091.02077
551.43988,570460377638.7393,118074611142.00252
551.47437,206135441757.6016,43327492386.04387
551.50891,86964214434.78076,12835791657.231756
551.5434,186487043085.1099,11959263227.6433
551.57794,337386833022.04333,33743088223.01189
551.61243,237077275064.99008,16225749530.32083
551.64697,920861011627.0332,30281625636.67872
551.68146,622347781726.3608,50609001079.73004
551.716,161183164656.19754,16145248735.947474
551.75055,170594655463.47812,12226121049.34394
551.78503,592703868246.713,44023379041.11841
551.81958,1918897213573.844,167803173859.5687
551.85413,2593376644813.9863,163462986762.1381
551.88867,1313817783897.5046,53276778461.34153
551.92322,1049551122629.7076,49113975432.656136
551.95776,2824568496.2137494,124167198.1565988
551.99231,38251085205.1519,2792764652.5379434
552.02686,0.0,0.0
552.0614,28980551466.969887,1506578712.271669
552.09595,0.0,0.0
552.13049,0.0,0.0
552.16504,62128166051.22806,5873280701.914824
552.19958,58488501397.37981,5695717131.726132
552.23413,39074197345.8385,2027234259.483024
552.26868,35397111339.00517,2542576016.289787
552.30328,0.0,0.0
552.33783,14309830918.489857,1116390250.995217
552.37238,51028915223.71803,8900414078.375692
552.40698,82948253778.41975,19099130041.928207
552.44153,0.0,0.0
552.47607,122340930536.08858,36045721113.79264
552.51068,780517158446.0149,189755753949.0761
552.54523,2444398884999.8643,528747247644.0072
552.57983,1260678778410.5571,200642182165.48788
552.61438,39235981667.23659,5781298322.219994
552.64899,0.0,0.0
552.68359,190888519108.04303,43348015090.62173
552.71814,0.0,0.0
552.75275,0.0,0.0
552.78735,69743582700.83583,17930037533.769024
552.82196,14731199565.609283,4566139736.234169
552.85651,0.0,0.0
552.89111,87933164056.81024,20141025153.15433
552.92572,0.0,0.0
552.96033,280326844947.77136,43242791581.30678
552.99493,744674827.1490469,195246490.23315337
553.02954,0.0,0.0
553.06415,40543783217.1757,18378270044.1356
553.09875,71227022615.48625,27017192087.798515
553.13336,210040882716.80457,63538594655.11208
553.16797,204014666228.00488,28834160479.96103
553.20258,940850317110.707,137461415092.4201
553.23718,2097287524384.8303,383471373369.5768
553.27185,1023976147717.8344,203060174025.22845
553.30646,126787786913.10854,36449171337.50286
553.34106,67365519840.39141,16961688497.001867
553.37567,196143380643.3632,61997108131.20276
553.41034,303096182453.94904,69713433057.69362
553.44495,973223293443.9402,286056640884.3516
553.47961,731032774365.6072,167011511787.56134
553.51422,25908840761.24698,3694645081.0702486
553.54889,0.0,0.0
553.5835,146786684426.16824,55828812807.07224
553.61816,140727749524.91574,33739509232.96087
553.65277,4491301163.075517,358359051.09128445
553.68744,21567370698.04764,1766310764.3700595
553.72205,0.0,0.0
553.75671,0.0,0.0
553.79138,136058451814.74657,18218298855.83364
553.82605,109993137147.33096,11502298403.468618
553.86066,86339916157.6736,11537108418.254765
553.89532,74361967264.23315,14578926053.92641
553.92999,106377014837.34113,15983860765.44864
553.96466,0.0,0.0
553.99933,0.0,0.0
554.034,77859064724.12756,13500800470.194006
554.06866,5855660237.453857,1008993786.1139892
554.10333,41497653141.25648,5251144638.356594
554.138,390431920535.2765,81622137506.32066
554.17267,298744609047.94086,94427932165.02924
554.20734,160820094885.6787,51555994985.13751
554.242,117372376592.06812,21430472110.78133
554.27673,118376625833.6317,16638914579.093493
554.3114,453596033155.3823,69282989099.3059
554.34607,1581050044054.0952,222785293848.2269
554.3808,1897518390744.1309,247209171602.7337
554.41547,897149718540.237,192431202024.5184
554.45013,164518861897.4897,69522690436.11215
554.48486,79082278255.37686,37945843432.17806
554.51953,73270743727.88416,26683691055.44018
554.55426,51312031009.78891,14133182722.425364
554.58893,5265059792.343744,1203633269.648209
554.62366,41892766495.50472,9464537252.701897
554.65833,10102186801.407606,2123877746.2536256
554.69305,0.0,0.0
554.72778,21437131343.77559,1019003106.0802494
554.76245,4853095233.05377,415218212.08280873
554.79718,34183669678.694286,4561224775.159321
554.83191,100478770648.7596,15203648611.955742
554.86658,225558831337.67197,26259823893.452866
554.90131,228552472119.70105,17275683102.15744
554.93604,161128393234.81418,23466460973.405827
554.97076,145300042018.6137,37161607650.81055
555.00549,735565113853.3768,198315482759.08173
555.04022,789938630206.3923,160411705168.2968
555.07495,480460373743.2278,79316568184.78893
555.10968,427278046507.4796,51372400767.4944
555.14441,371165611557.7138,47355910427.08928
555.17914,489561276258.8414,91763746116.24254
555.21387,379083693009.0048,67754296572.71256
555.2486,111849568057.3013,19703179944.794567
555.28339,160592920384.90842,29984282985.819225
555.31812,440114845861.9842,71771327565.88472
555.35284,576488845990.6881,69497796545.07932
555.38763,457596934957.36206,62299891730.192726
555.42236,877931649695.1185,107416636009.01643
555.45709,1181960361857.4402,158966091538.61078
555.49188,584632677312.9714,59650389158.03674
555.52661,139946121198.2029,9506431240.583963
555.5614,102530990282.04962,7170971076.152706
555.59613,84569151665.6343,5496329174.228035
555.63092,193246382430.12256,17768732892.60234
555.66565,254000204138.09048,26261365814.745667
555.70044,479395783154.84814,89558087945.43752
555.73517,1223833815774.2715,279663303082.3225
555.76996,874060692376.2999,74950617313.95825
555.80475,201527229166.6883,19550683232.452885
555.83954,45877553371.87564,5798469943.056044
555.87427,137090960206.94849,18064474336.18546
555.90906,114264317731.29095,22844494236.288822
555.94385,0.0,0.0
555.97864,0.0,0.0
556.01343,0.0,0.0
556.04822,0.0,0.0
556.08301,275006351244.4894,83813454075.5669
556.1178,323057874755.4136,59173126767.69596
556.15259,252367469177.88983,37298583066.54547
556.18738,92416723246.56557,14456955676.21476
556.22217,68128610448.966,10380685617.07695
556.25696,5747318104.182336,832835159.7768208
556.29181,22396068288.296227,3244078797.1528487
556.3266,56410149518.865326,3827675791.5144734
556.36139,75611451283.78561,6299658176.905342
556.39618,138549557872.53082,14402251628.33087
556.43103,350459916469.21246,25773268470.185127
556.46582,609907407403.6721,70582958939.88998
556.50067,343627894403.9116,35666209843.62756
556.53546,137342953183.05496,16570037793.095455
556.57025,115670986867.36908,23311396527.268345
556.6051,0.0,0.0
556.63995,0.0,0.0
556.67474,0.0,0.0
556.70959,0.0,0.0
556.74438,437073496399.5538,86694363310.2673
556.77924,521483155982.8624,149706999668.2329
556.81409,113584855281.8938,33503386629.61064
556.84894,113735488419.62843,9126102490.72718
556.88373,60907504889.83981,6385261413.968005
556.91858,64134136544.57566,5319562368.589873
556.95343,36173930411.1961,4206007436.740118
556.98828,101441145172.90292,10819290531.89245
557.02313,221189250301.82852,12386338558.65966
557.05798,655312929310.9114,10550620285.570791
557.09283,763183741453.8434,10843853052.055298
557.12769,400364635243.6338,37656095261.51901
557.16254,167369259205.10394,30398632568.19588
557.19739,174133903661.75745,44726557703.42516
557.23224,148874461188.90005,30234448377.44664
557.26709,103787875743.59344,14010821212.386396
557.302,116120797489.13828,11740973681.408142
557.33685,264009199848.59824,34624189799.68028
557.3717,1126104205340.693,156245375640.0608
557.40656,952781591656.0436,64597681520.7913
557.44147,540734622008.9875,73345928588.59447
557.47632,420091807663.0981,91035695865.16422
557.51117,232813791943.8417,36951524531.94143
557.54608,155673774806.3022,23329025369.180264
557.58093,254718986836.6122,22623733455.11021
557.61584,831865647722.1451,61432415195.98398
557.6507,2131812402862.312,351134116564.6824
557.68561,864561501157.33,81316743235.31505
557.72052,142714719259.1831,27895916797.21563
557.75537,151268535351.43137,20987654830.570248
557.79028,84948807601.68802,4887864906.090518
557.8252,61336616883.52067,7556484830.333924
557.86005,327078095670.08905,67114643910.44845
557.89496,271347337219.1157,45444316002.76905
557.92987,190277042961.90768,15594127402.694365
557.96478,519199778570.5278,13869157777.544456
557.99969,615038246469.0214,36773335656.28484
558.03461,304340120761.8694,12795537534.6319
558.06952,233382501988.26285,37913675939.8344
558.10443,125762355249.05054,25289407289.29751
558.13934,48527308104.7727,8517588033.748751
558.17426,61552611259.1455,9745786125.039171
558.20917,67287675131.00567,5587674156.139715
558.24408,50904030750.28463,2545694414.8279934
558.27899,49658893036.10717,874120789.96257
558.3139,75245591971.43645,5059201691.7873535
558.34888,58691945139.24663,7930514715.321087
558.38379,123495438337.39915,16933328737.35904
558.4187,331496198164.39655,59733125014.25963
558.45367,360476696794.2044,47048745921.26831
558.48859,225847049721.52155,15350869808.920246
558.5235,80514115270.04875,3830725240.0573006
558.55847,41041341098.976166,4707118742.212205
558.59338,40542893299.70965,1925395861.5757504
558.62836,24230094607.23157,949855340.0692476
558.66327,3187658109.268956,232991852.68324044
558.69824,50055262549.119865,4627337044.942674
558.73322,63493880471.42452,6147711181.730514
558.76813,134098821401.59772,13857869695.947737
558.8031,442793661588.7832,33440821904.74934
558.83807,587052310575.9137,37119210303.97211
558.87299,234008861975.3193,18872155805.864838
558.90796,63731303802.63709,5393437399.00985
558.94293,47699372411.95458,7861988056.897396
558.97791,35102172712.20622,6917844836.162568
559.01288,7715327206.650703,1175733097.3866212
559.04785,0.0,0.0
559.08282,24313544856.54877,3627471661.4769626
559.1178,35363019313.661064,4862973399.218884
559.15277,32787280992.212723,3632688492.080143
559.18774,31594823519.2612,2409850741.1801305
559.22272,0.0,0.0
559.25769,0.0,0.0
559.29266,15617445652.724976,627131262.0770812
559.32764,29820794755.140247,1122999977.3579006
559.36267,40210282228.71882,1020436511.0854284
559.39764,61647095070.76763,1775073268.7446578
559.43262,179713841370.02573,10233205398.00524
559.46765,375320843509.7868,26040594148.35318
559.50262,257279160019.65665,13835330623.53915
559.5376,128031241957.77068,4811453027.672189
559.57263,239326687317.8934,9209265495.732328
559.6076,238891358796.4828,10687678016.131844
559.64264,152463453058.3138,9420632477.744152
559.67761,413919761642.56006,28110740026.08005
559.71265,626062947295.8098,65113913435.634514
559.74768,372520312578.2709,53206195872.989
559.78265,403628146735.3058,56298526524.1278
559.81769,450966447950.24335,53647839278.73832
559.85272,420567328774.33545,23178842897.632248
559.8877,1115315651620.7014,56946644726.93163
559.92273,1258985003074.1206,72908288245.27203
559.95776,896525978638.9307,28475550107.06568
559.9928,416900283160.6518,22584189008.056038
560.02783,188905061047.64032,22585869516.31544
560.06287,136957845116.45988,15841132133.70738
560.0979,76581002121.95883,5669869993.011989
560.13293,153829688612.81256,12276610751.570498
560.16797,227373434212.6087,19948378951.674576
560.203,130270527876.94688,7961767193.133316
560.23804,83170930197.26842,5853433888.370441
560.27307,103357322058.96796,9608635216.339968
560.30811,318909866219.9229,31966701224.719093
560.34314,599344374073.8236,28005462375.09545
560.37823,778512696865.4816,18290222873.313274
560.41327,850470620699.413,21121951887.512947
560.4483,343593191507.5272,10043768798.264074
560.4834,60220648387.77141,2128038902.7142663
560.51843,0.0,0.0
560.55347,0.0,0.0
560.58856,5170282634.782837,490917841.6696637
560.6236,11293089652.87229,538067564.6762156
560.65869,48718353354.268295,1350433952.7310991
560.69373,88210334488.92317,1903383064.0830588
560.72882,165787603693.05508,4339529842.723058
560.76392,289493716021.5863,14019774327.744596
560.79895,278780405671.42365,8777294384.972826
560.83405,544956056847.162,18096581245.368717
560.86914,1241950544258.0542,62991358538.61755
560.90417,1320330907650.4155,68512898462.42755
560.93927,1160811605519.5728,85642843014.94585
560.97437,1173374596369.0786,65799213141.19472
561.00946,526823086817.8396,27881637243.5142
561.04456,446136234990.19226,29356469178.78773
561.07965,454494547730.8755,33789188533.161373
561.11475,170166786175.12503,11773572171.356997
561.14984,0.0,0.0
561.18494,0.0,0.0
561.22003,0.0,0.0
561.25513,64870373272.28601,3412353904.097626
561.29022,96073507712.218,8346353344.06494
561.32532,182589562266.9928,20552867353.856785
561.36041,370769192528.1115,18065845864.98605
561.39557,934284218302.2944,32843708422.718903
561.43066,1760972069348.2825,122932231023.03258
561.46576,1351459632217.9,200234012943.68185
561.50092,774057614891.1189,148143528351.29294
561.53601,495031153077.4774,48302303921.52109
561.57111,186574273864.07413,6849889277.66363
561.60626,17841743641.267223,862852716.9031491
561.64136,0.0,0.0
561.67651,9560838423.65448,811197468.551387
561.71167,93037082634.79083,12947007336.077822
561.74677,82277103797.2794,15136690846.360115
561.78192,69755043714.86375,9414302607.317924
561.81702,65226080511.0006,5156508508.289195
561.85217,123005778514.98737,14260214109.63189
561.88733,103419912291.29094,10228273135.933355
561.92249,250151287755.9047,15856350178.628063
561.95758,277104739183.482,50240638130.011406
561.99274,150367187869.50314,17701909154.242043
562.02789,327841706989.112,17124992881.540903
562.06305,277911484439.1337,29042075420.989285
562.09821,144773044482.0394,17680304369.563457
562.13336,184921642875.86032,33562361758.29698
562.16852,437754842040.5418,74500006611.64618
562.20367,570169074991.8223,73381893769.15436
562.23883,253657544937.1803,27971425541.55962
562.27399,162760668453.2943,10118477219.87613
562.30914,190832840918.54575,7421343213.443669
562.34436,448350915932.59607,32952714799.598927
562.37952,796639464472.8641,68019992280.24252
562.41467,496591060999.04126,56212551582.68597
562.44983,245848053918.82608,20284781010.605907
562.48505,299231327576.6026,35213241933.60887
562.5202,469680769412.4788,58923646596.22445
562.55536,610149890937.7543,46906182158.46461
562.59058,330556501821.8642,47162120907.483
562.62573,107929436040.58862,14973335847.90321
562.66095,80515553783.51031,8830881091.191519
562.69611,53875121137.97878,3373216903.537596
562.73132,48056427450.98347,2349849770.3723874
562.76648,54777845004.24012,5669062840.426043
562.8017,76286644706.00716,6108305559.629765
562.83691,35036478599.72028,914587825.076941
562.87207,19161304605.632896,1010589612.204707
562.90729,62168963664.99136,5403366966.229778
562.9425,116735651567.50108,5029507480.528961
562.97772,135073796478.26836,5256460527.808894
563.01294,317765366984.4909,17627265116.070927
563.0481,296644731888.6674,26188762559.039803
563.08331,240959943254.6415,20697795229.222176
563.11853,388619687944.2916,23525134130.06457
563.15375,279198762700.3833,10725104383.064716
563.18896,74223005477.56778,4593699208.803696
563.22418,129724446617.96564,7538974111.049774
563.2594,109262274465.77344,6812691351.357854
563.29468,122012441727.00449,3101598017.519535
563.3299,129276460229.2679,8554940405.905969
563.36511,147158658114.14545,10918485723.76309
563.40033,347323704019.07324,33595254504.04452
563.43555,942990549736.946,53356541690.7364
563.47083,1496133565911.357,125867481024.634
563.50604,1195372228765.2727,102383919339.86723
563.54126,504360636601.0303,56920874359.63046
563.57654,303840101289.3761,56796206840.9123
563.61176,190285632297.5948,35393801326.16365
563.64703,71408497522.62389,5954816103.905376
563.68225,69508060199.3817,2544571749.8362536
563.71753,186189728501.71692,7112434611.985707
563.75275,362453100042.1471,38188942873.9118
563.78802,891618417342.6561,181738320717.64413
563.8233,1334215185785.6465,240277165584.37585
563.85852,999545811510.3536,130890276837.41924
563.8938,448438813989.49286,52563631501.1822
563.92908,369744237305.83344,38346095505.15888
563.96436,314372641917.77045,27566528411.73071
563.99957,283784918500.7209,27086409975.53301
564.03485,279780163125.5018,34075127686.140823
564.07013,112788695920.31927,20793352297.161587
564.10541,34463978175.24829,5546675147.244673
564.14069,74598082905.23924,7568956928.142726
564.17596,79243142943.48575,4614914175.066339
564.21124,86723458226.76392,4510518823.834017
564.24652,163852800567.66733,15584881613.132645
564.2818,282202276936.6368,34691143217.775696
564.31708,187682075621.936,21371304186.53309
564.35236,103978115774.3814,13922270188.798883
564.3877,108438106480.44008,13772929476.159088
564.42297,137298545282.25597,13427847487.372442
564.45825,146750435320.29944,14241518381.289972
564.49353,415884849981.2483,22265302275.60692
564.52887,727122883016.9355,11825970918.486012
564.56415,1262404751849.504,57185443710.54442
564.59949,884250371090.8724,71005792880.00374
564.63477,531161353759.2498,26330098827.814293
564.67004,156318288361.00574,9803017655.933224
564.70538,104082899660.16045,10649038658.026934
564.74072,90673207447.24236,8284422474.145288
564.776,95555235436.916,5576042607.395032
564.81134,101139879557.6214,3384435960.8045406
564.84662,128626727845.03957,5001172336.107445
564.88196,290192116211.83984,13627823495.45654
564.9173,862110288293.3783,38900467347.00054
564.95264,773400590386.2804,19257497725.502373
564.98792,275348052076.5194,18958488465.396423
565.02325,114957738580.60678,10877859815.996408
565.05859,76360835574.19171,6527982449.203504
565.09393,56390963079.17611,6610252329.982571
565.12927,53459114952.84413,9054346574.01228
565.16461,78410769082.8746,16674700915.600904
565.19995,91574248094.88763,17143993397.123758
565.23529,178599620946.37024,19035818035.42656
565.27063,333271876942.68,18614063306.53796
565.30597,272041720809.11465,17759604024.432236
565.34131,57465020351.01765,5804850253.424877
565.37665,60258794228.72535,7015769786.930191
565.41205,101623106132.59978,11994797927.277424
565.44739,69971464651.63724,3840378351.072089
565.48273,82651145653.79616,6158502343.122952
565.51807,104367796101.01732,15294684411.939884
565.55347,143504029193.6792,15763972243.752048
565.58881,186137900131.67,11899318742.477362
565.62415,95333166715.69508,2534806486.2558026
565.65955,86002283855.83817,1064168175.6029332
565.69489,0.0,0.0
565.73029,0.0,0.0
565.76569,45545969538.58528,4965139352.241763
565.80103,75231255314.70613,5533167310.872152
565.83643,132651768789.10664,12036385997.033468
565.87177,358955635022.00464,20126995838.46491
565.90717,299427171218.6836,17056243478.357264
565.94257,110096264239.3154,7739357546.269116
565.97797,76233820369.52046,8985966705.322628
566.01331,146392533266.60944,18979517470.3638
566.04871,186519650387.2601,12454781785.579134
566.08411,256400946894.0348,10104905686.112164
566.11951,111667774221.02324,3213370200.6766987
566.15491,56534671842.71922,2706654184.323296
566.19031,60542423365.780914,1496312954.6996596
566.22571,68874453272.25133,4050456620.451511
566.26111,83702241111.01422,3049118362.2473955
566.29651,101722293231.31972,8085483817.297787
566.33191,131475010295.5133,6515171466.262877
566.36731,338003259473.1073,26997248789.538464
566.40271,517143083532.1448,33728512764.487724
566.43817,264144490283.632,16798291968.687449
566.47357,248106180340.77463,8064266915.02855
566.50897,86618251466.48915,1888478775.03808
566.54443,96112219524.35432,5776603727.095757
566.57983,183697957978.9965,12134161590.042929
566.61523,178847703667.21866,12443845792.126043
566.6507,86944072373.10103,13113528000.10292
566.6861,70499154182.1311,11720676114.06202
566.72156,120150636496.86153,10990004143.564138
566.75696,340980212189.78467,25048490077.287045
566.79242,667739764248.028,119012137177.86388
566.82782,412416611402.2477,148264962706.73877
566.86328,158380324171.115,51183567704.63141
566.89874,77858390645.82475,18602376547.04646
566.93414,34291580120.058117,4734552256.800817
566.9696,107294938607.21822,10478775542.503056
567.00507,243712029452.70605,14477398733.070492
567.04053,288843276288.58527,17501071152.873802
567.07599,156006902600.77005,18041655180.12125
567.11139,264027007159.0345,71671679702.23006
567.14685,404633533599.4345,127824008205.098
567.18231,627595132901.9,58031654567.48201
567.21777,917520773378.154,70902791442.93088
567.25323,788916794954.9315,108060918704.23106
567.2887,841654780819.6632,128297370470.63322
567.32416,876783553294.8466,103652317226.88837
567.35968,692644724880.7203,67757302481.9968
567.39514,351895367354.788,36977868400.335686
567.4306,159952201950.96555,17336108027.4223
567.46606,158161122720.47046,11227892198.951986
567.50153,0.0,0.0
567.53705,39263340746.687645,4452095208.19211
567.57251,0.0,0.0
567.60797,0.0,0.0
567.64349,0.0,0.0
567.67896,25420761287.656284,2586238739.9431357
567.71448,0.0,0.0
567.74994,0.0,0.0
567.78546,48506098440.1838,2704686134.889955
567.82092,0.0,0.0
567.85645,98390894194.54996,19446886408.444515
567.89197,216039304658.28625,38794183635.33356
567.92743,346257400761.44147,65710088598.774254
567.96295,1081668309777.547,131016127295.6134
567.99847,1348738019246.633,110132176336.05087
568.034,437051461762.9352,42041001470.729935
568.06946,29846907332.061462,5790694744.910732
568.10498,0.0,0.0
568.1405,0.0,0.0
568.17603,13106373601.826357,1248068960.7194328
568.21155,0.0,0.0
568.24707,0.0,0.0
568.28259,0.0,0.0
568.31812,8995152095.221336,3085310096.534567
568.35364,0.0,0.0
568.38916,0.0,0.0
568.42474,127922992127.6784,60837989680.59512
568.46027,23871662508.41035,9826152851.276451
568.49579,0.0,0.0
568.53131,68835452570.01495,20885937575.466103
568.56689,393542649023.1743,56464409991.5032
568.60242,884184446188.835,345760514114.1468
568.63794,1489955665574.9055,859166408401.5809
568.67352,853680464374.4564,318160488474.57166
568.70905,206191470114.5532,39331360593.879135
568.74463,0.0,0.0
568.78015,0.0,0.0
568.81573,0.0,0.0
568.85126,0.0,0.0
568.88684,102057139855.49352,7529567744.8072
568.92242,61596182975.73293,5245866560.503513
568.95795,123105403111.70538,8609412393.716919
568.99353,179163981820.9757,27746165643.61999
569.02911,59073088677.51878,14839692336.310242
569.0647,152976839875.42337,25580255193.248978
569.10028,771958349072.3009,72302227558.28108
569.1358,2202860531470.3047,98535458003.96931
569.17139,1175451396792.7434,45910205836.06479
569.20697,204739255011.9203,14777243596.308125
569.24255,0.0,0.0
569.27814,179150671301.27832,39408707831.01261
569.31372,0.0,0.0
569.3493,93866445011.42216,12853950147.348412
569.38489,261025280969.3108,28362932119.67787
569.42053,13285527198.003878,1727402052.5296724
569.45612,0.0,0.0
569.4917,0.0,0.0
569.52728,0.0,0.0
569.56293,370506893450.56976,28156621481.95224
569.59851,561048136934.852,46379100689.19424
569.63409,274109346073.03613,27541239143.02529
569.66974,0.0,0.0
569.70532,12133107027.954258,2707313712.509762
569.74097,281031687779.53595,74366552253.07425
569.77655,1261916937192.1797,276677062929.38983
569.81219,1177102824612.1963,213679802589.03476
569.84778,134316290441.52995,25654617453.010605
569.88342,129944177917.6919,28294359421.98308
569.91901,165820233801.5455,25458070027.968742
569.95465,10839867308.453815,1483909807.2173762
569.9903,56180463175.44124,10922311108.225027
570.02594,0.0,0.0
570.06152,11363874097.035446,1168661774.1413534
570.09717,0.0,0.0
570.13281,0.0,0.0
570.16846,108559276936.01498,20532337938.38709
570.2041,69333646015.63077,7482058939.023894
570.23975,87526989926.06653,9534942676.178167
570.27539,117137402657.5492,17415866426.62051
570.31104,0.0,0.0
570.34668,149223324915.30347,11781577320.91328
570.38232,80117809707.76935,5669446967.301423
570.41797,0.0,0.0
570.45361,91371874295.607,6853599337.823092
570.48926,0.0,0.0
570.52496,59944526107.61751,6379864437.193302
570.56061,27492200953.030064,3685297477.239622
570.59625,49570962438.0201,4914805651.065057
570.63196,45188166955.92926,2604441052.2646832
570.6676,47002869645.96693,2417006932.092151
570.70325,0.0,0.0
570.73895,0.0,0.0
570.7746,7552888711.479229,1790865549.8586729
570.8103,48753570334.21343,6972040296.773092
570.84595,214597986076.40387,22460417537.601185
570.88165,515475956792.51385,43469990862.42959
570.91736,100522211444.06992,6246489551.068631
570.953,124758643676.52708,8081108113.871754
570.98871,80452864148.9246,10928272414.46878
571.02441,54231520347.64372,10279243252.91589
571.06006,53364828981.16785,7120610454.824704
571.09576,183662762359.77487,8827754603.977987
571.13147,98747726946.21497,6986418806.732501
571.16718,48897171770.74799,3051871011.9493456
571.20288,70980926220.81624,4477260067.511538
571.23859,118391807023.79488,15722376536.840591
571.27429,95489033875.77872,19347187043.73167
571.31,30958661308.9199,5246925932.112805
571.3457,113461792739.85458,18444496740.77112
571.38141,105450907036.0713,11458597239.628716
571.41711,98675585927.94943,6840334491.945016
571.45282,203254744697.14023,21996525799.635067
571.48853,864807152730.598,184519153185.30453
571.52429,1115597864259.349,211561814929.4464
571.56,300057509362.5764,44757470638.30591
571.5957,392942444022.0344,69119975922.26163
571.63141,1035453421255.238,91596820798.56406
571.66718,1378303365576.1091,144160406180.3228
571.70288,283827230544.5275,18077830153.73332
571.73865,154000160420.0549,10607573572.88772
571.77435,75809201422.82298,4520162203.943921
571.81012,62389806400.85253,2699287183.2634044
571.84583,37011049413.46554,5028967135.622007
571.88159,94706272858.65749,7056619271.134444
571.9173,53058700685.41708,2004706703.9819555
571.95306,71999858839.00699,6174744707.94622
571.98883,0.0,0.0
572.02454,43651736523.3722,4990267830.644372
572.0603,184920022223.3908,12450295606.129574
572.09607,266892985226.00327,16569039236.748144
572.13184,657549731670.2788,46224156636.77156
572.16754,1588755915431.9644,229826553010.01773
572.20331,610759715060.9595,71672061493.36453
572.23907,687966398312.2748,163292784453.2943
572.27484,1889240066345.136,459702100395.43945
572.31061,897913965401.2295,131924327079.8015
572.34637,260593027322.78677,52773612314.16021
572.38214,126659569223.07884,18233192408.79528
572.41791,137903327354.8227,8187405593.954009
572.45374,385694064937.3189,42111384053.80025
572.4895,582311417830.5182,50310762198.69556
572.52527,400279322393.4858,38623312671.67422
572.56104,210096547703.4557,31203247092.74722
572.5968,195504828849.5298,15557473532.698835
572.63263,331219184508.10913,32880373803.231544
572.6684,892733474813.631,66848673997.00964
572.70416,912964483630.8276,114845611495.90948
572.73999,1112842979584.5928,181772536762.71536
572.77576,1936091847720.6416,174417214889.3319
572.81158,1601449264850.4092,93326148828.87495
572.84735,668413988043.4232,67704144003.52416
572.88318,485585136926.0407,27007487984.03776
572.91895,582266972500.9546,49419265260.09813
572.95477,153685385201.26428,11467485188.149694
572.9906,79507913218.73247,5959418352.90357
573.02637,26941442851.93651,1867126590.8890855
573.06219,13033406061.941458,883509436.4396814
573.09802,63036850744.181145,1659244858.128487
573.13385,38569483293.94543,2886624396.582267
573.16968,72843916470.9312,11566467940.04461
573.20544,173274523222.25577,26278490094.661724
573.24127,399829161517.85376,42412328280.19976
573.2771,767778973004.4867,41185061066.185455
573.31293,819601643674.6917,116834042141.20367
573.34875,424747420298.7158,41321856957.69706
573.38458,641019331114.5226,11432095162.962145
573.42041,305444218326.72186,16151306861.051052
573.45624,100080195653.69753,11175184944.244762
573.49213,113112620113.28133,10952897847.636929
573.52795,79771066595.03244,7478982269.177791
573.56378,109992123347.24104,10368158329.323782
573.59961,93992858854.534,24970184000.83714
573.6355,149729949179.61108,28606011929.178024
573.67133,223697632376.1421,7756063309.454535
573.70715,169002959693.27057,10871660615.359243
573.74304,166933178219.60803,16292657127.06528
573.77887,101959712288.2414,10773216703.332788
573.81476,135876227408.04352,20210044478.953037
573.85059,181486714489.2843,17948347203.43346
573.88647,399659720306.44025,21478108727.83785
573.9223,948854944100.2196,62271991666.45651
573.95819,1568353183357.6255,323579261567.8533
573.99402,2069722836134.807,479727296769.8259
574.02991,1360589520512.9785,238153693034.51172
574.0658,1057414796275.2437,153693219782.387
574.10168,2353663206605.323,328418909302.5424
574.13751,2343169641832.6,262689262491.6848
574.1734,528107452046.3045,33940768419.45017
574.20929,304329439843.1655,21365869647.043545
574.24518,685179926031.4739,59975453216.12947
574.28107,958507352441.9512,86234647351.19875
574.31696,538475441531.231,36641413887.50029
574.35284,169663347708.3538,12317986526.73362
574.38873,123732327351.72812,9877840469.266582
574.42462,242412274428.94135,27935052719.0407
574.46051,533429197890.802,73522634856.45854
574.4964,583355844647.6033,35171101608.64429
574.53229,255186720521.57852,7714381225.508302
574.56818,127330045048.12392,5267321518.857702
574.60413,135714801058.1388,4625784158.991456
574.64001,246035765183.27335,13687194075.578049
574.6759,194092365492.00104,14993443705.174845
574.71185,80071549638.06572,8332852465.94834
574.74774,156437544994.14893,15870851733.320692
574.78363,266383483376.3008,19598826555.51823
574.81958,357914040921.5517,28140026444.234688
574.85547,353922191760.68787,40155287658.280685
574.89142,269310729691.88263,30720775048.548126
574.92731,348582890177.95447,18973031824.34277
574.96326,891884402530.6049,40638342965.24495
574.99921,1360338601169.658,94547182001.46507
575.0351,1312002960644.5225,68678418423.416855
575.07104,857092809399.3025,43814371303.639824
575.10699,342631179498.58307,37930768923.712265
575.14288,297443530852.4913,43625493825.0691
575.17883,645409816807.9285,68476668604.38511
575.21478,649747699297.5864,63153101760.96488
575.25073,1353482076826.2913,127552908080.19434
575.28668,1779582565035.536,91952978713.6492
575.32263,818333262982.6547,58711987821.435295
575.35858,591165422342.1187,84684622739.87677
575.39453,1202668605869.1013,164930917671.91205
575.43048,1303653150660.9685,176084099423.51447
575.46643,878388627938.6621,115060462323.62936
575.50238,770973514471.2236,45930043789.5172
575.53833,580249273973.8397,33457165927.259933
575.57428,228064786382.19336,30596843480.7504
575.61029,123424542018.78027,20852268107.4394
575.64624,166266495309.33264,26842240193.20694
575.68219,526542122120.90015,82305153156.05215
575.7182,1116861928801.1626,122437759392.90068
575.75415,572004664008.4414,24087079550.56806
575.7901,197286943224.4348,7354688478.820247
575.82611,342254314483.8812,23112508729.64281
575.86206,807898166721.6573,57404670763.14658
575.89807,833432915413.3838,30845281389.62025
575.93402,259209204748.43268,5449532866.949115
575.97003,0.0,0.0
576.00598,0.0,0.0
576.04199,0.0,0.0
576.078,40069083058.07459,1494005198.9182014
576.11401,78447010601.3564,2939529572.912367
576.14996,94380745394.09653,5646884411.551971
576.18597,81662936571.25095,6490800821.252877
576.22198,85241694831.97815,6933738310.520744
576.258,115912306988.97372,12710013877.669191
576.29401,311086560416.3519,27643595098.008488
576.33002,758187162434.9415,23736757274.25934
576.36603,596984277758.1719,8668865536.334734
576.40204,499175165194.9911,17854418495.74467
576.43805,1005839970586.73,33380946241.59129
576.47406,1588556336357.6145,43024545828.33868
576.51007,1741606609191.6494,134132276910.65384
576.54608,860344135538.5994,51734019148.39746
576.58209,858332709037.9288,79886431560.8692
576.6181,597916466612.3873,68495395120.85555
576.65417,135690634248.29628,16493492595.097174
576.69019,84906675241.74669,6907710955.928041
576.7262,140506549583.88058,10888037193.783163
576.76221,181242303037.0111,12497854363.490036
576.79828,122921859065.00397,7121946250.872789
576.83429,140556438344.59338,5837906870.742015
576.87036,246510539815.39008,19617894974.95599
576.90637,219845077305.0005,22185377485.509483
576.94244,267999305962.77335,26849435366.373188
576.97845,977418474083.7948,43274009356.633
577.01453,1339173084456.214,33824577148.75785
577.0506,963773694063.0396,53117663592.32287
577.08661,934527292303.3978,87419551937.21349
577.12268,673961613284.7631,17690314447.12086
577.15875,280114881032.81537,9654233370.31527
577.19476,150970855106.3929,12738251360.188583
577.23083,130117669970.69908,15196903430.492804
577.26691,248721677625.98135,31459271487.830803
577.30298,271147597413.23352,19543858423.826397
577.33905,144679741301.10236,13179899418.827078
577.37512,141607814711.9328,21165285578.182228
577.41119,307381610574.4469,43673628312.22093
577.44727,704769426596.1758,63470572919.74413
577.48334,358976129897.6823,48337483921.44518
577.51941,9766707208.3314,1541023878.597466
577.55548,0.0,0.0
577.59155,0.0,0.0
577.62769,38041194426.74263,2228557760.170963
577.66376,102719198806.44852,4501750374.631023
577.69983,268704491064.6733,20095455051.20358
577.7359,1008300989260.6222,38257099180.783424
577.77203,1335101940729.3176,189634706634.66876
577.80811,444475032312.3743,76089870477.02768
577.84418,563474191318.6626,68206023022.82005
577.88031,665285995822.5463,42847601219.86651
577.91638,186078852381.09723,10533004098.668455
577.95251,76152786831.32634,6966400503.767455
577.98859,50509824916.42452,2201359691.6410823
578.02472,0.0,0.0
578.06085,78886619349.95564,8495962855.676961
578.09692,361924360713.4313,51099648228.11347
578.13306,696769055411.9692,97543748715.9388
578.16919,1200982169356.538,120581843376.15411
578.20532,1141064926037.4155,96099206731.5624
578.24139,1457109645683.664,128068882567.23306
578.27753,2000906741261.2207,137289123682.21158
578.31366,1167294563677.1304,93749357813.6162
578.34979,392570282537.9248,35090034263.14969
578.38593,350030434563.9771,44715863258.50899
578.42206,158384673194.8646,25641663894.954647
578.45819,83345020905.04411,8117722722.96983
578.49432,45355393611.70672,4658743626.241649
578.53046,35620159531.835815,3066070386.062589
578.56659,58764782086.77294,4360734339.375303
578.60272,69480764565.02957,4600719504.252858
578.63892,52925003595.65092,5929973188.865061
578.67505,4146263682.983927,441775136.5746444
578.71118,5207370730.2557335,493563760.46281415
578.74731,135819277459.9057,11839785770.179129
578.78351,509619885769.1943,29984889589.492672
578.81964,420841192528.50696,21204676523.83386
578.85577,217350868222.2542,4146519975.147551
578.89197,165738275109.76675,4657824929.831854
578.9281,273327886238.04663,6705694882.753245
578.96429,912614878501.0464,32818752819.356453
579.00043,844538298577.3756,20807531802.97632
579.03662,696337292407.1168,27596953071.85851
579.07281,1253404534379.5938,79024132113.00114
579.10895,1232459531426.163,125842731801.688
579.14514,479887594137.4414,84323943627.9396
579.18134,253598754414.1469,32849938713.61935
579.21747,229236817844.8208,8166296939.262587
579.25366,154011868594.3038,3864247497.708018
579.28986,556762942914.346,26308268817.96822
579.32605,307896525472.3526,29254981412.939342
579.36224,309526999030.22644,26440043166.59993
579.39844,260885644054.34647,16606250475.545176
579.43463,186724190981.91815,20268482527.55077
579.47083,355562330710.4237,44556894451.31744
579.50702,878098595920.1735,98077452592.35085
579.54321,830416363085.705,45633278838.30725
579.57941,421151104436.3339,15516182149.1175
579.6156,851811680506.4889,73922761223.30505
579.65179,1474221763877.8108,209927890726.57184
579.68799,1655510605451.7656,327998724478.7054
579.72424,1554001324204.3865,240553560761.56705
579.76044,1168849917104.7922,35489322847.87155
579.79663,750679607511.9086,14183241314.798613
579.83289,494967704069.0416,22316358618.21404
579.86908,197569877418.5181,14286064162.291107
579.90527,244406292778.9797,25626180026.170677
579.94153,236498723732.1256,15535579004.802982
579.97772,139492742273.19556,13042799337.39692
580.01398,171860430616.56036,21402247302.006783
580.05017,244332588673.74185,19149836528.43466
580.08643,358353181132.6769,20814591492.855103
580.12268,274449970724.81912,16267461266.21973
580.15887,511091449705.1367,24923295184.19385
580.19513,675474006136.3949,37061261666.80099
580.23138,239531192244.7232,12247224867.344166
580.26764,339477901880.8065,11891830459.2964
580.30383,527764691254.1007,12975151640.500214
580.34009,197535887125.5728,3436109069.988652
580.37634,92874572827.27023,2979546098.1288986
580.4126,85786327782.28484,3094917232.271122
580.44885,100700719618.43536,3797932166.7214074
580.48511,97995546453.51369,3077997629.9365263
580.52136,74242917454.08936,3795074175.3474703
580.55762,215586108878.61743,18266670279.77793
580.59387,238460150134.7992,16254990692.34005
580.63013,239063576200.6441,13822163409.250357
580.66644,541474213865.0661,32873785844.88252
580.7027,1006739545421.5492,66147705345.35656
580.73895,1264518215256.4487,67057521213.41558
580.77521,981706765947.1917,37699511135.99743
580.81152,355038709090.51483,16589427408.132011
580.84778,0.0,0.0
580.88403,0.0,0.0
580.92035,0.0,0.0
580.9566,0.0,0.0
580.99292,0.0,0.0
581.02917,25446721634.911434,3194629338.7154026
581.06549,130920535979.40974,18342289269.844715
581.10175,99807618950.63022,14058336661.658264
581.13806,111529181342.33992,15525649916.95262
581.17438,193109202929.6077,20273382478.624817
581.21063,529721895055.4816,43131451410.08095
581.24695,720156788998.5555,57285987411.26657
581.28326,337749333215.6321,25389329963.72276
581.31958,420050857465.2229,25421289700.31705
581.3559,430594220129.8954,29728862214.975258
581.39215,284124778450.11176,27231480900.655624
581.42847,237608277585.54556,17025393583.412037
581.46478,304409759091.7924,12271433858.09958
581.5011,1254228010708.276,69580660286.40062
581.53741,2834433787080.4634,184819445883.0456
581.57373,1565612365076.5676,83317879145.16498
581.61005,833880088299.4268,63644846849.781685
581.64642,391029035306.48376,50372210147.71979
581.68274,231157834494.0971,24390249233.140457
581.71906,103693570819.27573,7270490020.061567
581.75537,87569522451.26573,7783781993.374179
581.79169,97041966560.71968,11771095150.13115
581.82806,191127024575.00363,30324294267.80444
581.86438,309638327773.44727,54177176631.856735
581.90076,247170711895.8532,34835720492.65847
581.93707,121071933952.67578,15374689880.37374
581.97339,149623576844.82114,15958427109.868343
582.00977,530335139882.7871,37299528095.55407
582.04608,897152634063.2844,79430817099.3787
582.08246,683396130724.3932,83958628532.33495
582.11884,260604211260.8918,36135312368.79351
582.15515,66995624009.7465,5030022505.584611
582.19153,34416407634.32207,1741003704.9422667
582.22791,85605071421.4575,5263965634.399232
582.26422,443624946274.4091,26468502178.87825
582.3006,986632851423.0352,98718980053.7949
582.33698,462737083523.5477,68064223968.529854
582.37335,178532930189.73196,18912127813.451782
582.40973,162433329462.08865,4496228725.078504
582.44604,208255507308.66583,7690161606.453894
582.48242,579630394620.0109,76144136576.2976
582.5188,258091279593.4204,38536971907.02243
582.55518,70622255475.1944,7642373491.474849
582.59155,48768831595.65042,2271551598.9943485
582.62799,30855866423.00326,1597298577.3854318
582.66437,86995447255.31548,4152079929.101532
582.70074,251463801970.83472,17566276313.72854
582.73712,562381702645.5182,49376547457.29706
582.7735,752018881742.0516,59521964929.03715
582.80988,479736561551.60565,47638101460.7257
582.84631,356372490910.94684,34777021594.496414
582.88269,223207698806.5154,23151455437.33014
582.91907,76606901629.55609,7123945888.472001
582.95551,60747490343.34029,6207873211.101091
582.99188,107149958014.94478,12401133160.362703
583.02832,180177016760.95877,19054359302.179348
583.0647,685301700819.085,38048082546.6647
583.10114,691225026604.9221,115474540839.28894
583.13751,402276325063.4148,93076422504.96507
583.17395,391723569964.72125,102880292176.56438
583.21039,554227555307.9977,127572458984.79778
583.24677,398041408409.5763,45115653592.778
583.2832,421995209318.9095,28253683100.684948
583.31964,932701930489.6224,131358230098.58878
583.35608,652943076737.6205,109718600702.86696
583.39252,279763578391.88873,17087529364.84101
583.42889,110678578799.18454,7806462369.665658
583.46533,415656785026.1785,58074803607.02698
583.50177,335639549276.9412,77095118667.02615
583.53821,621505790872.0468,77283598472.01643
583.57465,1581376067092.9617,157346616524.7012
583.61108,1034372583433.626,55495700652.16517
583.64752,641468128618.5502,48889221929.28732
583.68396,330211961191.21857,41002135297.26198
583.72046,271829858048.4645,37384762753.20171
583.7569,391714874614.1348,41998258208.50519
583.79333,367296417697.3613,20563622369.139656
583.82977,652175956448.1504,25159702916.21021
583.86627,817887565605.7849,52904648980.7462
583.90271,400512445267.4202,26255195953.99775
583.93915,144083777779.00583,21157457060.691563
583.97565,0.0,0.0
584.01208,0.0,0.0
584.04858,0.0,0.0
584.08502,21899825212.49485,1508593164.0016272
584.12152,0.0,0.0
584.15796,0.0,0.0
584.19446,0.0,0.0
584.23096,0.0,0.0
584.2674,19588417161.34604,3158590652.692749
584.30389,84840013739.22131,12644141891.743454
584.34039,125643224526.0017,12392484770.402262
584.37683,167352182085.53592,19489884765.3389
584.41333,93100130958.98924,5151572807.351137
584.44983,54925013831.56025,4586295612.19863
584.48633,149389284357.9446,21478433182.740726
584.52283,50390761823.01448,6760268247.143351
584.55933,297820241689.93176,14438576336.7238
584.59583,1363247205625.1772,277794006988.41406
584.63232,3237272475563.292,1066073620833.5808
584.66882,2525275241334.034,929076790644.2158
584.70532,1996537580727.6555,886311129023.1914
584.74182,3751786758394.104,1669834758701.3826
584.77838,1717424416321.9375,876432564074.5925
584.81488,358413896908.14825,208419411261.4158
584.85138,124178612009.05688,33486765731.27422
584.88788,26672108760.54813,3015363779.1336284
584.92444,189231028451.29736,19047559897.733875
584.96094,0.0,0.0
584.99744,154241455009.24176,50724487074.45517
585.034,0.0,0.0
585.0705,63999849948.524765,15297608676.586002
585.10706,162179480405.8839,60733159107.28895
585.14355,0.0,0.0
585.18011,0.0,0.0
585.21667,0.0,0.0
585.25317,248805726749.7006,75292022031.26404
585.28973,0.0,0.0
585.32629,0.0,0.0
585.36279,100010609351.73515,24260972093.919155
585.39935,107185034291.90048,42467496084.72496
585.43591,0.0,0.0
585.47247,0.0,0.0
585.50903,0.0,0.0
585.54559,22840001341.13848,4661030837.30971
585.58215,0.0,0.0
585.61871,119393776902.1027,30597404325.98812
585.65527,287056669345.42883,82066014795.43134
585.69183,682988689936.0745,182911682707.2222
585.72839,70277919039.96576,9322857150.340612
585.76495,61688277149.589294,4358252888.24063
585.80151,82305926615.84546,6334092454.274264
585.83807,0.0,0.0
585.87469,21598227613.22029,3448702577.310096
585.91125,0.0,0.0
585.94781,0.0,0.0
585.98444,0.0,0.0
586.021,70776372812.7832,14461153453.209698
586.05756,241220712275.14185,42906168785.15461
586.09418,962560091291.7296,150854080224.7264
586.13074,2374086776900.896,414455298072.5808
586.16736,1221301989409.8103,369658104741.6605
586.20398,432376372908.1549,147411157785.6538
586.24054,201706811048.0745,52326734093.10542
586.27716,51027667209.52374,7949755731.90931
586.31372,0.0,0.0
586.35034,0.0,0.0
586.38696,84783117732.42816,11629849543.19092
586.42358,47533245250.97312,7834866596.278525
586.46021,96251317310.00957,10733650614.04892
586.49677,217098871226.84705,9085977410.227314
586.53339,510211078491.4913,30260621778.869724
586.57001,771592832635.0897,93870380650.8858
586.60663,1183307205761.847,123516993284.70007
586.64325,616537349399.2163,31688246540.609898
586.67987,362554871556.8351,32714546934.41652
586.71649,692790090349.0052,87459206644.66118
586.75311,380756338878.1215,42402420104.51386
586.78979,90443254000.55194,6374457082.188986
586.82642,0.0,0.0
586.86304,83042068003.02689,3277739479.770144
586.89966,272452849361.9389,6991498955.386718
586.93634,177366664143.08716,4277349034.542466
586.97296,44953171320.52392,1908349794.3619008
587.00958,0.0,0.0
587.04626,95375852950.48,7748434226.585609
587.08289,100976095785.53313,13129966578.997974
587.11951,0.0,0.0
587.15619,46661045176.712006,7946361506.920774
587.19287,41998523969.28291,7684114938.576571
587.22949,135519982371.56808,22556815410.710907
587.26617,346725752602.2376,39854040018.825096
587.3028,333778854192.58405,23825917183.60858
587.33948,277492797927.6197,17322806289.362274
587.37616,287293397658.1369,27303974285.04752
587.41278,604513132990.8312,75920727925.06126
587.44946,683457807682.4004,92768082443.69637
587.48615,321501970784.35724,55110927440.569305
587.52283,116531086498.11174,27489537742.49494
587.55951,4286021694.241115,1117629897.2119029
587.59619,57089664411.13292,9063078825.76284
587.63287,174959606245.93457,23442978504.41988
587.66956,240269631068.43173,34078984628.175385
587.70624,501548572046.6352,61344712395.36179
587.74292,1666953515981.7266,185256119631.0857
587.7796,1787577208935.9736,134224388347.908
587.81628,876109400545.9489,68804072177.65857
587.85297,1295791412243.9348,167716836937.9137
587.88971,1574125727680.5132,133625775349.8875
587.92639,731415248070.0702,60825506843.33741
587.96307,189251675330.96472,23479156208.41918
587.99976,71801604525.59216,9739585405.615265
588.0365,75909389248.94766,12669371409.254416
588.07318,31092933924.016613,5188033769.159729
588.10992,51061929319.37001,4311823260.82076
588.14661,104017125159.49606,10910335078.540054
588.18335,12714243471.31494,2267666305.180219
588.22003,31050862911.089325,8105475280.034106
588.25677,31756848553.55389,9810074296.927649
588.29346,34108166346.65525,7781611314.928338
588.3302,39828428804.41437,4291468874.330585
588.36694,41563152247.35703,2798093481.438596
588.40363,54959898213.45566,7451114845.300714
588.44037,477977071723.0314,106553938542.37212
588.47711,1253373609914.4404,329004537864.2605
588.51385,830898963568.1263,119314424552.99274
588.55054,419066517077.4767,39032231226.72032
588.58728,513028776015.3473,78613418972.00249
588.62402,605608833482.3923,141552104222.0073
588.66077,518780120639.0231,88326577363.38118
588.69751,290923199935.293,37103740085.17985
588.73425,179650948041.65137,26637113830.491997
588.771,204741379255.33328,20833958279.17384
588.80774,249625741645.00836,27757292057.26008
588.84454,499206133211.938,46930380102.58971
588.88129,1079698574225.5082,64652609551.54705
588.91803,3848672681713.6914,388753984428.9095
588.95477,5792168778180.127,1260143687394.3774
588.99158,4556846840860.683,1310663050796.7004
589.02832,2512424793564.022,390901536129.1508
589.06506,1761214607599.4243,129834748865.63272
589.10187,943711856711.4344,131496376055.0881
589.13861,308389663478.0045,36815412223.49222
589.17542,162901617444.0471,11754731735.074566
589.21216,141320586531.44846,8059282923.635672
589.24896,90463601474.36618,10114365451.643309
589.28571,50619732979.608864,6229076715.054261
589.32251,105871529260.14052,15444507081.05848
589.35925,189850829761.35648,32411645058.739624
589.39606,583338631747.8595,57624116092.14074
589.43286,402113488554.1354,24400285002.33433
589.46967,150044548468.93967,9808713582.44998
589.50641,158447371823.4416,11143507827.498678
589.54321,36067622897.13178,3540176574.263136
589.58002,0.0,0.0
589.61682,32052963052.45786,4020865423.393632
589.65363,159048454833.7224,23019807938.610424
589.69043,137455702782.82037,26694480485.352875
589.72723,110986107457.04086,21185945716.68933
589.76404,166067696762.76904,17542280783.4949
589.80084,221523532847.8191,24779288901.96349
589.83765,430528722914.9924,78091375095.67189
589.87445,624783898269.2566,114661319429.49088
589.91125,656681139862.3434,67739936684.91562
589.94812,344913859756.00104,38885230230.45065
589.98492,133177239474.32497,7132034220.621145
590.02173,97886655821.98927,6136119336.06889
590.05853,54514732520.04751,1378863360.0181026
590.0954,47672461678.412544,1823124032.9945488
590.1322,45696847649.43181,8431168271.547355
590.16907,80314497165.0717,11955127001.897928
590.20587,75993541220.37425,2943975096.110212
590.24274,117511913533.36626,8688450270.53221
590.27954,5872844572.322176,672743295.3402854
590.31641,0.0,0.0
590.35321,0.0,0.0
590.39008,151542037561.974,3810054040.0571327
590.42694,405928883138.35205,12514821000.450802
590.46375,1605450020401.4526,107872073515.4926
590.50061,1782988388943.3516,125301220684.1068
590.53748,846707603721.9481,47694595894.07613
590.57434,194476106576.53363,24126612852.04981
590.61121,39949259464.92681,5678834613.999768
590.64807,110164833195.60852,13415316655.46408
590.68488,176440843703.39142,23935501985.61035
590.72174,912268737680.4882,70626325918.80948
590.75861,1125752198991.287,91479244839.18744
590.79553,392797003697.8248,50254634924.180176
590.8324,309230726028.88947,18657878902.672283
590.86926,9885082138.254396,836407186.6292349
590.90613,121232321967.0951,11812490645.871584
590.94299,0.0,0.0
590.97986,0.0,0.0
591.01678,45125486242.58038,2663571035.613494
591.05365,40629297723.18153,2121631520.4472196
591.09052,94875759271.22736,9124758271.942823
591.12738,23746919200.374638,3644654112.13744
591.16431,49702358041.45883,7959270826.359452
591.20117,37996806532.92731,6184309870.885083
591.2381,60764354781.79212,8449871515.345071
591.27496,127963344295.14133,8001533615.177459
591.31189,447140378278.89,27841513858.241848
591.34875,357930361027.22845,14766771554.419888
591.38568,327475074584.96967,13172017464.785685
591.42261,0.0,0.0
591.45947,40797495184.46851,3997385249.5906224
591.4964,328660314143.6826,70631852524.1058
591.53333,217946312313.1692,34628533434.21706
591.57025,85139625897.00107,9703664607.400002
591.60712,0.0,0.0
591.64404,59024165668.04979,5065529328.803091
591.68097,4874646957.533006,527121053.8812469
591.7179,51124254766.02976,3578526437.570562
591.75482,70397598999.70566,3946527060.7036304
591.79175,133312971830.92838,15905357188.73189
591.82867,297050520177.067,59475537386.23869
591.8656,319040223721.7441,62175779767.47071
591.90253,420461079178.7184,60247000621.375885
591.93951,484745527945.2164,28217557326.216927
591.97644,159372475711.0456,3640440438.0256553
592.01337,104378473162.72856,9124789557.428574
592.05029,218937143253.4625,26289009293.289143
592.08728,817528677054.2859,147502138019.61475
592.12421,1212252018022.53,204329087470.59955
592.16113,524149286087.54016,93264839434.17032
592.19812,119250891512.62256,15993172850.647287
592.23505,57944987434.24857,4633206927.917522
592.27203,57406839624.14427,2568976640.0356174
592.30896,74032638293.06242,3116876577.9891286
592.34595,77067605145.01976,4483698294.514547
592.38287,168631988477.3263,13099843052.256496
592.41986,578603808052.3501,60714733378.91203
592.45679,734376105737.9468,104997713425.75365
592.49377,366565908164.19495,59170947708.62158
592.53076,540318537528.3804,61091652604.1132
592.56775,1015543582115.0684,60586104186.04467
592.60468,884459053304.0516,84895016520.51537
592.64166,304582988281.0242,25045204444.03426
592.67865,156729019048.94308,16889007460.178646
592.71564,269037351272.9726,23700605481.56233
592.75262,322662428964.0825,27955820016.563923
592.78961,211579605152.54465,31110224168.78899
592.8266,136274231751.73,13009845175.348495
592.86359,137487698785.29822,3449355128.192084
592.90057,314882042266.8741,12211399734.939491
592.93756,1092110552801.72,57824002529.52277
592.97455,1481056043484.869,47155308707.77059
593.0116,1239354750022.816,74756885798.52707
593.04858,1719725982025.8184,167222493171.21545
593.08557,1260560071407.828,121228978168.47054
593.12256,346369304771.62585,33970250889.59171
593.15961,164751194168.11606,18606588330.410576
593.19659,601770354911.1616,61733524184.56067
593.23364,1834152263113.1345,146676254683.70758
593.27063,1822463969631.4956,141345141435.94003
593.30762,1115507226446.546,82678425340.17467
593.34467,428057440112.3608,25479971603.4802
593.38171,359629507005.4692,21796710973.25424
593.4187,854408672344.7415,52080273080.49308
593.45575,949724417900.4408,51137368590.17487
593.49274,369098670370.5192,13915644337.795586
593.52979,195871681969.4069,8622967519.997885
593.56683,371473234015.4693,17907071705.76076
593.60388,219729707412.2637,13328226828.360714
593.64087,0.0,0.0
593.67792,40136655906.84937,7105731167.536798
593.71497,128819219985.83849,21180420550.077354
593.75201,145975936506.4782,14423854504.392706
593.78906,245521716336.48892,16262739273.270052
593.82611,202378215830.0829,15673932181.36426
593.86316,437354176894.0113,27478451023.16156
593.90021,1152919753591.1694,63403081331.617714
593.93726,1761770493378.3025,161756385419.88126
593.9743,1093032918490.7303,146106029503.93765
594.01135,531111989477.4854,72204120849.49792
594.04846,550651423836.3108,44519170914.122215
594.08551,171482371638.5556,11568817192.645151
594.12256,86369763645.14273,9114291073.274384
594.15961,113125356098.16978,9071215856.962444
594.19672,221036390998.8285,9351211640.697355
594.23376,166343361027.16632,9026619996.183466
594.27087,0.0,0.0
594.30792,29145743914.774982,2221956803.116849
594.34503,178386365489.24384,16852027385.245924
594.38208,273346080466.36624,20912953022.75185
594.41919,311153486903.3279,17854121412.980312
594.45624,133984635405.55054,13501946846.038565
594.49335,69238560121.50906,9063355218.015604
594.53046,110748200385.45706,17270926303.54073
594.5675,250532555875.6283,36104308405.07826
594.60461,275446449798.7269,26990555393.263527
594.64172,155753538178.3779,13642550076.374956
594.67883,182665938211.6761,15061393478.18874
594.71588,215793362492.89084,11969795598.85226
594.75299,137144432774.7898,9916982660.093548
594.7901,0.0,0.0
594.82721,0.0,0.0
594.86432,131589627593.42764,21962291427.160084
594.90143,478653234528.1792,60745721710.0644
594.93854,462329289396.8397,45791964635.72642
594.97565,275729910724.3467,31822672970.2778
595.01276,533546292688.1776,86199253008.2765
595.04993,454680300859.449,90174231124.3076
595.08704,232137747029.44092,37437450710.34265
595.12415,230737097567.7357,33116791227.021828
595.16125,472570801575.85895,59880818069.95718
595.19843,612293863348.6981,98722749541.69272
595.23553,432835131239.40216,65021547701.29739
595.27264,203662674881.9012,25587665045.909992
595.30981,258768990103.70807,22952333541.11733
595.34692,548355387487.015,30903366246.84059
595.38409,670540953797.2375,51790774901.83497
595.4212,1030082426163.436,90368562007.9628
595.45837,804566525849.6022,82814217799.89406
595.49554,183937733150.8532,17165033280.858284
595.53265,150937699221.22864,7556969670.976703
595.56982,506508533361.3443,22260397206.43542
595.60699,1027824181901.2092,72109340099.9592
595.6441,796500140379.8533,80568954752.04655
595.68127,166002046606.6458,21146008449.05281
595.71844,37176651393.055885,4507523714.984095
595.75562,34916614910.02897,1775066593.8943636
595.79279,147413082813.42834,5054398621.267135
595.82996,292151556564.2568,20448447589.43948
595.86713,695608540487.1307,54848011643.980576
595.9043,845190995060.4031,52258917978.50818
595.94147,439810685221.7829,8860293820.416445
595.97864,283395803953.1422,5879565785.662111
596.01581,123922192585.70462,3419371467.0357785
596.05298,75633502106.99016,2067146618.7817075
596.09015,47000516736.0536,2028860850.5507765
596.12732,68305565356.151146,4095634264.3650327
596.16455,109575569769.78258,6251047489.622641
596.20172,228401889013.28445,5025298762.508842
596.23889,298596471839.40045,3633913618.159121
596.27612,678368692045.5762,23053586197.310875
596.31329,1508401053756.3416,97360096349.0779
596.35046,1845888703147.9597,257982853988.07025
596.3877,1120605854708.6565,201224125105.59103
596.42487,489599077107.0017,51115904432.31793
596.4621,225824634222.21332,10390994240.517897
596.49927,135079757226.12624,7834406733.076975
596.5365,93356594089.4133,3761494028.949835
596.57373,65644089043.56585,3129499978.7948523
596.6109,71339609675.05156,4388055468.101425
596.64813,70424082671.58386,1842919821.42864
596.68536,0.0,0.0
596.7226,0.0,0.0
596.75977,134144521316.95612,8913095155.382298
596.797,238042026083.16257,21740265928.33449
596.83423,295347165966.0112,37692410374.84312
596.87146,424727662539.07166,65396032694.2502
596.90869,173100797306.1481,14687135683.891418
596.94592,125196301856.75598,9559355347.923103
596.98315,242580957257.52692,8857239717.588152
597.02039,763033504499.0695,31299460587.851315
597.05762,1443137811509.486,71312809748.19685
597.09491,540128601619.51953,60892921058.79007
597.13214,153371663359.859,16747513102.89029
597.16937,135307532915.58464,14690299826.612589
597.2066,165840391899.62015,16351472766.725817
597.2439,302615060510.4628,22623718317.688007
597.28113,322784661988.1401,22581674349.083973
597.31836,185916737472.9279,11046404982.322285
597.35565,194055886441.9564,14942997207.26837
597.39288,136078853396.8493,20213381922.986923
597.43018,121439535503.3969,15180471254.154505
597.46741,141072477731.12573,13389645325.488316
597.5047,154387926254.4697,12845022430.611244
597.54193,172025015234.5139,16933214301.414652
597.57922,442099108381.807,59245520847.917
597.61652,1145820234795.1875,138858187719.0916
597.65375,955238759081.3754,117206769672.24184
597.69104,355093958415.83563,23289491464.36029
597.72833,227225027153.5438,13081535066.064426
597.76556,475858539300.11566,21110772256.22013
597.80286,1177941883245.9822,105061870917.7384
597.84015,1412298363086.994,110547499814.4786
597.87744,1380777151463.8906,55916063504.48567
597.91473,679639826769.2775,14764192110.51646
597.95203,279584045288.68604,2662868053.694856
597.98932,182090221495.49268,2798127009.967649
598.02661,141343574823.25345,10426714306.225967
598.0639,133617127604.0582,11500003182.78398
598.1012,278113137930.5374,18752115655.39488
598.13855,252340965705.83737,31036115371.172928
598.17584,134336058673.22874,18173233073.093605
598.21313,172019712830.58038,9249537967.06915
598.25043,153918932469.45844,3009229475.147479
598.28778,354724273337.2375,8298074491.021599
598.32507,816117770276.1305,36579542524.64104
598.36237,733547486375.5488,30099395832.062256
598.39972,594016426843.2274,80437782989.60428
598.43701,478647748235.0468,40822269794.2999
598.47437,198218103055.57663,6080933805.370563
598.51166,120635979501.72604,2944948797.4427733
598.54901,100884651803.2554,3390311852.4415584
598.5863,108716334022.60048,3098007169.0763984
598.62366,162179709106.31296,7980085454.576784
598.66101,264670929478.45047,34255565909.858746
598.6983,489480534326.49615,73310928437.79504
598.73566,660305205096.8958,67970003220.19927
598.77301,1286505866060.826,153322797869.20337
598.81036,1312582318596.6711,85767615711.44177
598.84772,525302773115.1461,34968614289.827644
598.88501,232210321965.8904,15653366041.855768
598.92236,249599581820.65976,20736861896.925137
598.95972,197224673299.3041,20885107089.305763
598.99707,336077261293.0928,20953510865.92607
599.03442,656233738618.2633,14669807477.101448
599.07178,565738917205.3448,30144384182.13953
599.10913,358321804411.99384,12748753290.62705
599.14655,118641983955.2758,6380082920.610294
599.1839,45192471398.35185,2749714767.473974
599.22125,80084665765.83319,4534867727.392961
599.25861,103205343551.26422,9793859343.98656
599.29602,175028988249.35037,12401753611.292522
599.33337,586673283543.7771,29367001812.354294
599.37073,332984400771.7094,34642629296.720856
599.40814,122056507535.57487,13849538547.267256
599.4455,110923601724.63014,11348050706.516497
599.48285,194250203800.80023,16104213947.173248
599.52026,310538277001.2005,25511669889.90344
599.55768,195853801077.1245,22708577152.383144
599.59503,110123047117.30975,12779478724.373772
599.63245,203331512435.07104,31554272294.044567
599.6698,400150239975.9642,22150837739.303688
599.70721,670530689224.6327,33138539520.9454
599.74463,1183110820175.3396,176082635060.78317
599.78204,874869369158.1495,132045781003.32388
599.8194,298271073191.4495,46477885203.55215
599.85681,205250562613.0644,34983311497.898285
599.89423,283636487374.2013,44050647039.10792
599.93164,808331630753.8701,60979422083.63659
599.96906,1327051592003.5596,47273435701.29852
600.00647,1353215742332.924,75764744425.70534
600.04388,668960093563.8097,42420129381.091385
600.0813,293988185811.4217,36446395383.57919
600.11871,159714811235.62088,22512680243.841244
600.15613,148038151814.0012,15900963832.14484
600.19354,126945666490.86696,5771758278.172555
600.23096,323888239438.3069,5169075077.278992
600.26843,1103019142031.7896,27255458093.140533
600.30585,1534242548450.416,29976293675.858723
600.34326,1006587705212.99,52965508203.884346
600.38074,276656067970.55347,22821005354.62888
600.41815,147102946833.49368,11199245078.295082
600.45557,304600240238.2013,11228881843.960232
600.49304,556605033328.0059,30293694861.322872
600.53046,436951165381.722,70233854944.15121
600.56793,222182703208.0595,49378222826.13451
600.60535,313137931402.6807,59047229193.3498
600.64282,1082265722961.0372,117457709729.0523
600.68024,1918087537665.3845,147280296395.03015
600.71771,1327861497134.2651,122594080651.30289
600.75519,650072763653.5162,82391850657.381
600.79266,273574070473.89243,28622441952.3469
600.83008,146265880026.74274,9402615464.755713
600.86755,110671622437.16272,12353457753.720491
600.90503,40188864564.47857,5640561962.648288
600.9425,81484725030.36905,8820175427.810455
600.97998,113283146700.51749,8328156957.171125
601.01746,231223889294.7804,7836555030.881306
601.05493,743783142584.3551,33511727586.75005
601.09241,2390718043957.669,223031131069.31775
601.12988,3613362738167.903,360432774148.2581
601.16736,3796135906419.812,296675718480.8892
601.20483,1884427657402.2595,178491889800.6609
601.24231,1245926896487.2104,109851382891.73688
601.27979,1364703863687.1785,85644583297.22871
601.31732,497420301813.19366,28112079060.05111
601.3548,187771404150.38385,14565439298.979471
601.39227,18193929884.961727,1411828546.861585
601.42981,0.0,0.0
601.46729,161780958517.89188,11058943504.353989
601.50476,53373653568.27732,4158700702.1338873
601.5423,194498179415.504,19950320595.823624
601.57977,1429216268407.6152,309499348765.38043
601.61731,1624181184570.55,358004797834.81323
601.65479,814705574927.2922,120536419041.58542
601.69232,944153145973.4202,81590084644.23106
601.72986,1272613995112.5427,83655782464.92891
601.76733,1738291717441.0566,138751192973.86755
601.80487,1347491196174.5886,124271546444.09134
601.84241,974521410001.3868,112950184204.03766
601.87994,300643921468.3615,42834017633.9975
601.91742,56024061725.02863,13031732664.427628
601.95496,88039923429.71437,18237266529.00265
601.99249,170403130329.5179,31395781604.645424
602.03003,135308685849.88872,27937143943.40738
602.06757,245184177285.3373,30076099104.52132
602.1051,590445119171.7626,65101028764.8449
602.14264,1943382460188.3208,250022808554.1271
602.18018,2054845174936.756,186471093200.32123
602.21771,780962486912.4274,58812044746.503456
602.25525,189853427248.0428,33868893587.40043
602.29285,207479762191.4344,59790417130.284
602.33038,116274892452.58638,16981799511.305868
602.36792,25254868710.55909,3164278526.98803
602.40546,240238362083.1653,42754864364.293015
602.44305,911941729717.0724,285122102007.3513
602.48059,2122569303949.0571,958288308401.2848
602.51813,2232675415963.282,842758214991.2694
602.55573,1308349320459.0784,300598931728.1669
602.59326,1564987403394.2434,191184337491.4929
602.63086,1605878412108.348,339278884580.5302
602.6684,539692570414.5271,148039830924.78934
602.70599,0.0,0.0
602.74359,0.0,0.0
602.78113,188732158244.07483,39036036388.66233
602.81873,203709688421.1055,55003188752.76557
602.85632,92680119647.10114,40344489246.14452
602.89386,140882592718.14133,83558968647.84639
602.93146,23056969041.986725,12615447276.537378
602.96906,0.0,0.0
603.00665,0.0,0.0
603.04425,0.0,0.0
603.08185,0.0,0.0
603.11945,77060942035.09996,12879671482.063644
603.15704,0.0,0.0
603.19464,21098421638.982567,5114577101.091249
603.23224,125740970290.2665,33904706793.457497
603.26984,0.0,0.0
603.30743,136663379393.19868,30396011018.068897
603.34503,156280880495.00046,21228976003.89214
603.38269,0.0,0.0
603.42029,0.0,0.0
603.45789,42542042767.33052,7032161621.293718
603.49554,86491096825.88109,11897902986.964972
603.53314,0.0,0.0
603.57074,52372141880.87399,4720266326.543773
603.6084,42199168955.07802,2312961654.338705
603.646,601597993152.5673,69480275219.10411
603.68365,1497374832739.9504,304707046453.8678
603.72125,662320210367.9878,135160834173.4487
603.75891,146424123651.0406,14092794627.105078
603.79657,188589513763.42056,11469505829.59013
603.83417,157029805487.76862,17056888529.238695
603.87183,0.0,0.0
603.90948,0.0,0.0
603.94714,26971289770.05123,2513813628.0312705
603.98474,17992222402.151672,2570560081.73353
604.0224,70039496208.07242,8963159875.88565
604.06006,135724345970.97067,16338988891.253494
604.09772,98125051733.8806,21556392186.54951
604.13538,108114653532.78345,17931296113.957233
604.17303,342907202526.97845,53192814029.594696
604.21069,795947270966.5386,162545578527.90112
604.24835,2184189242733.911,243581585365.51535
604.28601,842027228794.8469,61648074646.21911
604.32367,21144127953.098698,1003203543.7514132
604.36133,199781079394.0755,12959238671.809525
604.39905,162729109255.0838,30226441188.797592
604.43671,446561115966.35535,122930729651.30098
604.47437,1153478836756.1812,260940168174.0908
604.51208,1460104801133.911,342441959977.18286
604.54974,949153413469.1304,146503624890.5312
604.5874,199785601274.22205,29779076166.361683
604.62512,147259670236.19736,16675137784.106705
604.66278,75499438337.54669,7726336610.597533
604.7005,0.0,0.0
604.73816,24861518819.88988,2569325403.17802
604.77588,94115439280.42984,2688017575.1861115
604.81354,106443090432.07896,5516387346.192322
604.85126,0.0,0.0
604.88898,90323794102.86668,8313146635.04695
604.9267,74934621690.42416,2176829720.606871
604.96436,0.0,0.0
605.00208,0.0,0.0
605.03979,0.0,0.0
605.07751,131754846666.151,28068848001.170696
605.11523,5482955851.522348,979298859.9166392
605.15295,505376949958.33466,87821749814.31902
605.19067,632850017650.8008,47215598477.13464
605.22839,217447152927.5209,16811505725.959444
605.26611,60276682704.50948,2251725191.0621037
605.30383,0.0,0.0
605.34155,17178146021.941484,840503535.373362
605.37927,0.0,0.0
605.41699,26830271629.642338,1548343018.48114
605.45477,56761048576.2576,7491037781.069288
605.49249,196521476283.57263,25666315375.948498
605.53021,10678328425.908789,1860094480.409129
605.56793,49161804918.07276,2607732630.4191155
605.60571,937889901440.3828,70879802052.83182
605.64343,672807360033.1049,28457026866.751797
605.68121,261099931085.55832,29560847696.13757
605.71893,137120192994.21931,28694112731.529324
605.75671,84782853472.04936,20256663159.44272
605.79443,46977353555.84695,7567765384.314636
605.83221,36775361919.11766,4514704399.801319
605.86993,157277253327.43976,12548940714.72714
605.90771,289600204354.7592,2605003194.6204844
605.9455,61939201061.1073,6714408933.852595
605.98328,143831260837.06607,22446678044.822853
606.021,100606930499.823,5112855985.386008
606.05878,189841410003.92307,12447594263.756512
606.09656,567852144499.2167,17895782027.79055
606.13434,1582624057325.4548,258094922334.35056
606.17212,1533092431072.552,272667252644.06317
606.2099,602031853028.3765,141442176281.9213
606.24768,46051364771.75495,10849143847.568024
606.28546,0.0,0.0
606.32324,0.0,0.0
606.36102,176579150594.5929,12924168316.95125
606.3988,121010472281.79524,3530717173.565984
606.43658,59406340585.59653,11452895448.055271
606.47443,10055864787.719503,1672492859.9927893
606.51221,170146938241.5188,3971127648.349262
606.54999,218348108680.64136,26408511068.953163
606.58777,210460499159.5488,33879939824.18658
606.62561,452044251809.0069,39764501696.92301
606.66339,1158692206584.1782,87342706779.7408
606.70123,2301832620556.7114,90256731182.65924
606.73901,1238136442261.0544,146366914384.15054
606.77686,364056212853.6186,42792115030.93481
606.81464,189708342788.4849,27186403858.712856
606.85248,176789964271.17877,13521338572.15566
606.89026,182262498834.53708,7563798308.751016
606.9281,195008460762.04214,18685118482.728065
606.96594,167322045888.99695,36760248842.22179
607.00372,114033757190.9845,21586958559.096363
607.04156,127393344488.91338,17273558306.65164
607.07941,102257522153.39584,9797120236.856155
607.11725,136219013035.48656,4975765811.6155
607.15509,119946566163.43011,5698426488.963688
607.19293,448819516409.259,30232574048.585182
607.23077,1519446389284.9385,135822386979.6811
607.26862,1335710721699.4175,161787922437.43704
607.30646,981318013746.0288,68974446637.28963
607.3443,790308866415.3811,56660726015.07485
607.38214,88143849315.04192,7502786240.074378
607.41998,147895473768.1926,9820511019.334448
607.45782,176931979113.68857,7740773396.41997
607.49567,577546891984.4547,40400577468.27269
607.53351,2399100022849.0923,154403474534.50342
607.57141,2554701431434.11,178172407343.57413
607.60925,1512599280840.5771,76716958740.22073
607.64709,616710021294.6093,36069072747.73255
607.685,239384741449.1911,37112583638.52303
607.72284,163494808193.62878,30326642274.426598
607.76074,86595786461.04552,13884646509.320154
607.79858,95070346368.39862,15249725453.711378
607.83649,73965909590.49205,10868611646.042795
607.87433,129494420027.71852,10051139154.57308
607.91223,127202799337.7355,5613056874.881961
607.95013,313494915301.96857,10545026159.436792
607.98798,819741689592.8938,27360354422.73203
608.02588,497425204088.7708,30391937140.797485
608.06378,205552480844.11963,13637082204.613104
608.10162,91862394352.07674,7856888467.482717
608.13953,207530440940.7819,21370262444.09494
608.17743,403405650658.2189,42122939917.84283
608.21533,24609467136.37791,4132532627.212727
608.25323,103077544292.79756,21773096921.155136
608.29114,111169083197.91711,17088239097.233353
608.32904,125431379225.03436,8207773233.6365795
608.36694,372869949507.9258,15756484335.969095
608.40485,656554496963.1906,48705536305.34913
608.44275,279679371629.5163,32023331423.41461
608.48065,271914980923.93344,26578308843.095387
608.51855,949890151370.8822,61052401427.59368
608.55652,1243924323013.5444,9492706861.643934
608.59442,491914249859.6306,9385560024.975245
608.63232,436211025907.4243,18325704716.630836
608.67029,170250222052.6702,10543676584.53311
608.70819,23497347701.81004,2296547959.2254424
608.74609,5577690763.015239,541140458.107879
608.78406,45542925951.34598,4516534189.566079
608.82196,34927770092.95705,4501468362.01705
608.85992,42186398719.658936,4638094344.886148
608.89783,36992604897.51228,3107939990.9006977
608.93579,36147744423.83444,3442689574.41114
608.97375,5107733848.258464,521805742.8977692
609.01166,30150522632.561417,2876451969.272572
609.04962,55975880831.41685,4340897923.432015
609.08759,171411420328.32797,14899800438.547512
609.12549,420674461508.9045,34501740558.800934
609.16345,253002149225.23767,5760191405.777578
609.20142,203636597318.74576,6782247602.674725
609.23938,219126260162.6307,14418008194.663267
609.27734,84256168370.03221,6219031912.529958
609.31531,12159165388.093626,802552651.5672382
609.35327,68876939112.28214,4738520952.647247
609.39124,31293178619.14946,1444239386.7565696
609.4292,0.0,0.0
609.46716,65695850628.24136,8516325456.463016
609.50513,0.0,0.0
609.54309,0.0,0.0
609.58112,0.0,0.0
609.61908,0.0,0.0
609.65704,806608050624.8683,43956824488.91917
609.69501,2156741486015.326,241165920318.5493
609.73303,1883485927598.848,253787741775.92496
609.771,922414911243.6451,94551805467.48224
609.80902,745048958469.9517,69671472327.99722
609.84698,188227826489.2628,23138386091.285587
609.88501,133331389814.9446,21877445792.0114
609.92297,61213357719.09754,9987032304.84011
609.961,83655145834.39058,12845711785.575752
609.99896,67082030098.296745,9070739408.807207
610.03699,33444870519.962578,3979605335.427092
610.07501,0.0,0.0
610.11298,21188773655.988453,734254959.3513983
610.151,103711855352.90878,7710185292.728809
610.18903,264141390955.8257,48296493196.42118
610.22705,159113865536.65256,38466416055.07362
610.26508,79036597812.10345,16331539290.804306
610.30304,41651385063.987175,6165601545.070345
610.34106,49918594049.64073,4471514878.439927
610.37909,184379547712.26492,7887219684.662475
610.41711,345109240328.63525,18099293493.131725
610.45514,186232634721.8384,14159962548.03716
610.49323,0.0,0.0
610.53125,0.0,0.0
610.56927,46609294577.11923,4455917118.875187
610.6073,74889685311.45317,3200118609.946404
610.64532,75331349943.47418,4362725478.898726
610.68341,81009412415.82092,3857893540.1179
610.72144,108629687683.42532,3630430762.785867
610.75946,128785035950.718,10075807656.538052
610.79755,183521569291.9044,19903266569.727623
610.83557,236340639209.56027,28536230510.394794
610.8736,140866412065.32535,13236023438.333933
610.91168,0.0,0.0
610.94971,0.0,0.0
610.98779,0.0,0.0
611.02588,0.0,0.0
611.0639,0.0,0.0
611.10199,0.0,0.0
611.14008,370824277467.2544,9527378064.48448
611.1781,583094317526.9902,37212434523.16
611.21619,64599613971.32754,5792620249.615403
611.25427,66128475475.04994,6261826965.034846
611.29236,0.0,0.0
611.33044,0.0,0.0
611.36853,0.0,0.0
611.40662,0.0,0.0
611.4447,108512180091.9874,11531062891.785025
611.48279,331929187799.6686,17270786789.70955
611.52087,948820082064.9396,78671347898.81186
611.55896,1301059193053.24,154645141984.36752
611.59705,784448265020.1775,97465983936.09048
611.63513,21931214252.423565,2046791438.5039585
611.67322,0.0,0.0
611.71136,168184887177.6863,22375240145.628048
611.74945,551357834626.4027,97014021305.68266
611.78754,640835520185.4989,102855813749.7553
611.82568,385235844702.6365,62733354848.9516
611.86377,25459322314.62739,4314265082.961059
611.90192,118248009715.67888,17345877464.901398
611.94,0.0,0.0
611.97815,0.0,0.0
612.01624,63589310726.68194,6213436327.274391
612.05438,230080602343.5323,11945276696.697931
612.09247,170912728314.27774,6274583736.402769
612.13062,175377692079.1981,9758104517.8411
612.16876,173346692692.67133,7905383995.911184
612.20685,436305611897.6144,25448462916.09095
612.245,238106567059.1103,15743704299.731808
612.28314,624312430754.0868,57788730610.307884
612.32129,790762430964.6211,81754592838.42609
612.35944,183582818118.56323,8193434100.855256
612.39758,84292321194.79684,4397157903.898315
612.43573,139212304971.32565,9375055827.488523
612.47388,453536272195.8459,27258178320.143864
612.51202,941196153388.3512,71696055109.26932
612.55017,695255007426.5347,74154883117.87848
612.58832,456741206343.87616,54822513446.09662
612.62646,551595010756.9908,58345026269.961
612.66461,189707704510.0508,32860078182.873966
612.70276,0.0,0.0
612.74097,0.0,0.0
612.77911,0.0,0.0
612.81726,0.0,0.0
612.85541,455818777137.35626,31306323490.28441
612.89362,737381015497.3137,61573307959.4005
612.93176,193401184299.51974,14175918979.8238
612.96997,14043029793.598562,789235426.2548953
613.00812,202554312047.85236,5825686008.109696
613.04633,217418629416.5696,7936336912.347862
613.08447,104022377858.6119,5921361719.576733
613.12268,71516014584.46933,4125961423.499092
613.16089,90768597457.36102,3893015529.025239
613.19904,401207857850.015,54526788756.72827
613.23724,637210860695.6299,100238993168.59836
613.27545,307286857201.6957,45291869041.95469
613.31366,87105108102.86534,14052975419.977852
613.35181,90697762300.00684,9456760652.642384
613.39001,149763253199.3113,15630920541.674671
613.42822,477787782131.36224,21632327100.12088
613.46643,505921493942.4974,30290845116.61292
613.50464,212262920622.2228,24620641295.01132
613.54285,109277589139.73856,16224572466.250486
613.58105,195821979739.5328,29944729298.43532
613.61926,327532127050.20874,39409987248.40451
613.65747,0.0,0.0
613.69574,0.0,0.0
613.73395,0.0,0.0
613.77216,91484115751.1168,17629312202.526524
613.81036,27880547912.135075,3123121331.2150507
613.84863,51028628665.72796,5466573703.769392
613.88684,62513990255.381065,5355479636.851384
613.92505,81153626215.1816,2704223347.901509
613.96332,38363304327.10581,945387281.31558
614.00153,0.0,0.0
614.03979,4777232469.916259,137723897.8197062
614.078,224816013096.05792,16960460738.208672
614.11627,616664051591.1254,57286183448.66391
614.15454,856175617440.1848,64444697534.73228
614.19275,250288977305.8494,15779199286.98543
614.23102,62964318349.76711,2526513706.454751
614.26929,82898245034.0179,3490322759.264748
614.3075,112020850044.53854,2272033354.6891346
614.34576,441400116018.3241,18319751973.97931
614.38403,693157184210.5146,68031659862.01997
614.4223,480708100167.9814,45040684560.23417
614.46057,492718386703.2061,30737330831.485184
614.49884,1212300056368.4143,119009528717.0654
614.53711,2195379806990.901,155928974516.27487
614.57538,2353719990119.129,157840324767.16528
614.61365,1409712965416.968,99207976428.03014
614.65192,844662980334.1835,72240666796.15187
614.69019,584619273044.432,33452514884.094604
614.72845,762618145291.3064,14069117726.919514
614.76672,802097159407.1829,36965324332.59517
614.80499,456175847572.7242,42397377093.76894
614.84332,510893731002.6551,44087319609.96277
614.88159,1762796713038.558,139117566534.60953
614.91986,3247806261918.6694,275861418161.2649
614.95819,3333410454845.1016,289598195985.96826
614.99646,1743976780045.063,135093764899.96802
615.03479,546249229290.9048,73042877095.06386
615.07306,190608697834.71603,26175571681.074368
615.11139,190393617783.92303,21216400906.495
615.14966,181964878427.0975,26805886206.96942
615.18799,140125680534.31747,23131176342.56716
615.22626,184363643789.7453,26737287580.52584
615.26459,183824589024.8052,16517184106.572388
615.30292,507168116433.1231,22378034790.550217
615.34125,1405121747465.6577,60064846105.1059
615.37952,1300559545968.1106,23162444410.00213
615.41785,804296138160.5688,27007721860.76917
615.45618,837022055130.4163,90790797901.38666
615.49451,565222557040.9766,72136273186.04929
615.53284,255817528815.42496,46023706997.9623
615.57117,251443986309.2651,24299533090.75785
615.6095,239744134947.58707,10556411631.784891
615.64783,219588521151.2363,10410707420.58751
615.68616,264561114680.01337,33866729178.19996
615.72449,240328764248.86005,20926252929.39735
615.76282,395428898066.5898,21805142926.66284
615.80115,640654020222.0851,42326203501.32071
615.83954,1037950841478.9974,80002197544.05127
615.87787,1444363692695.7068,52291903464.4114
615.9162,1416421136482.398,122361149908.64552
615.95453,1054706630116.287,80149871845.27945
615.99292,584488279879.8584,30292056165.716843
616.03125,374076437515.3776,26938623970.618416
616.06964,364801232718.978,14940663657.299025
616.10797,373484226196.3724,28395413843.061066
616.14636,482140822761.0112,55757352267.57232
616.18469,680336560735.5117,95422917089.3076
616.22308,895409081148.0343,114852011430.93782
616.26141,712979355960.0482,62230629346.4751
616.2998,755032145956.4606,52621411134.08176
616.3382,720850180189.4142,65103739622.54894
616.37659,509880236987.2691,31526915825.54021
616.41492,634171919918.8326,30785446408.04204
616.45331,422021837337.4111,20113867368.787834
616.4917,578149116019.5836,19896068122.72681
616.53009,1101856326369.2876,49722671078.00666
616.56848,905494782496.652,16366627032.054417
616.60687,1494978587049.2922,58609628477.40643
616.64526,855109877894.943,94285656622.88106
616.68365,327010445169.61395,44403689411.32008
616.72205,332077584754.12354,21773600042.95265
616.76044,523297682470.5072,18746579393.900917
616.79883,1013378394427.6792,34058189409.598515
616.83722,1136569467650.165,73267618685.98514
616.87567,510710565906.4212,13100766464.972494
616.91406,307954701975.43,6838296332.065848
616.95245,331984007666.2724,19828408661.199104
616.99084,546518234552.833,16945523342.095163
617.0293,502446988625.28345,37925090624.51498
617.06769,300227737885.7634,31518609082.91429
617.10614,214924698603.7456,22328399976.66849
617.14453,162369585434.1889,11445412094.418509
617.18298,330958787664.89526,16307464131.755198
617.22137,428742294996.21497,15081336137.7337
617.25983,278315174619.7553,13949121571.980797
617.29822,265115573336.98688,20864766744.18845
617.33667,800662201114.4265,118684829150.88551
617.37512,1544939313834.1204,180821920891.85837
617.41351,793049898728.1837,70676165015.63504
617.45197,379724523673.3116,41677868360.36565
617.49042,175223049337.84036,18425812829.20989
617.52887,133454490244.83156,9275292328.046877
617.56732,124045055632.19913,4375951810.649196
617.60577,281405291524.5128,6261195845.042697
617.64423,152333379689.99963,5782466186.915071
617.68268,73086423096.81677,2428806805.287905
617.72113,64043461670.90931,2244651786.455616
617.75958,56968755968.58032,3547932206.0646486
617.79803,100227821098.71169,6403559563.766723
617.83649,75900989480.35782,6751183298.371916
617.87494,0.0,0.0
617.91339,0.0,0.0
617.9519,17622980529.3131,607038409.5613993
617.99036,49669933727.39441,1678201611.66704
618.02881,254168330641.48547,17620354508.997944
618.06732,641893544285.3894,53453359235.3281
618.10577,745317677530.1099,48364496877.380455
618.14423,393739873716.0033,35453506651.24961
618.18274,297868924786.01404,20923581639.064304
618.22119,500539822914.1051,6533427244.974775
618.2597,385959703490.9011,18753681701.92432
618.29822,167335000770.0629,12956898530.769838
618.33667,124049742429.66972,9090987788.97898
618.37518,204980676117.21,10937905611.986923
618.41364,304588405068.5815,19751456465.117954
618.45215,520453445264.4968,23130833644.71679
618.49066,864816319772.7708,31593068801.90033
618.52917,837939040997.8857,30465803333.179916
618.56769,310443230856.5406,16800470322.506107
618.60614,91391853838.70802,4032061288.0559874
618.64465,69184910105.72542,4069633054.455224
618.68317,85596543457.07686,7603885461.989658
618.72168,58762168972.71328,4846873657.241078
618.76019,29611568793.119125,1793283480.6167862
618.79871,0.0,0.0
618.83728,0.0,0.0
618.87579,0.0,0.0
618.91431,0.0,0.0
618.95282,75950631030.31595,7587281033.624347
618.99133,65348904326.3927,5173990971.259638
619.02991,69633759365.74113,3582643872.596474
619.06842,90414217319.74953,8912321136.951958
619.10693,236763054295.8327,29681455584.13953
619.14551,567835860010.8125,58139096923.19322
619.18402,767898975235.3032,40030056389.68072
619.2226,514325689621.5306,10482843007.989944
619.26111,204800292053.61096,1922898530.187953
619.29968,177382065723.18823,10421189446.072292
619.3382,366184013556.8864,44791673566.47894
619.37677,386789791615.3903,59638676049.98438
619.41528,152865054563.94925,21579320714.448917
619.45386,98193358202.72972,7049298356.538493
619.49243,83475922901.59122,4112273756.072863
619.53101,96679928117.2818,1107800826.1896048
619.56952,186874593030.81555,5035292384.263083
619.60809,439094417703.9152,26264251400.22044
619.64667,914220883562.8018,82875645643.96185
619.68524,1103443910209.5532,86702700405.6086
619.72382,415147058915.54047,23215436601.06765
619.76239,444201026912.5184,33260901431.365795
619.80096,407440262112.0717,42987554063.51265
619.83954,482891390941.672,68534293370.13608
619.87811,873077042792.2216,97478058304.40994
619.91669,20329692756.772778,1075410936.4869354
619.95526,151263481312.8383,12357729747.272852
619.9939,48047571594.26415,5784564134.25789
620.03247,165546998209.59003,22923687133.402023
620.07104,52675161574.63892,6736362370.994289
620.10962,0.0,0.0
620.14825,0.0,0.0
620.18683,0.0,0.0
620.22546,0.0,0.0
620.26404,14762409740.119678,2769795609.373548
620.30267,108690354928.3872,18511329321.02641
620.34125,305372366327.02246,37968587682.82993
620.37988,452458668753.1807,43538519206.356674
620.41846,385726739404.6441,32168395698.91189
620.45709,138691091493.08212,15935760800.489876
620.49573,0.0,0.0
620.5343,73288873851.63942,11647800455.553648
620.57294,193041626882.1053,18928357954.89812
620.61157,49705861834.84323,4813970689.5794525
620.65021,69947553886.58273,14436089027.18414
620.68884,201368752485.7256,53837555791.41532
620.72748,343794572015.5756,74363976782.39531
620.76605,1388573675495.1008,334658605297.2826
620.80469,2491750776117.209,445637649627.05927
620.84332,1554204069523.7622,211552564694.93335
620.88202,120698753681.53198,19669607173.867287
620.92065,0.0,0.0
620.95929,89862426386.94156,11430493733.352137
620.99792,200696101338.21085,64300067630.86574
621.03656,100934629078.02512,42086022013.40667
621.0752,81343267181.85783,31819242741.36297
621.11389,118395116283.03136,34087431236.25099
621.15253,35382773429.62389,4770792624.088163
621.19116,100850160282.87558,7310479136.292242
621.22986,128467455537.4084,12292594599.1874
621.26849,28647070697.548084,3213448727.477652
621.30719,0.0,0.0
621.34583,0.0,0.0
621.38452,247959638109.2744,54516601784.28562
621.42316,196106311743.1091,32212411690.56652
621.46185,73848500919.32672,9257824349.316025
621.50049,119167932347.85466,11801356871.9143
621.53918,175367823332.14563,26490101672.58473
621.57788,94900856167.2164,29156260459.588825
621.61658,333500906336.2517,133793058902.00288
621.65521,1268825756953.9878,518775094443.0336
621.69391,2501354693907.5093,886410550379.2979
621.7326,678206690286.4739,176126284766.39883
621.7713,328748679532.18463,62847522138.23383
621.81,265585129060.67084,45249832093.14564
621.84869,203404517715.51813,29597035116.43818
621.88739,711143235434.4254,71356109470.22202
621.92609,1658860557920.29,155485702248.39307
621.96478,4492200715787.559,421930809533.6553
622.00348,1980156464121.3572,223668009296.8127
622.04218,409958385758.5633,65513612893.71812
622.08093,348365441704.80853,74797761247.32486
622.11963,349960118540.6199,81918969229.04025
622.15833,459227789382.7557,105487170568.53856
622.19702,2354635154465.937,568561727251.3383
622.23578,1224561413665.551,263839666969.03223
622.27448,425814349292.2408,67276648460.82664
622.31323,474646991130.0414,36709410196.693504
622.35193,176579191973.56955,9208720320.386095
622.39069,128754702463.3045,5449394416.111939
622.42938,64617686178.44587,2186522788.4377546
622.46814,0.0,0.0
622.50684,21597786749.804302,2100373607.4539728
622.54559,0.0,0.0
622.58435,0.0,0.0
622.62305,115839874601.62248,23052162008.960163
622.6618,8694560006.662558,1316330825.484504
622.70056,113618456893.34502,8175459784.286605
622.73932,89099121910.31514,11695606692.254816
622.77808,0.0,0.0
622.81683,0.0,0.0
622.85553,0.0,0.0
622.89429,0.0,0.0
622.93304,0.0,0.0
622.9718,0.0,0.0
623.01062,10073343250.51599,1141227663.227099
623.04938,198838413012.4137,26968051394.394672
623.08813,483335850638.0805,39806041775.33585
623.12689,933480116464.6244,108112294301.43788
623.16565,534387387857.99744,54689435523.89067
623.20447,44124652012.9629,2200170273.991002
623.24323,0.0,0.0
623.28198,51109754317.69263,7855523303.857086
623.3208,120508132853.8689,28884786297.279163
623.35956,222107862329.44537,71909412736.80159
623.39838,276796497836.0735,69340015032.94011
623.43713,483610774135.78656,37042543918.30776
623.47595,1927584001613.567,129716763609.75902
623.51471,2121135669497.2043,125295986396.06282
623.55353,929703281591.4095,72252839281.17383
623.59229,197265758079.93903,18463807466.149822
623.6311,59997266025.12929,14896437839.63451
623.66992,56535700182.86284,22124832904.63457
623.70874,161661472180.17032,52025740172.08383
623.7475,186025581197.3476,25393505273.63988
623.78632,107273236918.6979,11317814065.134005
623.82513,57630770156.48741,5420095177.044463
623.86395,0.0,0.0
623.90277,0.0,0.0
623.94159,28698006082.5497,5214464125.655461
623.98041,32370382780.60032,6389074638.970667
624.01923,298080293.1712619,58927966.23017321
624.05804,267525236577.1644,42962930140.71023
624.09686,770020705622.5994,106923809991.76216
624.13568,715247274519.5175,106099120533.9701
624.17456,368077919057.8449,47922020344.60088
624.21338,1217718456769.7256,136397500929.4908
624.2522,2089665259755.6824,235103730266.8473
624.29102,1714637930256.7285,130709058884.15436
624.3299,1040340851620.5598,97774309852.83214
624.36871,472632513182.7751,62518406999.54093
624.40759,177386525075.76718,20813756381.632156
624.44641,112584617238.8382,9013143419.409868
624.48529,57265395452.65456,4713806488.355954
624.52411,81389544699.8374,10370290376.280115
624.56299,85790242353.60884,14564127094.779642
624.60181,214193642208.94955,28899512004.49277
624.64069,465093051954.9345,57063471096.76303
624.67957,403499383478.9744,49947272157.98876
624.71838,134179308461.69844,21771854199.948677
624.75726,45130286164.72122,9789608720.438316
624.79614,16665022863.856974,3369962877.714678
624.83502,12092001867.459385,994520785.1859486
624.8739,28732877145.70672,2337470859.782073
624.91272,43419174963.531456,4133445941.032994
624.9516,10683444642.576546,358127476.4439089
624.99048,56380889321.7586,4058939613.4981937
625.02936,90995176095.85884,6165115381.656148
625.0683,84387305019.66818,1400340937.7167568
625.10718,169152637813.46948,18372301822.410988
625.14606,284503339539.41364,27067326586.048565
625.18494,240750544258.87335,45762413375.78972
625.22382,0.0,0.0
625.2627,0.0,0.0
625.30164,0.0,0.0
625.34052,0.0,0.0
625.37939,21298079139.78416,3618647421.612767
625.41833,10978706389.306885,1096639625.2199876
625.45721,0.0,0.0
625.49615,44882988158.2005,5045834293.098766
625.53503,30605029554.47576,5347274567.296053
625.57397,0.0,0.0
625.61285,0.0,0.0
625.65179,0.0,0.0
625.69067,0.0,0.0
625.72961,172245715209.70633,12737452163.494818
625.76855,349485369656.7446,42606489325.65514
625.8075,223252007631.57675,34464590330.51414
625.84637,102911163874.64824,9349671200.97404
625.88531,72713497559.47943,5905451955.230801
625.92426,55305733194.39887,4052435492.874369
625.9632,1076570763.668844,128416682.04764558
626.00214,22449840896.160236,3715902091.406632
626.04108,79384001842.83731,12233211736.547338
626.08002,44545328255.2986,3406302306.811181
626.11896,20069215604.625286,558646208.8562361
626.1579,419149010.7830886,33851165.50015093
626.19684,6779388473.348294,1032076680.4373852
626.23584,37271790770.11418,6359884077.695896
626.27478,91215615017.82408,9311819302.731497
626.31372,172788312321.053,20274438713.550182
626.35266,309034211661.5475,39668213588.10937
626.39166,515792240735.43726,58732718198.401474
626.4306,549467603647.7895,75987960417.38272
626.46954,212344026964.95175,21912439123.445213
626.50854,58987731999.56281,3660108569.850018
626.54749,9013885686.892822,928487593.6116006
626.58649,54766891541.77971,8348280404.945261
626.62543,145598582796.1852,26983089118.823235
626.66443,173396910439.81058,27791291454.74528
626.70337,143032070126.31842,16951651442.824968
626.74237,22616276136.2882,1632135571.7528954
626.78137,32100727262.80187,3244798202.0727525
626.82037,134046699213.8976,17286762855.761505
626.85931,298804966807.81976,27256592430.425213
626.89832,491362923907.31793,22661849945.77624
626.93732,386654670545.2261,24323738220.591583
626.97632,113211102295.97913,11953055030.284737
627.01532,28836837518.960796,2969384930.679872
627.05432,48177397263.266365,4938887473.869451
627.09332,85062394336.98807,3582146308.5670056
627.13232,236703875401.07425,14777585763.728373
627.17133,398657472266.4067,30916016142.80278
627.21033,254123288013.79535,28780820542.885803
627.24933,83300142476.21353,7922852978.267247
627.28833,101117385171.73212,8406886844.553647
627.32733,35477639762.36401,3185810466.5728087
627.36639,0.0,0.0
627.4054,130595383725.44006,9072441973.408243
627.4444,880986508003.0697,62156683345.18672
627.48346,1161598166933.904,68174477706.6259
627.52246,727043681751.2367,91251663629.82254
627.56146,1177555746272.2212,231850252139.5748
627.60052,1500511955653.2625,294136622998.0793
627.63953,724970923732.0281,106354130519.26633
627.67859,211698763586.24146,27995923624.630463
627.71765,111383292514.76936,9241236455.661837
627.75665,14545854059.23108,1770278227.3304982
627.79572,3798054153.436737,581431429.7054492
627.83478,50348119307.63494,8087578765.556213
627.87378,105255472082.62515,8984782190.432459
627.91284,89118156743.52834,1105164857.6093993
627.9519,196064438979.2708,9605407811.33491
627.99097,664602689240.4591,26326477116.33913
628.03003,1226526717826.8398,36166689568.74659
628.06909,1259485571676.2312,160492219362.3856
628.10815,627917321933.0552,102187489618.42873
628.14722,150238111502.32663,12286016103.436785
628.18628,50604033640.12895,4136827425.918115
628.22534,44393210640.876816,4402169314.718988
628.2644,60786950101.724464,6823953568.198475
628.30347,58081474118.94515,2745373644.7188387
628.34253,123429374773.75024,7251390195.819127
628.38159,214660970758.2309,15613732171.64072
628.42072,162993393977.98535,16602150837.26652
628.45978,85641337535.30594,12051953637.958176
628.49884,67293953294.37246,8470478895.11466
628.53796,96110963920.0502,6288196666.864528
628.57703,138698583952.5615,15054423500.83318
628.61609,292384001421.3994,46395631384.46558
628.65521,553467248655.8003,120823367020.56036
628.69427,363781563537.3229,63947666806.314926
628.7334,157349985330.30542,16350778294.578447
628.77252,222987635553.82236,15042869399.434095
628.81158,283960150227.8426,4432306793.714079
628.85071,527729668764.37695,28860634134.672787
628.88983,907228248204.0028,96805500666.4218
628.92889,533922436164.6139,70304105035.3229
628.96802,505224242087.3512,32719561698.54012
629.00714,297844966459.6423,4483922818.007124
629.04626,93098047387.34473,4455162880.309081
629.08539,41234830531.02263,2971566852.978355
629.12451,0.0,0.0
629.16357,0.0,0.0
629.2027,0.0,0.0
629.24188,17589130763.714066,697889447.9503652
629.28101,0.0,0.0
629.32013,59464860288.21359,1385752607.60216
629.35925,22222845196.91621,613983563.7889857
629.39838,37495282807.266106,900201822.5475668
629.4375,195201526498.52905,10794223899.002626
629.47668,593272161518.7772,29796634524.925533
629.51581,725495399239.742,26115106012.013718
629.55493,196256408424.0516,13193266455.009333
629.59412,37951576886.863525,2600337257.8790884
629.63324,303287693691.2345,11489889219.501818
629.67236,678957354442.9395,28799739005.803013
629.71155,304427789447.8586,37840356186.58898
629.75067,77742299921.39091,7458836703.886312
629.78986,80049491735.77573,2418998183.489963
629.82904,132416811224.9446,10552960854.2166
629.86816,441497971012.7645,39041359739.23919
629.90735,274557695065.0185,10394698928.666058
629.94653,268226698871.4343,23545468552.59095
629.98566,141720944122.87112,15348916291.429474
630.02484,77692139223.27467,8707019710.315464
630.06403,70538565018.70215,5943761372.676232
630.10321,10182211553.085009,636428855.8995713
630.1424,102718676040.20984,13231079812.825104
630.18158,131437712516.33688,14714701083.250996
630.22076,139221607401.57355,10112733652.04775
630.25995,304148279150.99426,17610179659.389664
630.29913,1136479808222.8977,39405893402.287285
630.33832,2810430385561.59,82151419745.91306
630.3775,1839523329274.884,81245421256.1067
630.41669,802093407442.889,47022703547.731
630.45587,303218609319.5731,17645395448.126328
630.49506,104723065431.64294,4247267873.4645753
630.5343,58490378318.08396,7347611022.838862
630.57349,43521680003.02271,6093990465.015606
630.61267,64475780323.70951,8854358874.68858
630.65192,69706985550.93979,11081101339.49767
630.6911,96711326490.23367,13072117098.032042
630.73035,153904119988.1213,10122304394.502684
630.76953,339572463511.1888,13581231533.264452
630.80878,330791461082.8106,13644805649.506596
630.84796,152003264645.21,8620250240.067226
630.88721,264531779856.38235,8639995603.931246
630.92639,423012530248.4808,29159786647.194023
630.96564,321507284316.8208,13434617701.751816
631.00488,57425440251.778015,2425967621.166712
631.04413,0.0,0.0
631.08331,130771211525.8921,11476645331.350449
631.12256,669158380618.2462,68906120117.43709
631.1618,725601475788.3577,84674621324.76218
631.20105,268461355923.15,31006662866.4363
631.2403,85717440453.108,5514479578.835169
631.27954,187290329819.64792,7438553267.177323
631.31879,236372437918.15045,15029202398.984196
631.35803,115541226352.5246,7464868320.15649
631.39728,61575971463.64019,2794191972.8219967
631.43652,114275351635.69797,7727494992.586635
631.47577,229572503577.097,10048737306.033337
631.51508,159646386102.22668,7672227410.867184
631.55432,84182416352.6595,5294548085.894714
631.59357,40690625190.88481,1501906036.7588894
631.63281,0.0,0.0
631.67212,0.0,0.0
631.71136,0.0,0.0
631.75067,33443981284.79842,991980315.1720028
631.78992,32695457057.717262,1280731911.451867
631.82922,32308644822.37799,1676894400.7071197
631.86847,49427755185.327896,3379480324.36462
631.90778,104031769270.97568,8351810762.002492
631.94702,98536892211.52351,6527599524.646025
631.98633,114272763046.59998,5810251029.681794
632.02563,660252533623.2039,45500217290.76243
632.06488,1216159075528.1606,75177401881.85861
632.10419,680285489140.2615,25066471416.823032
632.14349,1254925977550.4268,88466538170.68428
632.1828,573086291733.043,73111221857.82465
632.22211,177936761818.30713,23513514406.842743
632.26141,38717702346.1875,2772512738.340232
632.30072,0.0,0.0
632.34003,0.0,0.0
632.37933,71609054964.41216,15219388434.331305
632.41864,0.0,0.0
632.45795,0.0,0.0
632.49725,0.0,0.0
632.53656,0.0,0.0
632.57587,18892789754.47055,1198075992.4508755
632.61523,85291940504.5569,3047301811.013346
632.65454,88202928250.14331,5382883562.955249
632.69385,94682251506.11426,5037010026.283183
632.73315,46069968843.58375,2780527578.372948
632.77252,120127031635.09988,11683257826.318855
632.81183,459694601378.5756,65275561010.18096
632.8512,582138840233.056,78282683528.692
632.8905,191345036343.4331,15309047102.336355
632.92987,0.0,0.0
632.96918,401669704232.6296,30183716034.645496
633.00854,1021093750589.886,49259755727.11209
633.04791,715090458027.0437,31285668080.51821
633.08722,175428470698.08157,9938303631.569689
633.12659,57757899762.25071,2700166584.564067
633.16595,62761566720.523415,3138197600.7687097
633.20532,69704954222.73972,4485408676.829179
633.24469,70831807323.38814,4696393247.979154
633.284,98014510004.84334,6304450192.602535
633.32336,115328298504.7762,8529459838.352078
633.36273,191410335161.453,8456525210.07662
633.4021,180698508581.8583,9482867737.81011
633.44147,155217974844.34885,12475173910.390408
633.48083,133384338377.3433,9282397628.076387
633.52026,112405545404.96124,4087609506.5998526
633.55963,95864873537.6368,3125888407.16099
633.599,139964535937.2623,8055462223.926322
633.63837,400556982061.7357,21047031795.940792
633.67773,444363078376.979,15630944066.21388
633.71716,397650637850.45575,9935371751.782717
633.75653,425076667112.0682,14189964090.88866
633.7959,218572205795.3397,6896247435.153067
633.83533,67626121128.10862,822310147.3000073
633.87469,24905904362.49945,1139165090.8516464
633.91412,0.0,0.0
633.95349,45974510651.13056,2487407680.517024
633.99292,129283193376.72958,4014835664.971918
634.03229,2688609728.1572547,207726089.97736225
634.07172,0.0,0.0
634.11115,159164067842.87808,9771956541.577618
634.15051,395502525451.528,26824018369.611164
634.18994,107494295036.51454,7300487625.51897
634.22937,98074955893.55617,7368151625.173983
634.2688,105829357219.3729,8724891375.958494
634.30823,120844994097.23747,10484026536.724085
634.34766,135075358657.1406,9182557297.36891
634.38708,205808390710.5041,8861738231.760181
634.42651,334794258731.92975,16865000840.276249
634.46594,256042627539.37943,9984306216.058336
634.50537,181071797939.3676,5755490653.246052
634.5448,211571683511.1945,14331003843.077724
634.58423,364770648918.4187,27438035510.82491
634.62366,523488612493.7853,28276840903.260838
634.66309,425332941143.3821,16454942862.070848
634.70251,459487736308.01807,23513940401.61537
634.742,391968576450.0137,29627873129.11783
634.78143,447193622375.1229,20233675853.568047
634.82086,629645683264.6649,11771286806.76774
634.86035,485755296601.95386,14925064230.97492
634.89978,285901112730.0775,14045865843.426088
634.93927,280129101710.32764,17575108649.231834
634.9787,493214244307.77466,17884427059.419693
635.01819,666078547668.0154,16802727623.258396
635.05762,553136608850.4034,37766966795.1991
635.09711,629786891258.1019,46230967587.81525
635.13654,737994909418.7423,31017812476.0988
635.17603,565683667581.1805,23114017249.580696
635.21552,465531706748.76886,17495783849.61845
635.255,580205759197.8458,29692476753.001293
635.29443,1071602946438.7275,54210305856.63595
635.33392,1557129284660.215,38115423283.6261
635.37341,2226621480450.8125,31812044036.070213
635.4129,3181416121575.0835,35616636058.74206
635.45239,3297826149055.2886,138255488089.64392
635.49188,4781459202539.656,554459978433.7345
635.53137,4662770579586.935,760122078470.1698
635.57086,4208712819924.445,432122466184.7453
635.61035,5624968116876.1455,372438145770.8717
635.64984,4687996990103.711,401916857631.5943
635.68933,3210240594842.6206,290486247005.6777
635.72888,2032766878156.5664,160752281083.92004
635.76837,2161150180033.382,123002443581.46262
635.80786,1660110471948.276,77192336981.25047
635.84741,1103360542483.4414,55890708509.64768
635.8869,912543964865.2756,90117372914.2164
635.92639,558581523906.0378,57512190132.2198
635.96594,598164868330.9531,31309538815.984844
636.00543,713330704285.4714,24836763614.10433
636.04498,851801511643.483,21954632568.7689
636.08447,1031701220031.6104,46938021584.266045
636.12402,1390543622078.91,115646979850.47668
636.16351,1302285023743.058,114583074432.19414
636.20306,725586627389.5957,58157039806.05576
636.24261,441788619432.2987,31369535178.414272
636.28217,251501487533.8726,11555332131.824053
636.32166,177635574816.98328,8242787492.013413
636.36121,169282444339.55762,7169618791.284184
636.40076,162044590079.97565,6347224070.586955
636.44031,250104086580.8963,10818669134.745571
636.47986,604891153535.2034,39536212154.86946
636.51941,546094495241.9358,37538522645.166725
636.55896,437615431804.1291,24053897184.78753
636.59851,660711076524.0815,22443637008.143333
636.63806,580302383930.6975,20436491256.21921
636.67761,284332530047.47955,23199358400.330288
636.71716,146104990092.52206,10192137974.793043
636.75671,86826391488.29965,6929516019.688368
636.79633,85786358469.94722,6628152927.640864
636.83588,70650671099.16634,2953488688.090282
636.87543,120506397571.94908,5608024957.9651375
636.91498,64310026004.59055,5050277445.69164
636.95459,77666077443.55489,5228775075.165582
636.99414,69517057690.06305,1883693867.3467505
637.03375,44885021270.64997,1447547734.5348558
637.0733,54257304769.87762,3791441573.082262
637.11292,68079728064.90257,7310996832.3469715
637.15247,0.0,0.0
637.19208,0.0,0.0
637.23169,0.0,0.0
637.27124,0.0,0.0
637.31085,0.0,0.0
637.35046,17746423873.613037,754671684.356599
637.39001,54880319991.75691,2607311275.1549096
637.42963,106744907616.74702,8527809631.133083
637.46924,129456681000.8135,12725503168.119822
637.50885,80432654176.917,10956889034.351051
637.54846,53095176639.347244,6440342223.005297
637.58807,38524269352.60356,2276995218.0471687
637.62769,43310550126.6893,2390878881.8605905
637.6673,0.0,0.0
637.70691,0.0,0.0
637.74652,0.0,0.0
637.78613,357210003240.0388,21972124311.560005
637.82581,519738008150.9911,36196391668.21408
637.86542,134640221365.6423,12588286240.650396
637.90503,33152440077.879864,3545624931.990037
637.94464,41633541802.503685,3892571999.064745
637.98431,76848735140.68532,6801407931.182412
638.02393,21810282157.813663,1569532606.3521504
638.0636,11659470818.665709,664507328.2108879
638.10321,52304024153.92695,3034405061.1679444
638.14288,64078685679.07997,6261241459.454379
638.1825,129185819239.17572,14027580099.291424
638.22217,270975575020.65594,19360688439.77764
638.26178,183578085753.4148,10945902253.423897
638.30145,58913258309.0776,3300766797.473385
638.34113,55510681150.033455,2838356387.870289
638.38074,49123981309.18177,1823991785.0338151
638.42041,14065291715.653072,501415929.11123455
638.46008,0.0,0.0
638.49976,30040432773.412365,3530177788.9491677
638.53943,55409233701.9328,4497852729.825624
638.5791,84877926658.77675,7945914501.138811
638.61877,77478607410.18314,12348547916.45963
638.65839,38912519254.06104,6593009926.354446
638.69812,0.0,0.0
638.73779,0.0,0.0
638.77747,613890911842.5519,44591151890.28927
638.81714,373551613935.6752,29625899694.57017
638.85681,0.0,0.0
638.89648,0.0,0.0
638.93616,0.0,0.0
638.97589,229403082200.8928,15345033418.303469
639.01556,590311911416.5771,43042758720.52629
639.05524,1512342109985.496,181644879986.1605
639.09497,1171880562789.0945,121365635714.93298
639.13464,1618755636370.1904,162688362160.5386
639.17438,1178116735246.8171,65046516051.4342
639.21405,499990126541.8078,23922228063.87998
639.25378,376444209621.8002,10711758862.874636
639.29346,453029503298.9353,18482753215.570312
639.33319,458061508243.2754,39253849336.88042
639.37292,571845364990.473,42057972502.903725
639.4126,367657707508.2087,27624306198.399227
639.45233,114635651256.25574,13844473770.824942
639.49207,133549650270.08244,15516378151.097889
639.5318,124715764968.3424,13294181206.347843
639.57153,95208271307.23294,13266371283.63541
639.61127,73508748711.8653,10061402385.376904
639.651,54266238041.95544,3759906592.864832
639.69067,128632665543.0654,7349310996.595979
639.73047,0.0,0.0
639.7702,30907679880.042114,2969374910.4478264
639.80994,179437210829.01105,13401624874.903414
639.84967,35666112424.286064,1664196789.3648238
639.8894,75869701802.0217,2390293219.1213045
639.92914,165941451513.02908,9999624290.045973
639.96887,999769309150.57,87888773554.93742
640.00867,692000643803.6887,79855199207.73175
640.0484,0.0,0.0
640.08813,0.0,0.0
640.12793,33367849278.63682,5209041739.941164
640.16766,192011426981.033,27245215902.65787
640.20746,150810913413.5869,44260803093.38389
640.24719,211937696699.44977,51770623082.0759
640.28699,0.0,0.0
640.32672,131197074572.86491,15601420659.464756
640.36652,245245361640.69284,24543001251.6164
640.40625,0.0,0.0
640.44604,0.0,0.0
640.48584,22581591261.65824,4165085966.965612
640.52563,138867875354.3804,18993450566.495068
640.56537,61377637182.76698,7735080620.781482
640.60516,31400163662.665527,3078127618.920936
640.64496,157028655512.6124,32826592838.785534
640.68475,342423486221.5723,34187716467.53077
640.72455,451528529527.6466,109097916775.56984
640.76434,598192107346.9882,159188017719.15088
640.80414,1527933541419.6702,167446811615.82837
640.84393,2982094040361.329,249221673307.53885
640.88373,2471045799595.369,520560892291.2136
640.92352,896281190573.5648,131734110141.52097
640.96332,325660993361.9872,24382993695.173397
641.00317,264024572869.34183,18790846091.43643
641.04297,161850979336.09366,24517100145.62071
641.08276,209538719633.87137,47176150725.08616
641.12262,421106035644.9968,60952852155.010445
641.16241,722139527422.8359,112636494225.41144
641.20221,2880212311602.896,424678166262.8086
641.24207,7308077759613.347,1116860519503.382
641.28186,7071120842610.943,665659491588.2393
641.32172,1942488854430.941,96332976814.61938
641.36151,406770278213.2988,47263891123.687416
641.40137,204441970513.72717,36167865274.77082
641.44122,301016424509.718,69067863142.83495
641.48102,251035002231.35767,54173528491.10174
641.52087,181704785119.4875,29764754965.44565
641.56073,256402657696.18945,35928482136.16214
641.60052,155991873384.7088,18210605505.73026
641.64038,255069708318.6942,33936171593.129097
641.68024,133253426739.79756,21417340706.74389
641.72009,0.0,0.0
641.75995,0.0,0.0
641.7998,0.0,0.0
641.83966,88425391239.9854,26171579222.34765
641.87952,0.0,0.0
641.91937,106887285569.1207,24152913502.717503
641.95923,14580637417.442396,2184658803.9146924
641.99908,54529573878.39156,5217293152.710442
642.03894,7026337085.105274,955548310.14912
642.07886,52155470718.18623,10593770441.89318
642.11871,47655614670.70175,5112924559.464336
642.15857,0.0,0.0
642.19849,132099995955.14816,13768333576.521948
642.23834,5350424056.06563,366492525.7695335
642.2782,152142014225.43604,10963712180.596416
642.31812,2415086803.044619,236274703.33517265
642.35797,185282423240.584,34200354136.25151
642.39789,101954491118.74529,16260268020.009027
642.43781,0.0,0.0
642.47766,70022290968.11142,14831606651.049274
642.51758,151418706465.66925,30943890924.795395
642.55743,160749528062.29227,21358309403.671
642.59735,0.0,0.0
642.63727,0.0,0.0
642.67719,6827559841.919752,313855228.84013283
642.7171,24280869495.72107,3222520874.7654448
642.75696,96448657644.77676,17069523470.379251
642.79688,0.0,0.0
642.83679,17818320313.432026,1266924635.9942353
642.87671,26148850023.325027,2242823736.19117
642.91663,0.0,0.0
642.95654,0.0,0.0
642.99646,0.0,0.0
643.03644,103991909275.02174,15921587342.86745
643.07635,53898457516.06255,12583404213.004663
643.11627,38322927869.73783,12222423045.02196
643.15619,60153865448.07738,8523469227.194832
643.19617,56462453828.46694,6973772841.027414
643.23608,30626612041.32434,3354482837.260912
643.276,4130390271.213501,913743622.2524012
643.31598,54082144886.4486,12364520293.354109
643.3559,11183558175.196812,2055258775.0912004
643.39587,9370152355.115429,2164827860.8068485
643.43579,0.0,0.0
643.47577,0.0,0.0
643.51569,30044061104.677345,4156239294.1132455
643.55566,8103044183.005883,764579697.8758819
643.59564,0.0,0.0
643.63556,0.0,0.0
643.67554,0.0,0.0
643.71552,188498066404.06436,28107628828.620537
643.75549,791889242212.9609,118721980255.91672
643.79541,1977468637989.6653,244902254645.487
643.83539,1385225074923.4924,131916653000.01572
643.87537,309406490738.8041,22248028953.71782
643.91534,10518481451.23072,904269791.2886364
643.95532,23424232907.86263,2094031660.9959264
643.9953,63591597825.03185,8466216126.605206
644.03528,90649784640.18552,15119373049.236423
644.07532,0.0,0.0
644.1153,0.0,0.0
644.15527,0.0,0.0
644.19525,0.0,0.0
644.23523,0.0,0.0
644.27527,0.0,0.0
644.31525,104317252425.37804,15965546030.962725
644.35522,38805770805.36652,8530051729.87393
644.39526,73711451198.54706,16230045368.991013
644.43524,67343666929.75488,18372190762.13267
644.47528,18409659677.03456,4407853527.807047
644.51526,0.0,0.0
644.5553,0.0,0.0
644.59534,0.0,0.0
644.63531,0.0,0.0
644.67535,0.0,0.0
644.71539,96831264284.0814,11441547823.103004
644.75537,103174548826.77151,3410762680.460703
644.79541,21062274939.5179,1575917688.66844
644.83545,107210364882.24898,20274257648.43497
644.87549,131041056632.35716,22458006733.36629
644.91553,71452228510.92813,13749768424.718956
644.95557,8807499151.85603,1946960629.6212711
644.99561,0.0,0.0
645.03564,0.0,0.0
645.07568,0.0,0.0
645.11572,0.0,0.0
645.15576,0.0,0.0
645.1958,0.0,0.0
645.2359,61041722062.15445,5598132061.462895
645.27594,3033934784.09356,322188999.4091284
645.31598,0.0,0.0
645.35602,0.0,0.0
645.39612,0.0,0.0
645.43616,14912035030.28835,4148130963.840695
645.47626,1424646924.8586998,377775606.24092686
645.5163,118290041187.87094,14032239083.953512
645.5564,0.0,0.0
645.59644,0.0,0.0
645.63654,0.0,0.0
645.67657,0.0,0.0
645.71667,70085839471.2544,7584847750.44076
645.75677,63247177216.60525,8400680288.887647
645.79688,17657535764.98548,2412752278.336312
645.83691,31524232918.103558,2998734160.85704
645.87701,93499589271.80267,5437204436.5032015
645.91711,138694298305.86798,15502172835.087969
645.95721,149986953593.85864,3843700652.822776
645.99731,181054438140.72864,12374031094.636171
646.03741,156577247950.93033,14331397031.291224
646.07751,92493514913.41034,12932918723.874985
646.11761,67511233704.66798,11995792449.062788
646.15771,184642325602.64648,20595135227.45016
646.19781,554745319988.3638,56144874757.5849
646.23792,831204396345.2283,79107940801.28407
646.27808,387402836297.0997,39703507825.97547
646.31818,92577967417.74976,8817069693.075832
646.35828,60837762481.23677,7693753024.876217
646.39838,97244106323.70012,17091125717.500776
646.43854,74799828272.82462,14018695367.923922
646.47864,45548392222.730125,7107503412.032645
646.5188,23753058001.203438,1173457998.9589665
646.5589,26749639601.66203,2473228160.120528
646.59906,0.0,0.0
646.63916,0.0,0.0
646.67932,59799925168.19408,10465314504.51557
646.71942,47875781542.72991,6907512172.381075
646.75958,0.0,0.0
646.79974,0.0,0.0
646.83984,0.0,0.0
646.88,0.0,0.0
646.92017,0.0,0.0
646.96033,45326502721.497,5211922643.597039
647.00049,63712428870.19588,8261060911.905977
647.04065,31706407688.652637,5410990747.119929
647.08081,68690070574.408165,9307289949.77072
647.12097,16935601744.459743,192007374.03516665
647.16113,35445462174.49536,2092266696.776568
647.20129,76881825002.86201,7659434750.628511
647.24146,6070633458.322362,900874034.3249322
647.28162,23819279110.20698,3152633591.842374
647.32178,65618980394.08824,9610718566.504768
647.36194,116713851828.85,15938913399.707232
647.40216,217109500460.60397,13870449504.988377
647.44232,165538069602.6593,23676180300.700684
647.48248,160174451744.9766,14718663922.63716
647.52271,158624867092.14148,18581205524.461395
647.56287,126470202008.31296,12290490629.763018
647.60309,56223616303.36641,4101602427.152764
647.64325,55976817878.21524,4617218081.783182
647.68347,29474536728.10405,1889993093.2900836
647.72363,38365621729.03225,1238202974.898582
647.76385,49749066460.9754,1340295618.4356575
647.80402,31628033453.58184,2387561689.6522164
647.84424,12254110504.645697,1032586497.2831622
647.88446,44323105250.43952,4242473958.798903
647.92468,52564227967.004684,3617454286.783838
647.96484,26422959245.38505,400084325.9369971
648.00507,0.0,0.0
648.04529,50322564531.71905,7056945553.530069
648.08551,85935486686.49149,14450950813.967184
648.12573,141615511099.9219,23938205786.32959
648.16595,373345199974.1895,70228546172.00475
648.20618,613586321711.1426,90132887628.21844
648.2464,1116590207014.9836,59672658142.87104
648.28662,1592280510366.2036,90576654093.62604
648.32684,886820463109.6454,100733939990.14868
648.36713,553196747520.7145,62731676366.11138
648.40735,999883764639.2274,102540943094.11089
648.44757,1642775958752.6917,183218554990.4679
648.48779,1263867265614.2656,139985024672.52234
648.52808,344773946305.5039,34165153127.20381
648.5683,219014709523.05145,42932149975.83627
648.60852,278147911099.3836,54120068934.151405
648.6488,264336404704.5835,31901589561.7804
648.68903,177433719837.32526,18485791796.471462
648.72931,73270159566.25705,6502371172.282129
648.76953,59590058220.12652,5790281684.371783
648.80981,70537924260.57361,5282239863.558544
648.8501,92148715315.28792,2995854772.9636607
648.89032,239618098362.8183,12693257660.112057
648.9306,421107432882.7399,28820255889.25067
648.97089,287793463563.15643,24671158601.24566
649.01117,99345340886.8328,9279460495.000818
649.05139,67601774186.116974,7808179498.770169
649.09167,123620901919.44376,21155115892.17427
649.13196,416598748579.3458,55472184466.50297
649.17224,566327674704.1831,42612740175.322365
649.21252,0.0,0.0
649.25281,0.0,0.0
649.29309,0.0,0.0
649.33337,0.0,0.0
649.37366,204368917585.60492,35102002550.730354
649.41394,327692496046.7419,39591799428.68572
649.45428,493240764771.1248,56848665928.39473
649.49457,367853036394.9497,64864578644.1474
649.53485,166838459905.7466,32610184163.529263
649.5752,199523026021.5902,26298249825.54076
649.61548,451838105319.44434,15078052474.26706
649.65576,431654703942.4799,58543692582.56244
649.69611,217929368208.77176,23685589907.83658
649.73639,138341326231.64468,5436187747.876719
649.77673,215582989962.70813,9934829263.752522
649.81702,409678838904.70966,34594864471.367584
649.85736,369858522241.25885,23898359506.9558
649.89764,180608587357.37604,10252106458.73894
649.93799,136652954924.6984,9821842320.303623
649.97833,166912307854.09064,21874245924.536613
650.01868,641393029927.8575,86472269763.74304
650.05896,1298083724717.0776,53464867015.92997
650.0993,988251519597.6816,40323655843.96732
650.13965,421484118757.7883,10128141663.526443
650.17999,616133052248.361,11161126809.811666
650.22034,670133457823.112,36408122590.32011
650.26068,375899804294.1498,33737675994.91926
650.30103,145654669015.741,9447865864.88111
650.34137,231665925925.28244,19367081800.052677
650.38171,428721676687.6538,14756100481.012844
650.42206,212977482491.06277,5357804163.795932
650.4624,118354653504.28946,3566843116.9197183
650.50275,88540111165.47491,6534502991.51804
650.54315,325472662433.5772,20860725481.547024
650.5835,784788124775.4446,18824436223.082973
650.62384,328224483796.90265,11972681310.800732
650.66418,26107081412.701576,1787449622.40371
650.70459,84409524904.63084,10305821973.50692
650.74493,76098405837.96675,11050105563.198915
650.78534,127501136498.4735,17330154704.919136
650.82568,553744059235.2004,61997983067.88386
650.86609,673088925747.9789,94065424686.47804
650.90643,278980410850.591,44915213349.572105
650.94684,224732010450.37363,25293256868.114742
650.98724,331032733272.17633,39833939072.659096
651.02759,407733254345.7824,51542234373.508415
651.06799,509257110751.6888,25026360269.3577
651.1084,219146594072.6928,29199161910.53272
651.1488,122836652357.25256,21350819250.33861
651.18915,132262341310.6842,21054168996.615517
651.22955,294705428262.3826,32306557251.492912
651.26996,1221978406995.015,157846064167.6849
651.31036,610002475595.9596,66361651884.71691
651.35077,69367846698.74284,5180805206.028463
651.39117,0.0,0.0
651.43158,0.0,0.0
651.47198,0.0,0.0
651.51245,23913822598.497444,688830672.7779778
651.55286,0.0,0.0
651.59326,0.0,0.0
651.63367,0.0,0.0
651.67407,0.0,0.0
651.71454,26041317981.40826,2914803626.1298475
651.75494,51906306884.874855,2628141702.9477773
651.79541,166761350018.75604,10848382864.727703
651.83582,143442164625.1811,13658721905.085526
651.87628,35557040074.29533,2649721401.3847866
651.91669,60330994500.85582,2669371387.317281
651.95715,134699993367.86528,7022171467.205899
651.99756,215131180418.55652,11195166372.835333
652.03802,242073485493.66983,21927272641.662037
652.07849,279864543466.5032,10460317949.071058
652.1189,105010104295.19188,3703122668.224637
652.15936,75243591316.2229,6961929831.607772
652.19983,81358014653.51982,4297060942.456055
652.2403,64890198485.79917,2836587250.3027573
652.28076,82231111914.63437,2681050248.203531
652.32117,64889155092.99896,3075028233.03174
652.36163,35087205122.18547,5030492556.664045
652.4021,34100924601.75757,3466194530.9363723
652.44257,108430923090.31989,5737066606.9695
652.48303,330058186685.70667,13089410761.91986
652.52356,397945998489.0767,38620557906.25171
652.56403,213909633841.66196,20301197195.678345
652.60449,79703249096.6985,6436247748.108111
652.64496,0.0,0.0
652.68542,0.0,0.0
652.72595,0.0,0.0
652.76642,36144460665.55135,4876252577.480139
652.80688,60420322509.97942,3751272827.44493
652.84741,76482945757.2368,6455960165.966596
652.88788,88451011378.09317,4652888706.734677
652.92841,58969217360.65199,2136765486.1654744
652.96887,67108763249.31452,2733610006.41174
653.0094,57698861643.358765,1569472138.3312106
653.04987,0.0,0.0
653.09039,36734539741.254005,1532494108.688442
653.13092,275091671333.71234,15894190510.438787
653.17139,524217595958.7696,39031927517.26709
653.21191,265798659982.44907,25708469009.206173
653.25244,137957193871.0377,9378844491.468956
653.29297,84466688754.2503,2823903776.2959986
653.3335,66309569530.32213,4909081929.787072
653.37396,83377905768.86926,6395002310.630935
653.41449,87259382020.1427,5127426598.082261
653.45502,175051318123.9825,10122366641.54804
653.49554,724333661419.063,33977408531.3446
653.53607,683609533359.8346,37818590190.155205
653.5766,256852970196.9528,11018701230.155748
653.61719,464866332254.4228,12727510540.03918
653.65771,563732445512.1865,15008732865.216106
653.69824,255892455258.68808,11124684385.681746
653.73877,137482648431.54013,5414605469.626542
653.7793,116216739257.67577,2301666359.7787714
653.81989,151885677362.90198,5663843378.966219
653.86041,376217148696.287,19663819302.536545
653.901,1118952070737.3765,101247195446.37527
653.94153,996805392655.3676,135873141607.4246
653.98206,552071450296.9589,78645461517.85562
654.02264,84818520261.79852,9544918615.84937
654.06323,83140956252.58717,6279184299.932753
654.10376,98476047970.98436,7665593165.277148
654.14435,202185307798.6816,20050878773.37803
654.18488,348889445913.1645,20095641061.986324
654.22546,194475142917.5789,10237504291.768835
654.26605,0.0,0.0
654.30664,0.0,0.0
654.34717,29767366167.3954,959702712.2250932
654.38776,97141820023.75212,2782259258.6873207
654.42834,66954147987.21356,2920120518.6736827
654.46893,104178112198.20927,7281275632.746284
654.50952,189529195971.2519,14738290576.702404
654.55011,94512233833.8989,8498300441.1300335
654.5907,32075192758.38786,2298522174.108157
654.63129,44941535205.7681,4021560365.613516
654.67188,67996039891.83552,5537676158.91844
654.71246,72610442617.98573,5832032978.484813
654.75311,67914325114.95218,2678225534.587505
654.7937,94178607572.62184,3161070918.9518685
654.83429,98181293049.4002,4807246413.270431
654.87494,132165804581.08994,8881445180.742037
654.91553,143709558571.20752,3818297158.031541
654.95612,183316624747.6557,3623360099.617757
654.99677,308679282769.10614,7900703960.827874
655.03735,434245137208.6216,20890817813.028168
655.078,255816015089.0424,23942265398.58172
655.11859,383704141360.4993,44187524198.9065
655.15924,530148789723.0826,42711004100.58955
655.19983,399234198275.6709,10945911043.080889
655.24048,311727111625.29193,9533772100.901545
655.28113,461107552426.9928,29793037100.46638
655.32172,582050329174.2979,39455140881.17739
655.36237,419674616908.6581,16531996850.895596
655.40302,616678859425.8578,17069580616.684336
655.44366,613165216808.0446,33161534982.659798
655.48431,412639218407.5248,18975575688.21526
655.52496,484692729668.0314,11931149856.741451
655.56561,524378140476.5467,15098004352.823277
655.60626,631704664360.4652,38351714242.96605
655.64691,902310657541.9832,64912055633.37539
655.68756,1256478165365.027,50480176950.18133
655.72821,1856215430225.2512,33455698504.35648
655.76886,2514158419356.706,72076961294.8738
655.80951,3498698665739.6245,109137096963.31071
655.85016,3997356423605.607,233224248455.8908
655.89087,5340837311237.632,442931828304.2
655.93152,8697701498323.598,933630801331.1924
655.97217,18614651304325.41,1821948417121.776
656.01288,53497780127933.26,2611220514735.457
656.05353,127789839724634.77,6382378921537.434
656.09424,199984313174737.72,16665106130618.734
656.13489,198724358293132.25,16403919911936.008
656.1756,134446725281054.8,6341182602154.728
656.21625,61980617009152.06,980282899406.3688
656.25696,20589784868332.4,799612086325.0509
656.29761,8476924577698.286,518719661857.1428
656.33832,4991057815289.992,206979651361.9608
656.37903,3316445804785.424,122044000117.84544
656.41974,2232488548271.437,102950656705.57472
656.46039,1886201916902.045,90106159653.18384
656.5011,1717031296831.895,44382973386.74439
656.54181,1202716064963.6792,63161346693.97712
656.58252,1104145075789.3062,102753937643.55296
656.62323,1402846155001.067,102847770661.22037
656.66394,1630699836782.1226,118448705151.0402
656.70465,888603617276.216,81936963680.7094
656.74536,1260184750477.2698,87699410705.6395
656.78607,1277071858209.0903,115029544181.53268
656.82678,413587115285.8298,26945054693.06
656.86755,313552718580.07446,18750167869.395355
656.90826,292578810181.8251,23667471950.7644
656.94897,327476623182.8746,23797655511.580223
656.98969,370222837607.7532,23453246847.62629
657.03046,180762349303.69263,12023681722.910172
657.07117,15032745465.147623,1104447184.34441
657.11194,90970970806.69574,4117989891.755569
657.15265,141869993767.10785,6909139588.419341
657.19336,279290174919.175,28643093290.512424
657.23413,278580638591.16364,28042654360.41199
657.2749,306887694518.9374,26955712739.292957
657.31561,502736842037.3509,63729535790.21718
657.35638,486957797360.1264,72237012714.11447
657.39716,203204082811.09525,20764206809.902954
657.43787,96062124521.24136,6089813593.337308
657.47864,77764328389.79105,4765525806.848534
657.51941,80943883282.71327,5105677217.544877
657.56018,0.0,0.0
657.60095,71501148686.57483,7682663448.387009
657.64166,272510892122.97424,21255342757.983536
657.68243,241575078388.24655,17770447095.441147
657.72321,116265230551.7569,6965722965.95261
657.76398,132585733625.1917,7224775357.850273
657.80475,171290255538.75916,7280012237.702452
657.84558,156035830650.2417,12141848242.551828
657.88635,390659487598.0926,35827152310.55757
657.92712,318521862808.3624,18540773745.540672
657.9679,278967697963.9283,13581724306.20697
658.00867,250469799715.55487,14658033343.749767
658.0495,103147741944.96608,7216871553.841986
658.09027,128928673143.03662,12853514035.032331
658.13104,42302085270.85312,4976969480.969351
658.17188,55391480583.70568,5478182238.186288
658.21265,49819857973.86828,2076807198.7446213
658.25348,49946079018.16341,1304387962.885548
658.29425,89738573052.17287,3964593539.7517023
658.33508,64583877637.1553,2508361733.1887083
658.37585,36605368421.1497,1931259043.7788348
658.41669,23966706646.199112,2132577130.17461
658.45752,31511878147.641693,3144057200.2671905
658.49829,62027424122.66008,3887870366.849591
658.53912,0.0,0.0
658.57996,0.0,0.0
658.62079,0.0,0.0
658.66162,62280177843.230255,1766441819.2759578
658.70245,59569688241.28379,1498751164.0441446
658.74329,19132449457.682453,686736913.9142592
658.78412,39040299586.56441,1558632628.646118
658.82495,189421689970.1933,4722687258.605159
658.86578,227490547070.1789,16040836983.83956
658.90662,121736939529.12674,12229220807.294697
658.94745,111310373787.95752,4911060364.035609
658.98828,69391893069.92091,2673377375.94177
659.02911,105404577447.60298,6998418024.444831
659.07001,155895692760.3969,24067792838.697803
659.11084,139192064796.22574,29633187545.10722
659.15167,275060040759.3269,39123564834.33317
659.19257,173756761934.43222,7369257447.184215
659.2334,80664056455.94672,2215851612.758853
659.27423,54587158534.18535,2159378623.993884
659.31512,81824712344.79439,5189509970.751586
659.35596,94834423589.71968,7415598621.497142
659.39685,102440609024.1327,5196435706.58679
659.43774,40284157075.25874,1554706195.6284857
659.47858,100740111405.7968,4450212500.812646
659.51947,172879639502.53476,4894245730.414619
659.56036,82550561573.79944,3226477459.8702245
659.6012,86630039175.28731,1698391735.2751813
659.64209,0.0,0.0
659.68298,0.0,0.0
659.72388,0.0,0.0
659.76477,16859308845.523905,2385667779.5317683
659.80566,89023116173.52629,15359847005.782442
659.84656,75571011439.3178,8762649559.137774
659.88745,0.0,0.0
659.92834,0.0,0.0
659.96924,157995537402.23944,24010308409.7277
660.01013,704115348347.4076,54442243747.55011
660.05103,572598488474.4207,21730392506.25286
660.09192,243704826639.43637,20593273423.916702
660.13287,105084048565.22772,12046908961.394712
660.17377,12166500028.02571,1370499400.1186028
660.21466,37469830977.23531,2907216769.559326
660.25562,17754730775.370872,800702392.7378017
660.29651,4696789106.674775,291348300.7509072
660.3374,0.0,0.0
660.37836,46464390109.0884,4878247934.293052
660.41925,206026524661.76532,16448241989.48489
660.46021,589726883208.5275,33660896572.325542
660.50116,752978655628.3567,32524492369.96696
660.54205,0.0,0.0
660.58301,0.0,0.0
660.62396,7037139931.728304,385579948.7946648
660.66486,42597895178.87398,2221024608.1776714
660.70581,0.0,0.0
660.74677,29276822452.38892,789473213.0380511
660.78772,0.0,0.0
660.82867,1160420936.335053,93184093.44747472
660.86963,19670076734.14067,2170683283.2205253
660.91058,44519123767.17442,6668335023.190584
660.95154,72960941860.71078,12406767746.683796
660.99249,67924280264.77516,11933556963.147629
661.03345,85418924123.36269,20324787042.335243
661.0744,0.0,0.0
661.11536,35650487543.21346,8764479388.948975
661.15631,112652944106.3112,24919100120.618965
661.19733,116923378674.09872,31149675901.5577
661.23828,462081805759.978,120743729809.01505
661.27924,974903576179.0404,222770465973.71567
661.32025,1579146090546.257,306183254326.5527
661.36121,1936988521439.3533,135332525095.02
661.40222,1308108427419.7087,27782006158.1791
661.44318,1283108478953.1814,67742689133.7719
661.48419,1218987845058.3794,142903116549.91464
661.52515,314994566579.5676,40669035281.05444
661.56616,96210239515.58005,8836808180.737925
661.60712,301931549626.91205,51027547947.447655
661.64813,0.0,0.0
661.68915,0.0,0.0
661.7301,0.0,0.0
661.77112,166052479300.47678,62790993851.43458
661.81213,128790835367.39745,42499504381.25483
661.85315,119222614577.0213,51980541988.42499
661.89417,33750809965.792774,13670784754.73334
661.93518,0.0,0.0
661.9762,39540691090.23659,5082319684.8374405
662.01721,206040966198.47397,15264835430.87594
662.05823,309660662860.3768,31860845149.041737
662.09924,340203996299.7797,40881915371.55205
662.14026,118007869550.55298,15310417694.768476
662.18127,0.0,0.0
662.22229,376164569949.93726,35155628212.76784
662.26337,1511620646492.3523,95329135619.61264
662.30438,1479659154855.2688,91359309159.18468
662.3454,692049176518.0066,101208152748.9582
662.38647,1244730144252.412,275104143962.1669
662.42749,4070882929260.069,1032746887164.5872
662.46857,4215047946257.06,781551286454.525
662.50958,1710305926637.5378,152339593691.1944
662.55066,299793906685.12573,19928659045.02497
662.59167,64986183785.20949,9641788807.315832
662.63275,0.0,0.0
662.67377,0.0,0.0
662.71484,106499121408.16618,4362954999.897372
662.75592,372560580674.1913,55312621026.88731
662.79694,393030885793.1006,104844813830.4692
662.83801,483590287727.90686,110752983283.05627
662.87909,1363206280215.9526,192912645055.1085
662.92017,2072573321694.3584,215911966873.7724
662.96124,1431253860757.7922,109472826856.30032
663.00232,654046424689.7688,76536802320.75453
663.0434,332570112111.769,65530492736.04395
663.08447,135257746617.87054,27076993700.772903
663.12555,59041277379.85939,11942437824.645857
663.16663,101766551807.50864,17638309882.946323
663.2077,108449594076.64928,14950390597.31174
663.24878,123308235154.53046,13054545517.767324
663.28992,188423878639.2429,13470176589.145672
663.33099,236593931565.1193,33464216465.749462
663.37207,347953700610.4993,66726347191.98069
663.41315,229746151452.58563,54342958941.8245
663.45428,65196824415.26852,19125829582.75373
663.49536,449969687417.5991,120011946814.03412
663.5365,1595469883046.7903,418483432535.5075
663.57758,3447319935274.5054,991004135328.3556
663.61871,2021893453444.276,567058627474.7822
663.65979,395673201368.12775,88590317050.0303
663.70093,230184386869.9907,36524092089.96597
663.742,216216344812.7907,21757104099.689026
663.78314,680645438049.9337,62979252216.537865
663.82428,1472709053264.198,231859647441.9986
663.86542,1118014589568.8003,176812090791.57956
663.90649,166785558454.01556,10312797389.45477
663.94763,22765979899.097263,769122298.6208879
663.98877,187460068327.51248,13401718033.714718
664.02991,136283876428.14893,13409500795.373594
664.07104,0.0,0.0
664.11218,0.0,0.0
664.15332,0.0,0.0
664.19446,29654632466.701767,1744701714.1429372
664.2356,86592601958.07004,12776828229.359186
664.27673,87042786102.0793,14690639256.375574
664.31787,0.0,0.0
664.35907,221333281982.67825,18868105785.23572
664.40021,729937246860.2378,106547763861.5148
664.44135,745939453439.5851,162766119207.53522
664.48248,250249820177.31592,39684887917.31295
664.52368,169139710169.00616,16011160808.719925
664.56482,36247068511.66133,2809597511.1981487
664.60602,105167431677.44807,3918100788.454352
664.64716,0.0,0.0
664.68835,0.0,0.0
664.72949,146384560987.11313,11476942336.889076
664.77069,206647401316.88812,16319988796.2495
664.81189,63029692650.766,7885227697.154325
664.85303,82625460708.30046,14732867500.847178
664.89423,23588146966.25909,4824555663.345267
664.93542,41458466317.68845,7573653310.816429
664.97656,58722583092.024414,8444930760.090127
665.01776,73364346709.18794,9078194621.335363
665.05896,63266283169.88594,7322698449.459526
665.10016,0.0,0.0
665.14136,78848536256.68544,13418319389.652351
665.18256,81592925505.15291,12742173702.331554
665.22375,54146040193.9872,6606825153.20608
665.26495,68391640620.24711,4109378982.958628
665.30615,0.0,0.0
665.34735,0.0,0.0
665.38861,0.0,0.0
665.42981,0.0,0.0
665.47101,29068587033.197857,1591782534.2933142
665.51221,0.0,0.0
665.55347,44708866809.99414,1931917586.74853
665.59467,74865487541.82187,2883652752.57244
665.63586,15647118286.306532,1328891672.8221784
665.67712,31940555548.039272,3153939648.044266
665.71832,87183824785.09866,5096859365.8378105
665.75958,211556325461.81863,10891120259.671331
665.80078,191706294424.3057,12206310790.843897
665.84204,62584401397.06119,5526562062.940611
665.8833,6866234042.212826,827729643.6287826
665.9245,0.0,0.0
665.96576,10502113433.518456,716526717.8030216
666.00702,0.0,0.0
666.04828,0.0,0.0
666.08948,78931227866.95166,12648723248.616802
666.13074,23537898540.70664,5290523796.468677
666.172,0.0,0.0
666.21326,29890801622.653316,5531032452.93249
666.25452,5366232209.573912,913638488.8417932
666.29578,0.0,0.0
666.33704,0.0,0.0
666.3783,0.0,0.0
666.41962,23888831243.41927,3224720593.625738
666.46088,0.0,0.0
666.50214,0.0,0.0
666.5434,27108616716.07905,4274843106.349774
666.58472,0.0,0.0
666.62598,16001295448.376406,1472279767.3590586
666.66724,93945078462.5402,10312597092.187927
666.70856,74849418418.68417,7464063137.096203
666.74982,23976128804.30325,1394685920.7339568
666.79114,9489149296.607096,232218005.44876865
666.8324,64385227660.72953,1868950457.3032825
666.87372,69588884136.1208,3904104244.272199
666.91498,61332419395.284615,4746376674.749956
666.9563,37041156650.84335,2852109713.149699
666.99762,75841455771.42311,5836699618.881469
667.03888,47719620482.7551,3950327561.574287
667.0802,51803555256.36663,6021380261.489486
667.12152,46638532178.44808,8164813385.39195
667.16284,35962078788.84143,7141336484.284892
667.20416,84983185567.95462,12481323288.047272
667.24548,162840294918.51395,15977118595.997126
667.2868,380631909218.10254,37811341954.85893
667.32806,277550330005.0002,43830987208.0699
667.36945,61560149218.90091,10893899880.815184
667.41077,6659606879.271591,906267525.4073448
667.45209,251754405164.11227,20903335104.145813
667.49341,622173054911.646,48672294049.40061
667.53473,48525549031.715416,5026566694.357467
667.57605,0.0,0.0
667.61743,0.0,0.0
667.65875,0.0,0.0
667.70007,0.0,0.0
667.74146,53136836493.61563,11029691897.796556
667.78278,84078447615.82524,12085867101.964628
667.8241,80171899212.17924,5775004924.790868
667.86548,0.0,0.0
667.9068,65079815128.30113,5383438948.652023
667.94818,27671560673.518703,2402748618.7060146
667.98956,57018974111.72698,4013961761.658719
668.03088,14109190493.439938,1230341418.3617
668.07227,47440384767.25144,4578937314.596756
668.11365,10140872195.13355,850947096.4501321
668.15503,0.0,0.0
668.19635,0.0,0.0
668.23773,0.0,0.0
668.27911,19950508658.410248,1402530590.0791116
668.3205,3247487219.1946583,398180334.18796575
668.36188,167284238304.19662,21157588392.594936
668.40326,95094706581.3738,8022478192.873927
668.44464,27315502850.61838,2366327205.5563254
668.48602,27691746100.21063,2670380951.010413
668.5274,66093156896.86159,4813904711.636227
668.56879,3344938276.2223043,171305967.24401626
668.61023,66069096000.50412,4541643982.53959
668.65161,142100090080.38168,11502589097.444857
668.69299,176166510202.67,7452021430.230178
668.73438,58994716838.982346,1780766003.9060874
668.77582,146221065008.16547,8628769290.387894
668.8172,165968173484.56775,11380923996.289366
668.85858,170962946024.78186,11532192008.071665
668.90002,528803555354.0777,49015089559.42556
668.94141,1120062209531.0225,138637129312.14832
668.98285,600633386831.2576,95856260292.95927
669.02429,97760889960.69504,16949098035.424318
669.06567,158748672569.7414,22475498912.631363
669.10712,132822454287.6556,11678813003.758535
669.14856,206096401882.62463,10002716818.312525
669.18994,359690187915.40594,11866300149.163038
669.23138,547711697561.1194,26455492988.543594
669.27283,318860032801.3673,32700512958.295265
669.31427,225595137069.2116,33537636616.34585
669.35571,80823070034.34198,12928069416.705044
669.39716,87270080105.194,9979579363.13962
669.43854,68057836790.75639,4624618823.107924
669.48004,61101486139.20968,4320747692.930316
669.52148,221505761020.26923,19609796375.131123
669.56293,173424267125.96786,10689770631.88482
669.60437,63423868620.09918,2941967084.1234574
669.64581,34007345620.76921,2856491539.479044
669.68726,0.0,0.0
669.7287,0.0,0.0
669.7702,11668690152.64593,638494616.4325031
669.81165,28823007271.744564,2136999957.4863007
669.85309,70172988011.35211,6878025928.593682
669.89459,27274815159.26034,1909517920.167173
669.93604,0.0,0.0
669.97754,89027460464.50943,10348191306.239304
670.01898,59918366752.95965,8381155686.582292
670.06049,115025650399.9302,15585970044.942194
670.10193,137880830484.08716,13228955445.908625
670.14343,302667003983.53125,12874704482.24225
670.18494,292348600873.5479,11575755429.31926
670.22638,127889092727.03882,10173365281.385756
670.26788,33166214790.58745,3471906140.8264084
670.30939,40142823846.805725,4949544199.566878
670.35089,82263769972.72467,12430970288.88327
670.39233,96557013177.07224,13552642080.622482
670.43384,188808511119.7953,19511038558.858376
670.47534,329847676798.53284,39719920659.37991
670.51685,186057861918.17783,20080688873.21011
670.55835,150945864660.8689,7208533738.797108
670.59985,170516754733.73874,5294548340.151013
670.64136,228650861648.15945,12971038546.117657
670.68292,706277625031.0941,40764433252.46229
670.72443,1263543234410.671,43692062895.39508
670.76593,1737202494050.75,117510325705.5976
670.80743,2866672691857.4336,281040491213.3116
670.84894,2328747431509.5376,175634950707.96167
670.8905,1149061762485.0522,45166189288.50107
670.93201,735052911733.6423,51236126347.58652
670.97357,146264385242.56326,16908487081.909056
671.01508,0.0,0.0
671.05658,65584852587.32288,5438038735.259237
671.09814,239599437844.41583,23398364092.81691
671.13971,460872738713.07697,72381242379.90343
671.18121,528144004500.85913,94800000984.61716
671.22278,160897479420.6042,24419313651.235577
671.26428,94481111040.48686,11844312989.896372
671.30585,68482433197.85492,9955302603.09641
671.34741,29762815727.00182,4956953336.325001
671.38898,2923663630.288065,338943444.3300095
671.43048,23804920882.535114,919999022.789082
671.47205,7220373576.727403,245819920.4365159
671.51361,0.0,0.0
671.55518,6939540386.701375,537994714.6229848
671.59674,69699514927.14917,6087445703.032806
671.63831,48770228715.66648,3831487385.1864114
671.67987,99408223877.3846,7182839689.636007
671.72144,101485102344.66718,5311502530.396115
671.76306,106718095075.50755,6784626801.272693
671.80463,116061236013.97452,7421953203.577525
671.84619,271587928605.09796,9292942909.989952
671.88776,703565660004.3386,26617098002.83512
671.92932,777728948969.7885,54722215773.41193
671.97095,395220254272.9444,30572952986.09151
672.01251,574133587210.742,57719978272.55036
672.05414,623328464591.4894,65104713748.66789
672.0957,226871101397.51883,22737655397.058765
672.13733,98603902302.86797,7166490245.207183
672.17889,59215622398.07221,2489816592.9391904
672.22052,26402734588.717487,1618096562.0270162
672.26208,82526220790.46423,7516015085.571462
672.30371,255984812623.42795,30864032831.843178
672.34534,208630683640.51355,19830043388.292763
672.3869,0.0,0.0
672.42853,0.0,0.0
672.47015,36481178944.99339,2939316738.0328307
672.51178,300465156767.6989,25630878950.68379
672.55341,344742842561.83606,29478506725.58595
672.59497,209438261361.64984,19222015812.08736
672.6366,177447217350.70618,19919654136.114307
672.67822,370654176329.5239,32877745509.98052
672.71985,261645035463.4944,33836447563.50844
672.76147,0.0,0.0
672.80316,0.0,0.0
672.84479,0.0,0.0
672.88641,3779964802.8431993,472427024.2912389
672.92804,20776680749.08798,1221981244.351351
672.96967,28788820367.272327,955176475.5561472
673.01135,67341433127.043495,4105807715.273592
673.05298,66222529070.53902,3505819756.4136977
673.0946,7342480951.528322,369636600.60805184
673.13629,22242366520.255974,941782841.8296828
673.17792,128953040855.28024,4653297571.300189
673.2196,0.0,0.0
673.26123,0.0,0.0
673.30292,0.0,0.0
673.3446,0.0,0.0
673.38623,296922466074.2176,22666355643.487724
673.42792,712517047331.081,33305948304.723988
673.4696,478459143382.13416,32350665286.12907
673.51123,387137475303.2887,13556016847.945362
673.55292,352362803466.5726,7373320149.93779
673.5946,33637604859.21997,1558472661.6093757
673.63629,0.0,0.0
673.67798,0.0,0.0
673.71967,44305608336.43281,2467308037.0110984
673.76135,111084494698.11978,10987537564.37556
673.80304,125484732140.00484,17610075206.552383
673.84473,491937163099.014,48410479440.479256
673.88641,575520964473.196,35205342876.265335
673.9281,292779967126.0885,20676536520.5319
673.96979,360224767730.2864,26275021056.368584
674.01154,602544979179.5177,49622796678.91168
674.05322,1579121483973.5315,113319648132.45448
674.09491,1036247822583.2316,52834346092.95032
674.13666,274603105989.93185,18189122627.09816
674.17834,157539620695.8122,11622234117.202484
674.22003,39232486807.8664,2929472731.6494327
674.26178,81046094854.09442,3091298926.919629
674.30347,128362153586.46674,4032767638.0838857
674.34521,402964649855.4835,27992783153.793976
674.38696,828476851102.8994,60099259233.85437
674.42865,450408552790.4134,18783013082.04005
674.4704,176679741427.3564,8867362360.378197
674.51208,248778334502.97467,19967832622.13959
674.55383,723593826002.5183,49771289538.00375
674.59558,402481158628.9769,29983957870.30367
674.63733,174448918567.19202,16688472442.451012
674.67908,313422734390.8694,29566669179.91194
674.72083,329661180654.0902,22305852004.48096
674.76257,310081711114.8769,21227111627.64185
674.80426,188692286069.5676,9655059190.970736
674.84607,175177876906.8699,8303260046.397447
674.88782,174428337921.7038,11248324443.5118
674.92957,99532759139.39632,8186931913.161012
674.97131,122659710467.9686,5690421383.78933
675.01306,179088447702.24896,5245123415.544087
675.05481,528528267373.8637,18634512507.90445
675.09656,1077741154156.4906,32240892893.947685
675.13837,781340150076.889,31481140755.88293
675.18011,157778535851.26868,5823410544.980185
675.22186,229853543832.3444,6621077638.57533
675.26367,330691423090.1094,16695785703.750963
675.30542,373516666617.7898,22171320642.505123
675.34723,578347875979.3368,24759744981.840298
675.38898,775964619181.5519,31625842036.144093
675.43079,920571268225.8064,58702795363.66991
675.47253,631726748357.9537,54865013307.80773
675.51434,538434579282.256,42285140149.14687
675.55615,882658955547.4626,59652641927.04073
675.5979,619767382669.9515,51049717449.787865
675.63971,452718432290.823,49484034387.5897
675.68152,468257208263.148,56417372209.15662
675.72333,167821643726.56476,14822305732.786512
675.76514,2454662173.368491,241128519.15901077
675.80695,18737339066.621918,2233868138.489218
675.84875,10946135658.034515,725610163.7948393
675.8905,0.0,0.0
675.93237,0.0,0.0
675.97418,47122616816.19514,5203979114.163688
676.01599,68905832536.38876,5748492111.532198
676.0578,37629904428.05482,3837640320.8674526
676.09961,54442038488.17009,5776249560.810053
676.14142,57378737558.76744,4580459191.937744
676.18323,66174336331.57581,5316440282.972672
676.2251,42714872094.24792,2657591073.990763
676.26691,164275607634.0125,7907035100.19845
676.30878,215270223237.48303,8186709224.643148
676.35059,111016992660.73756,2976887391.078314
676.3924,97864012906.72758,4196960252.444096
676.43427,112326020316.53925,4897140134.679672
676.47607,127787951620.64668,5375901471.173119
676.51794,228083273748.83972,15946769720.498672
676.55981,703545849402.7186,56167051627.27031
676.60162,2090102847941.213,169412468758.50644
676.64349,996793037344.0958,82334918340.35854
676.68536,219157235932.0456,16284762461.938211
676.72717,125128204925.38536,11293369067.663445
676.76904,142142408693.3577,14670039702.915749
676.81091,92543892247.65694,5409437086.416988
676.85278,125590310427.38982,7507869625.652093
676.89465,110396981439.87852,11603762406.449696
676.93652,106941301764.85106,10436452511.847906
676.97839,134254482836.20956,9323904902.195145
677.02026,95604310951.93036,5574586713.756043
677.06213,104803134463.42915,7445389559.04573
677.104,127311770569.3477,9355674423.353329
677.14587,183874885620.19836,16350168951.660131
677.18774,117296373834.44926,13362172026.853462
677.22968,138590160730.81406,14381836309.151611
677.27155,212316391369.8142,12121770870.341406
677.31342,211116119778.2069,11129784538.860443
677.35535,178416253195.92902,14342471009.937187
677.39722,222490322065.251,18979176240.80681
677.43909,325251531269.4934,21090335341.923447
677.48102,583620196410.1576,40341532300.66259
677.52289,873532649793.6135,120938416472.46626
677.56482,692067175573.1404,113344610306.06412
677.60675,456213005873.9851,68087706626.41424
677.64862,485223157142.2297,56170673237.161095
677.69055,555967338600.7758,48658411129.13883
677.73242,593999794851.9598,90504208973.88428
677.77435,609867658814.3987,108049544838.63968
677.81628,715645067886.8728,103563070902.44362
677.85822,767439086422.535,118192871626.45972
677.90015,1051754935086.777,145668894775.52148
677.94208,1698985022407.1597,163666683578.05997
677.98401,1476687619545.3003,120833554005.37608
678.02588,1203791032743.1997,101493503111.24738
678.06787,1242501637579.2102,78884846861.35529
678.1098,2178384754047.0664,151494734510.89227
678.15173,3494560663388.7246,248411780384.0192
678.19366,1820542283786.1636,71399989480.16713
678.2356,1885436896257.6365,24156068488.734047
678.27753,2685881034011.6514,73658269180.85976
678.31946,1265564917192.4175,81946939169.83507
678.36145,1053071260252.8315,80011400692.5323
678.40338,1301322715425.523,77245279565.28172
678.44531,883466306831.4568,42289698249.2731
678.4873,745696960518.8533,34348107255.798832
678.52924,691049824887.3606,17667587770.75289
678.57123,843477182818.0449,14241824183.428003
678.61316,981170561087.9352,19757283271.15793
678.65515,1070478482469.23,22654486017.828907
678.69708,597524936733.6936,26002129100.053013
678.73907,353573842657.9118,14466666151.933908
678.78107,281716654861.7889,12531951308.405115
678.823,242409367296.6402,21435138972.10101
678.86499,294842813822.13947,21860090939.4778
678.90698,315983650963.73785,15644181738.398075
678.94897,208448884202.6408,5292572552.006536
678.99097,154407438161.15802,2102809434.5476289
679.03296,146656407680.0123,3378978704.3227987
679.07495,127075954266.43983,4761937520.889025
679.11694,70845278716.1316,4057206568.664457
679.15894,31505701178.586,1739193955.937568
679.20093,27212082952.726456,1314826425.7785614
679.24292,116573933788.95122,8303975440.470816
679.28491,115643291175.3935,10238972392.968697
679.3269,140603211909.01447,11569014770.937485
679.3689,125833122605.6138,9106940263.54329
679.41095,196357258261.3584,9741948486.164268
679.45294,538998735409.1256,44846617628.38118
679.49493,424795861912.0948,54161378401.62631
679.53699,0.0,0.0
679.57898,0.0,0.0
679.62097,431366541248.12354,22023631323.952377
679.66302,952860962499.0344,43220562134.06106
679.70502,367667564634.6017,21883288080.9454
679.74707,14158999458.873196,681335029.398812
679.78912,47572645711.57001,2104423608.5336576
679.83112,107211549443.534,6047289932.709894
679.87317,121295340979.67184,6670300192.658813
679.91522,212367506595.51236,15070649240.695229
679.95728,516628744401.9554,25451677164.03045
679.99927,514283820635.0676,12241062113.031178
680.04132,477661027515.8054,20254961466.958862
680.08337,630698262387.9211,37609170901.92209
680.12543,664014336232.8026,36407225077.80804
680.16748,217833958044.8248,7087568711.747067
680.20953,68999828949.0806,3546619725.251548
680.25159,82341773442.01613,3100441964.705055
680.29364,247526612961.6169,9035192681.193045
680.33569,403857718678.9744,13392022617.254492
680.37775,510478399066.2987,25833360298.82042
680.41986,420022513921.6282,23424037063.889767
680.46191,508973586422.7671,29241498110.12665
680.50397,527855201669.41656,35505014387.69395
680.54602,687051358164.4517,33217377870.75269
680.58813,466842282584.5321,22433210427.771618
680.63019,176261189793.78403,16801219085.904709
680.6723,104304699930.6921,8903438266.777245
680.71436,81849762744.39845,5571610580.079108
680.75647,16671706513.060184,1054515909.9970816
680.79852,0.0,0.0
680.84064,0.0,0.0
680.88269,45857365361.89413,1070127833.1393318
680.9248,206422908483.06863,6191730369.533316
680.96692,781992461770.9569,37347529417.97763
681.00903,961582617168.8364,80404938630.44655
681.05109,456261747107.35016,56013645125.339455
681.0932,101471531541.51086,16041789262.566605
681.13531,0.0,0.0
681.17743,0.0,0.0
681.21954,0.0,0.0
681.26166,0.0,0.0
681.30377,48450723515.59148,4000730258.8274736
681.34589,240128695532.8699,17248701067.642628
681.388,459291453065.77686,30792188181.716373
681.43011,403865942265.7816,26823495861.58723
681.47223,25241295365.247387,1274912327.5631754
681.5144,0.0,0.0
681.55652,0.0,0.0
681.59863,228957977990.95035,15435585039.505606
681.64075,504227524625.6286,44178141834.57523
681.68292,575920783627.4792,59512064559.60912
681.72504,648661167073.0453,47182096318.63917
681.76721,429094598719.012,15860602322.05221
681.80933,507404064894.4763,22769808915.56856
681.8515,535833963549.3944,44578790248.09448
681.89362,228799802959.36588,21076307100.7377
681.93579,133913694308.72668,10781258522.348394
681.97797,115432578587.06284,17712686243.236713
682.02008,209721686895.9189,23787303247.547672
682.06226,394350896166.1792,39064488885.400345
682.10443,131376756174.59128,10093057891.241327
682.14661,128548131111.4226,10289511449.921602
682.18872,144254585070.83057,11967601561.810247
682.2309,320092221217.1553,7843198940.578569
682.27307,966945087078.0092,19859309820.02887
682.31525,790176979977.601,31940471957.547
682.35742,577154463006.0535,53892034068.6009
682.3996,1671083394452.2646,195474387694.1617
682.44177,2546599407796.9067,242348039225.95712
682.48395,812923908828.6447,49991742927.86852
682.52618,144921822814.0821,8378046435.703181
682.56836,154408755189.40335,7958579997.420158
682.61053,442752653396.97125,13113052053.90822
682.65271,591760898753.5685,28115518323.53573
682.69495,302872660240.628,23795349523.091698
682.73712,113874499493.9166,9177616588.63447
682.7793,141705289909.3716,9944418971.822828
682.82153,213187454864.25613,14535451970.606472
682.86371,210381583836.87408,17850553642.647175
682.90594,237670678499.0455,45361692627.73585
682.94812,65177244607.37296,9961952448.64839
682.99036,0.0,0.0
683.03253,0.0,0.0
683.07477,0.0,0.0
683.117,0.0,0.0
683.15924,0.0,0.0
683.20142,0.0,0.0
683.24365,0.0,0.0
683.28589,49982378960.85002,7717467151.747585
683.32812,93577103197.12988,15353929731.777231
683.37036,70512914785.3128,9403036593.41302
683.4126,0.0,0.0
683.45483,0.0,0.0
683.49707,0.0,0.0
683.53931,0.0,0.0
683.58154,15669646325.31355,236213270.0059445
683.62378,0.0,0.0
683.66608,54606080430.3218,5890648630.248456
683.70831,123868036443.07724,12866100749.61698
683.75055,0.0,0.0
683.79279,0.0,0.0
683.83508,157799268970.20975,11871585378.882978
683.87732,167899260385.72998,27841191134.329327
683.91962,247991255562.04327,58934797458.41523
683.96185,36725053053.39506,8463731316.709264
684.00415,135654198027.23846,14725234047.877125
684.04639,444726614330.29376,64605152607.21926
684.08868,470679384080.90594,95512620466.267
684.13098,0.0,0.0
684.17322,0.0,0.0
684.21552,93042641260.58224,13806072703.8728
684.25781,0.0,0.0
684.30011,0.0,0.0
684.34235,258597129624.09628,43982267500.35499
684.38464,25854435888.64801,4510740031.436074
684.42694,0.0,0.0
684.46924,241640064414.1196,100858672603.37991
684.51154,142149356591.6871,48203782885.81879
684.55383,77780118729.04405,17868844655.99008
684.59613,675964164046.693,135415474482.6322
684.63843,356499411577.68134,108075146739.1037
684.68079,54348777686.5493,18230225305.135868
684.72308,68282167273.00871,27095798015.59901
684.76538,347536088211.187,129510830199.37685
684.80768,346672294017.5802,79456794465.26476
684.85004,188836462807.52505,43015557375.92742
684.89233,94092355796.42236,26296104514.16223
684.93463,431830470167.77313,96097441967.96065
684.97699,1715960270071.2249,270424429682.00348
685.01929,1486625770337.1855,170373837077.8985
685.06165,522582283642.6814,46131772538.86997
685.10394,306747783976.89404,34468495748.98737
685.1463,1332250617.325614,168529793.7429411
685.18866,0.0,0.0
685.23096,138022575489.13013,17420248489.493187
685.27332,243527313472.44876,25722257922.79316
685.31567,155270204737.82388,31866109576.990757
685.35797,330911140068.33936,88073194522.93365
685.40033,321300567342.21545,73197785844.44785
685.44269,125754367527.28406,20037407264.926968
685.48505,636925938173.6996,34741978499.80542
685.5274,1181381595304.2556,102490304172.97269
685.56976,832425160482.7135,53101292987.75394
685.61212,260048241154.50003,17390290209.78996
685.65448,73294388346.22946,8926833593.05981
685.69684,149306367948.83762,32954815221.5804
685.7392,188932881021.40048,30784063383.442726
685.78156,105748058985.9563,19679915946.59742
685.82397,253957896735.0441,58829705261.83122
685.86633,132687428548.95552,23330287793.579445
685.90869,0.0,0.0
685.95111,0.0,0.0
685.99347,0.0,0.0
686.03583,0.0,0.0
686.07825,306981690861.8935,21134643526.69118
686.12061,223303097532.47144,29820196605.129543
686.16302,128100221443.20656,24287897921.311337
686.20538,379207653752.01227,54416379666.680725
686.2478,908770862249.8414,89802183692.01152
686.29022,1137356142517.6748,96631343213.06316
686.33258,347069250472.1676,30494516871.82408
686.375,295793272691.8145,65641773593.28719
686.41742,241653738462.984,70726744234.12915
686.45984,129845283980.0691,22511929240.479885
686.5022,205656727546.62875,22951233608.353104
686.54462,142075682817.3216,12515634933.318678
686.58704,683290973168.7974,61074110344.06535
686.62946,1017851399856.9976,129652136063.83669
686.67188,317736958767.0665,55402315317.0256
686.71429,219661465390.76608,30247598653.97319
686.75671,74895346409.18988,8527158956.506152
686.79919,105689961796.90697,7839555720.892946
686.84161,0.0,0.0
686.88403,74208494525.4815,4393771454.361979
686.92645,108297740387.72824,8034468958.522221
686.96887,40167319551.61571,5347788196.574606
687.01135,0.0,0.0
687.05377,0.0,0.0
687.09619,131778439960.0293,3508095132.3744483
687.13867,6079791429.460116,360333092.3980505
687.18109,0.0,0.0
687.22357,0.0,0.0
687.26599,0.0,0.0
687.30847,110947555097.64172,10672726788.537502
687.35095,0.0,0.0
687.39337,0.0,0.0
687.43585,0.0,0.0
687.47833,586727700314.898,91943975057.25432
687.52081,528753777767.89,45880869290.58739
687.56323,182259762281.81705,8612928912.638681
687.60571,107006993140.60364,6965890228.6399145
687.64819,95207674933.97716,12628987697.861973
687.69067,50728900346.60854,7755011514.385066
687.73315,167218999573.37866,13917908706.020931
687.77563,418772855435.8493,57566257938.61603
687.81812,1599829267591.9058,62886382939.12555
687.8606,3737209109923.9424,570604546292.4275
687.90308,3950027592223.476,481799055283.2751
687.94562,1897598794314.391,256365553855.18707
687.9881,529222502900.6944,56268343558.22867
688.03058,116881377115.35384,4569696093.891343
688.07306,39214150240.4804,2948274234.778289
688.1156,57121627724.482346,7781575864.716553
688.15808,0.0,0.0
688.20062,25850333427.780296,3879012742.4233856
688.2431,133208613040.19604,15526334178.67152
688.28564,87487305508.19409,10998694627.166008
688.32812,61224260426.26567,9388864133.04856
688.37067,63179276692.68511,7084983264.544066
688.41315,133407406829.82472,18843633798.594677
688.45569,129858329181.22604,28932936457.73965
688.49823,38825499489.694336,7847311747.953673
688.54071,0.0,0.0
688.58325,26324114088.150787,2006390469.57976
688.62579,43302914406.7739,5308320348.018408
688.66833,82855409837.66328,7696623481.630959
688.71088,34392563091.497375,2133313806.8025997
688.75342,0.0,0.0
688.79596,0.0,0.0
688.8385,0.0,0.0
688.88104,129320227955.23474,20823328530.80036
688.92358,116807477500.69228,17590376646.460938
688.96613,247155864797.46823,29196793068.719933
689.00867,96625357206.21613,10913693217.078243
689.05121,150667824491.26337,22125406942.769577
689.09381,13027752300.377462,2766754697.791081
689.13635,6953717011.176474,1360770800.353145
689.17889,45781626591.821175,6892272284.589091
689.22144,61215437821.41874,3435244734.713208
689.26404,160561934894.61813,4299095164.867656
689.30658,0.0,0.0
689.34918,246710504.0626798,12809086.274247972
689.39172,65230439490.70442,7220786336.507889
689.43433,145557157365.85315,9126919174.298502
689.47693,111208624442.47597,11603261184.74192
689.51947,205524878740.61472,35854876154.527145
689.56207,70404249799.6019,11658147112.496132
689.60468,189330787431.48712,19961233101.221207
689.64722,223786900869.8415,15473769205.118568
689.68982,391800698807.4796,17351706484.813343
689.73242,1060160710282.2736,196642150086.356
689.77502,3049532870124.4165,445549026260.8496
689.81763,3137922576531.6094,445735545918.68335
689.86023,994722271034.404,176556819796.79538
689.90283,367491231404.17694,54205934803.788765
689.94543,188996630048.65497,13374322848.32009
689.98804,191326242195.6171,5836087831.175158
690.03064,190585284595.2153,10519510958.60315
690.07324,481768573328.3411,61124368432.90211
690.11584,205725102225.28143,46040692113.52484
690.15845,137870662159.06512,43209127360.85124
690.20111,101284732278.91566,28435727008.004696
690.24371,82535659111.36497,9475067584.405165
690.28632,51633109109.30257,6035340803.669913
690.32898,0.0,0.0
690.37158,46127854645.89807,2751600830.5920672
690.41425,56597667109.95272,5881840753.943218
690.45685,0.0,0.0
690.49951,27828991241.423256,2808775412.2746496
690.54211,42958592173.136505,3631032191.07228
690.58478,32787077298.13395,765622261.0672803
690.62744,14312302036.44084,889879795.2120705
690.67004,60386297412.199615,1550437163.2257314
690.71271,0.0,0.0
690.75537,0.0,0.0
690.79803,0.0,0.0
690.8407,180480986079.5348,10673393272.514105
690.8833,131213113439.66518,16012997767.554749
690.92596,230198363617.6471,33589095912.76582
690.96863,322351211101.7341,49326333106.165375
691.01129,320893377804.11847,43331700043.29218
691.05396,508385141135.7271,36198177911.09724
691.09668,1603857286863.0874,112771806559.61034
691.13934,1772768341859.2285,268774308553.9889
691.18201,1174334093285.9285,197803257618.794
691.22467,460472411716.65326,70507359077.90271
691.26733,150492712951.86374,28003064649.36552
691.31006,72894175428.70952,13126456851.94862
691.35272,116691181977.80849,14082515227.68
691.39539,208875089656.55444,19365829672.35882
691.43811,385737833976.3043,18215321902.968582
691.48077,401992642248.7236,17727161060.485146
691.5235,162276044330.54422,13886616589.073744
691.56616,52485207623.73105,6342386562.12443
691.60889,86892969797.22058,7327364906.641331
691.65155,64418143828.98473,1648499649.3318784
691.69427,174321151920.33548,13357244405.405657
691.737,581306536470.3523,31950081654.15184
691.77972,1257726817603.487,65074140624.71687
691.82239,1370266049324.8547,170374260465.24368
691.86511,830370089749.9117,84228241207.01773
691.90784,505714988351.4941,5660261413.332332
691.95056,380119966574.2396,3229278005.974051
691.99329,423955585689.97,19595965805.610195
692.03601,595409421064.5245,32289602773.143925
692.07874,1583973924894.4746,93834644423.20436
692.12146,1938347968182.9111,204955951442.7278
692.16418,941232274325.9095,134222546499.77824
692.20691,305903967783.0444,43122203975.701866
692.24963,500206953074.6328,49400822875.03208
692.29236,595424171664.9375,16901138243.33815
692.33514,270798291839.199,12750058379.211573
692.37787,85715630297.40596,3409735628.2549243
692.42059,95393363114.29716,1797855876.20445
692.46338,134775780878.15248,13126014217.70388
692.5061,54025334483.925934,5173574637.175734
692.54883,0.0,0.0
692.59161,0.0,0.0
692.63434,94453708616.31552,23498194252.279263
692.67712,212172201905.0621,57060184276.41664
692.71991,451912256549.9627,67901909979.566826
692.76263,442324803566.3898,10363328537.432575
692.80542,391585035199.17474,22633084307.61381
692.84821,516631064481.94507,26225819880.28284
692.89093,1020506964910.9698,66032127729.3797
692.93372,1292611188199.823,133153323598.59103
692.9765,725957676021.1423,89984265124.63028
693.01929,197163817891.16428,17557101183.480457
693.06207,108809707247.98177,13523050020.471085
693.10486,123596240005.20894,14609353521.304842
693.14764,52097668728.90651,5748296461.035075
693.19043,78742714873.20549,7287542063.216891
693.23322,138374753020.83603,8206863845.86701
693.276,100237040060.88928,10282265729.054638
693.31879,60866401892.87498,7921931580.229625
693.36157,102964366089.49916,7413614656.299972
693.40442,176325595969.53607,20098999354.3134
693.4472,478177641417.9478,61176220465.61956
693.48999,1076903922083.2474,120195931336.4956
693.53284,1476341344729.5676,204543328316.56915
693.57562,1412932248484.088,170275545199.89023
693.61841,809786418133.8242,39178085975.51333
693.66125,773483147399.5385,61623889166.535614
693.70404,755541021908.222,29535398704.66077
693.74689,328731421844.1172,27915909778.125717
693.78973,128741154007.19392,16044303100.55194
693.83252,50625744171.28407,5813263606.038443
693.87537,71030196060.61302,5884039545.442807
693.91821,215261151132.62943,16585922607.459345
693.961,655109936335.0664,17610382464.440228
694.00385,546419817337.7788,29759203002.055405
694.04669,185819181084.96844,19996613457.633995
694.08954,59386644274.08576,4296278737.151766
694.13239,77250106344.74818,894267207.4418347
694.17523,64771607407.924,2548388408.360781
694.21808,38324867166.48232,4484606650.338691
694.26093,53183894405.38925,5627943677.241623
694.30377,72785099415.24052,4043290314.5090814
694.34662,292254557585.9699,22098389052.919765
694.38947,759930483936.2384,61694873069.17372
694.43231,518137901793.8278,28360287274.0755
694.47516,146694223241.62463,6533804875.872703
694.51807,69218670795.09808,2202573092.5096984
694.56091,11634794864.687449,79194020.63996747
694.60376,82269516353.22897,2126404131.7824912
694.64667,129555842734.24068,4217828224.3099527
694.68951,113503957789.51157,9760842404.88078
694.73236,134951390135.54488,3997731224.73496
694.77527,211519599604.199,2751587820.976652
694.81818,740540180871.2032,67721841198.20555
694.86102,902900584839.3792,134805001169.62842
694.90393,1085846255599.7769,142716994289.2883
694.94678,1015757360583.2004,57118011724.836525
694.98969,519733472132.0023,40165653872.26172
695.03259,137518309271.6389,14429354099.77127
695.0755,227756358189.3839,15657435903.527649
695.11835,454070653546.9212,22518301261.97612
695.16125,1194002403676.0498,130937166749.40248
695.20416,1026836109854.8414,105219583331.07973
695.24707,282440891361.6232,9333689043.2753
695.28998,0.0,0.0
695.33289,119459616399.29034,10122240358.489784
695.37579,171231432924.16922,15428416867.407473
695.4187,108276629212.56168,10922935714.941223
695.46161,206136796917.2363,15436351086.342531
695.50458,503816809867.92914,32545501442.90401
695.54749,1565455420343.3606,97096913197.46556
695.59039,1385280877564.0532,74504201117.78911
695.6333,1010710635353.6093,110731079198.45218
695.67627,492129541083.9359,64765854248.48531
695.71918,209513090854.0054,16987098683.536957
695.76208,22691234418.628944,1009242288.0610336
695.80505,57279190328.71541,3441554595.4832325
695.84796,41372472024.77316,2393915821.7052727
695.89093,18776941966.90115,790570457.934478
695.93384,0.0,0.0
695.97681,44745946810.41788,2931249711.765409
696.01978,155294846177.6599,8648993557.02934
696.06268,569136830890.8519,43519728339.167534
696.10565,692229979140.9736,58072153792.64432
696.14862,191848769262.58188,13197103741.784267
696.19159,47901067155.96187,4805848450.095157
696.23456,143281517748.13208,21487504929.643803
696.27747,124770861640.09792,21362493729.707184
696.32043,143335451771.28207,11726912495.581528
696.3634,182510699932.2063,4482710477.69313
696.40637,182300034521.38568,8301481808.788184
696.44934,126699940674.45314,11936477614.72266
696.49231,58897532088.49421,7582156279.68218
696.53534,247820967554.8841,28070574771.739388
696.57831,124234768231.62073,13355612921.312569
696.62128,257546005373.76877,18052161652.10903
696.66425,339694361397.86707,4524258202.062548
696.70721,145762611063.4649,8022652493.979863
696.75024,4001342575.725375,334470601.5526692
696.79321,85468921111.01263,4527965426.98413
696.83624,82272140356.62929,4505211881.079532
696.87921,36114504107.706375,2828138205.023613
696.92218,133348588201.8186,16297455204.31425
696.96521,564888391669.9097,33120812629.78934
697.00824,799968292295.8156,66900723330.16925
697.05121,225337821611.959,24911239721.60316
697.09424,200461388068.406,12743583736.046724
697.13721,223442414880.75983,14557753501.402052
697.18024,548023778603.6666,31941802965.43227
697.22327,1451682884953.66,186658185572.76303
697.2663,2566943599547.6685,344775126391.6079
697.30933,2171078388110.2927,175740031040.47714
697.35229,1211888352912.8315,60759945892.20746
697.39532,563241009240.2267,21188111488.49462
697.43835,381366990636.3882,16450707371.712612
697.48138,778452849190.1812,46582344168.1274
697.52441,1130942523245.1533,107887028732.6605
697.56744,585134384744.4642,67060421723.488754
697.61053,67855401145.24703,7754160998.843543
697.65356,0.0,0.0
697.69659,0.0,0.0
697.73962,0.0,0.0
697.78265,101649020369.74744,2842415887.3472743
697.82574,159538839125.78503,5259069594.145785
697.86877,70418841618.20421,4701099548.207569
697.9118,93463041506.69344,11271960285.716776
697.9549,82910578060.12201,7177649633.667239
697.99792,152817738431.41742,4625530878.949471
698.04102,314918960593.5896,3072764697.4137216
698.08405,375831104695.0851,10099104946.581556
698.12714,0.0,0.0
698.17023,0.0,0.0
698.21326,0.0,0.0
698.25635,0.0,0.0
698.29944,0.0,0.0
698.34253,26306138920.94749,1194359587.883227
698.38556,165870938803.88245,4783074798.937514
698.42865,161065262069.8941,2118560464.4911504
698.47174,216723064117.14307,10521980422.434368
698.51483,720802976562.4426,48358618070.17429
698.55792,948311059997.4856,24230303415.21335
698.60101,362501022555.4766,11793527127.635288
698.6441,0.0,0.0
698.68719,48286802691.12496,1309646393.8610923
698.73029,116067606415.2328,1597857904.072559
698.77344,51176526832.3944,2874811460.8513155
698.81653,94371777736.5493,11179318109.525232
698.85962,62350711741.58644,6719525109.471662
698.90271,49786516682.2031,3226771922.085152
698.94586,64274605179.63496,3481622290.12072
698.98895,49055763010.07378,2786165481.9409246
699.0321,7618285977.751022,292027699.1829809
699.0752,58098100967.35317,1785633630.1137748
699.11835,17704998989.806694,711769734.4208052
699.16144,55131316505.73122,2749002188.9075723
699.20459,148110959523.3656,12565601361.368843
699.24768,73646315719.02301,5611102011.5105295
699.29083,142770348242.32535,14435583445.63785
699.33398,522857008251.5857,52526061991.58979
699.37708,452383604497.9498,33555365806.199768
699.42023,181488439772.93228,9223685604.736095
699.46338,99349939054.92184,6697116504.894624
699.50653,72664790683.26442,4179324357.473029
699.54968,83292456486.90758,3135715841.3123665
699.59283,110203501348.82376,6392798534.77481
699.63599,44825000446.84025,2008790438.3308024
699.67914,0.0,0.0
699.72229,27030226495.165462,3823696025.461395
699.76544,217180454743.80585,29555786006.45524
699.80859,286595472959.051,26166086275.210804
699.85175,156777458248.07697,18622635679.53088
699.8949,0.0,0.0
699.93811,0.0,0.0
699.98126,0.0,0.0
700.02441,0.0,0.0
700.06763,0.0,0.0
700.11078,0.0,0.0
700.15399,0.0,0.0
700.19714,0.0,0.0
700.24036,0.0,0.0
700.28351,7465246753.459978,196293605.19209585
700.32672,0.0,0.0
700.36993,123898641459.66171,3875556523.256507
700.41309,105716546867.75916,6337529009.253925
700.4563,53707160112.224686,6039907077.586637
700.49951,95769235579.33644,11290717906.159222
700.54272,128210343874.67412,13377784397.93507
700.58588,167471216087.4296,12222525928.528473
700.62909,229429053002.2737,13951754072.107471
700.6723,622805327017.2397,55642795788.08617
700.71552,811353447852.349,70371611302.53815
700.75873,394038350459.0552,26468419336.00542
700.80194,143205458908.42108,11069840543.176586
700.84515,334974968152.2747,15293017270.83317
700.88843,444402589739.498,24420365620.82607
700.93164,390549468315.0749,32876566759.77904
700.97485,246208296186.70065,18035114119.44468
701.01807,328564876854.361,24402979624.554085
701.06128,522268297665.301,51814534744.80541
701.10455,803793654824.3446,75348251776.46048
701.14777,715655873845.2498,64930468270.40648
701.19104,400959173674.5413,40218575910.58139
701.23425,292887896133.64374,25604971349.90442
701.27753,192583479552.36288,17238975981.643982
701.32074,341634206278.97327,31121607574.628597
701.36401,275497620870.898,21123758737.952946
701.40723,313913729819.17114,23258158804.528545
701.4505,536127641794.83167,35390277568.32552
701.49377,390488243745.7525,27594302361.962494
701.53699,355997042650.8381,35548865930.501144
701.58026,253295559066.16733,20743136264.17409
701.62354,285700868854.10144,25020309192.03525
701.66681,438974031633.7131,44049140067.33203
701.71008,857689754970.1041,49829890006.42741
701.75336,306231870333.32153,10840357473.064943
701.79663,134197991979.472,7856621605.161533
701.8399,221202957800.12,21169531125.761604
701.88318,533463983040.814,49142272323.58058
701.92645,822857558353.0428,52533711103.11723
701.96973,397022460648.60034,22515396051.87792
702.013,361137238695.9563,15536422709.825935
702.05627,495867904754.5262,21766301688.02896
702.09955,447797902486.7706,22606998182.4805
702.14288,408859796137.5709,17823333429.394375
702.18616,603301827509.2224,30478499053.610336
702.22943,375149086199.6354,35023844478.28501
702.27277,195127393920.78525,21996943113.001144
702.31604,161867567728.89624,16798510051.602251
702.35938,131649794383.99666,12459269754.982351
702.40265,175411513655.0564,13726749245.229605
702.44598,145208822779.57297,5603360266.786871
702.48926,0.0,0.0
702.53259,0.0,0.0
702.57593,96450178556.91936,6464245947.21401
702.61926,655124156766.7477,62758623990.34871
702.66254,1110788927643.0818,118711331374.02594
702.70587,627997464474.4106,52127397794.83799
702.74921,81058644231.84764,3440205309.244492
702.79254,70339938591.10168,1642810945.073425
702.83588,508434348498.536,10713539171.902773
702.87921,523891018158.5925,21874283807.360622
702.92255,204007225593.7461,14457768501.415146
702.96588,94327745402.6652,4833922930.909994
703.00922,88232028001.60376,6870391211.290279
703.05255,114725204857.01772,12888420785.948347
703.09589,121273003855.53786,12966369119.483078
703.13922,51520220803.91019,6197122082.615844
703.18262,0.0,0.0
703.22595,134656525898.21117,13756731553.855124
703.26929,518224379039.4416,38584855268.04838
703.31268,284951344286.16895,23178461196.825382
703.35602,174237613942.2218,10311094512.46761
703.39935,102036728667.19489,7247494835.689217
703.44275,124021450068.34544,14094169781.470276
703.48608,386143505385.0335,31393333932.085007
703.52948,642716350406.3737,34664508147.631584
703.57288,656596509481.8452,60254401434.27721
703.61621,828052701993.3661,76855684130.5114
703.65961,616586528340.988,31740660535.071796
703.703,682930561523.637,45252137588.48179
703.74634,1195594991656.2805,139986862918.8046
703.78973,884898452986.3044,88541036251.36592
703.83313,138558206650.62003,11570848383.0121
703.87653,165104666418.59647,15514923121.88109
703.91992,236086834208.32385,18981587902.64189
703.96332,430054194986.94354,40008943586.38396
704.00671,1034108680711.9568,188334868223.16183
704.05011,1182786280602.719,223142744606.74332
704.09351,574039227414.6835,53177228737.717865
704.1369,530708804042.4185,30743667600.936398
704.1803,619052688478.868,61662994564.98159
704.22375,538218678351.65045,64058518221.52008
704.26715,319125183254.814,36026197169.95529
704.31055,237438812877.04065,21483028864.56978
704.35394,349399246417.64014,17535608244.90387
704.3974,713393708529.4634,33816168407.197662
704.4408,1316798008825.1416,80434387294.2394
704.48425,1237588305456.3147,81921415333.30585
704.52765,753174150319.9985,58717321052.88457
704.57111,411759636054.43634,57339475373.98129
704.6145,314605203426.2244,53944739103.35883
704.65796,250158796808.2439,30239204107.19013
704.70135,68610865967.804535,7640017980.174885
704.74481,65047661816.03043,6567046855.391758
704.78827,95238378378.47636,3043414087.162565
704.83173,65653241368.39809,3259213439.0757394
704.87512,86633335341.6758,8031801351.803427
704.91858,92166128497.54352,5122749465.037991
704.96204,344227065041.8465,22088434950.807007
705.00549,490117696651.2677,51093396465.09817
705.04895,165038359199.7021,16776899206.968874
705.09241,94451742749.29276,7813995473.265278
705.13586,108795785793.16556,4361368582.059914
705.17932,90167798412.29076,2183850606.1300707
705.22278,85162021034.5825,4524954687.656514
705.26624,151187413889.96747,15077587719.520164
705.30975,168973745649.4708,20656019678.94933
705.35321,266009110324.9479,24737704613.82691
705.39667,673280356820.7417,36453947198.04936
705.44012,930288800785.1428,61959943727.70506
705.48364,535669054832.6833,20520131786.57128
705.5271,0.0,0.0
705.57062,0.0,0.0
705.61407,0.0,0.0
705.65759,0.0,0.0
705.70105,0.0,0.0
705.74457,130478345384.97734,11680270287.13952
705.78802,188919446114.0266,14640978619.251411
705.83154,100103783234.02827,12418593708.403984
705.87506,91385185125.52464,6234415041.349341
705.91858,107005609517.05888,7855557080.547971
705.96204,135730168337.18416,18969789201.003742
706.00555,571873430824.4523,76575606810.09618
706.04907,472670141827.579,45218003443.56821
706.09259,0.0,0.0
706.13611,189897597193.10263,10596441843.034424
706.17963,1545497030402.5308,143943767459.3633
706.22314,1562567193405.1077,205231394572.5056
706.26666,269606537295.2501,26624465063.73487
706.31018,172981594942.0791,14764575229.072842
706.3537,228003819930.78613,31903379865.24227
706.39728,362988088052.72186,61600002863.46403
706.4408,543486318550.0539,71133849925.77719
706.48431,177716425329.40576,14136542024.304836
706.52783,84222080936.69577,5532104922.858697
706.57141,180746805520.86987,6881994514.699784
706.61493,215029641811.8257,10017003043.701977
706.65851,367464253337.3274,29138255402.26901
706.70203,544230438073.9727,44438856701.071
706.74561,746787327336.3655,37694354671.174194
706.78912,656054946797.8221,22883335927.71981
706.8327,394826884454.1884,17756377595.483284
706.87622,484967110676.76746,25591412593.835087
706.9198,98479666826.85106,9841681900.617548
706.96338,38789872103.49747,4806529909.260082
707.00696,0.0,0.0
707.05048,0.0,0.0
707.09406,0.0,0.0
707.13763,171533095544.4245,19821014428.77053
707.18121,0.0,0.0
707.22479,18513699039.338417,1980350312.7373664
707.26837,0.0,0.0
707.31195,13806894731.708609,561995625.8477063
707.35553,5399927785.664997,173838379.9777048
707.39911,149234200310.01865,13355922169.387686
707.44269,219036529677.92712,28186292926.94926
707.48633,803084458555.7053,194669060067.2524
707.52991,1812495695832.9087,701085439471.6412
707.57349,1455025233110.6023,603047111999.7997
707.61707,3585869541249.4946,1352237976538.682
707.66071,1630564773799.9116,546263685358.73785
707.70428,749885337259.5348,178292756701.07584
707.74792,521711009881.4785,76503031520.66676
707.7915,278003767598.69525,20017358160.90633
707.83514,317396799958.6868,34694987833.14168
707.87872,927959663053.466,133503524224.23409
707.92236,2076254940392.3735,304793003817.7085
707.96594,2791937715030.993,505024657273.3377
708.00958,2392040335483.2046,406362989816.4424
708.05322,2230621931317.6567,271951171250.28775
708.09686,2018588076853.8784,555086535826.1393
708.14044,1115408681288.9775,396222969852.7673
708.18408,436581173387.3164,78681604863.60196
708.22772,211290969961.4746,16144965908.074177
708.27136,78505752445.48969,10173525326.302238
708.315,0.0,0.0
708.35864,0.0,0.0
708.40228,29278230738.05463,1391866227.7816515
708.44592,105338245834.02196,17588916051.27712
708.48956,140345495516.44043,50658731545.68689
708.5332,7282795779.873173,2395913812.294564
708.5769,0.0,0.0
708.62054,13557955067.78383,3375405758.154363
708.66418,0.0,0.0
708.70782,0.0,0.0
708.75153,0.0,0.0
708.79517,0.0,0.0
708.83887,44358897705.81923,7305946053.078954
708.88251,0.0,0.0
708.92621,190671459759.76288,36762372479.60432
708.96985,155604586579.48892,40795569112.23439
709.01355,310477574996.5743,87263352128.19124
709.05719,332422031222.2985,79238702950.54306
709.10089,833976614415.6315,97922547950.96342
709.14459,528689152197.40967,17603445699.61124
709.18829,2671312905416.205,98058244354.87056
709.23193,2397349392710.656,319479828571.6281
709.27563,1259766483072.791,198004639454.54123
709.31934,1255877071444.46,99976156676.54152
709.36304,1162111479470.0454,73848726709.3465
709.40674,1215430643525.4895,39030557052.149605
709.45044,877309354144.033,119300107443.93352
709.49414,398962929868.2666,96765515369.95358
709.53784,426574171616.4036,116115279391.30344
709.58154,1514058110218.3457,334652103164.1497
709.62524,3835157733650.932,428237947935.3637
709.66901,2557316565731.968,199657036459.669
709.71271,682222839724.9952,92456043326.719
709.75641,226568444912.0045,28377277799.685856
709.80011,236309330371.6874,20956809722.185963
709.84387,205387030153.7179,15455562311.379522
709.88757,154214140542.65845,17597347199.239513
709.93134,155308415798.686,37147322437.98715
709.97504,223298904272.5363,72994722641.43997
710.0188,318762612059.5907,48950812140.157394
710.0625,389190605650.1547,17734210106.800568
710.10626,382211890178.92255,70384744844.38457
710.15002,194130270132.18958,49794010097.87676
710.19373,38826640417.94626,6642684778.491499
710.23749,37525900359.63684,4686967485.975865
710.28125,116644446997.02626,7021897598.332966
710.32495,211787654939.7455,30955685932.31855
710.36871,740976474011.2505,153372032148.11862
710.41248,2155246520367.975,371380818908.9122
710.45624,4812104655669.179,652615035604.5543
710.5,3354204990357.9087,244566739220.96906
710.54376,1668293993961.9065,128012894103.90808
710.58752,1289140090024.443,134234454522.08908
710.63129,232348640732.4356,13502954051.475409
710.67505,0.0,0.0
710.71887,0.0,0.0
710.76263,237176481999.7472,41698070028.6342
710.8064,214200959302.1552,33954306866.85632
710.85016,173240620652.2458,6515531486.292528
710.89398,118640668871.40048,3784035466.388471
710.93774,141706333562.1972,16638739257.57022
710.98151,0.0,0.0
711.02533,152349244299.25497,6042024739.245754
711.06909,297398402262.41754,25220159965.33042
711.11292,288199572702.65906,51256811124.681625
711.15668,351374033326.712,83991416745.87961
711.2005,529942437091.5172,74583251313.80298
711.24432,1621703526572.8315,152681887932.83774
711.28809,2317249764767.136,382128646720.0581
711.33191,934771157066.5652,126465403235.76942
711.37573,159707443919.59567,9429246417.24239
711.41956,135758373997.25102,19826147059.45921
711.46332,457940579738.8666,59652307848.13651
711.50714,345546998835.7222,25960381346.643963
711.55096,10095765325.77868,1896370423.9694877
711.59479,0.0,0.0
711.63861,108193840687.90286,12028848427.37265
711.68243,1745575256.430081,252111816.3152621
711.72626,0.0,0.0
711.77014,60839330314.45221,7343989691.319926
711.81396,247520966679.8072,64397782834.12064
711.85779,672704069002.2139,246872272825.2441
711.90161,1317996101994.7725,330538211067.6038
711.94543,2389114618995.854,265798788401.51974
711.98932,3159283763912.3706,528043634968.9476
712.03314,1950679168902.644,311829509175.5009
712.07703,351004536571.3044,44797482804.596375
712.12085,44592076910.429695,7839657099.735259
712.16467,50166842268.98122,6070921982.332912
712.20856,65483412082.42011,5980389183.365477
712.25244,26652136564.349464,3388539070.698415
712.29626,46275358939.039375,7548588410.195861
712.34015,110934240626.19057,16755864236.44946
712.38403,124369539310.46696,22096927808.65313
712.42786,163982730944.27417,35364083917.09712
712.47174,160490797509.04132,25213963718.309147
712.51562,43339069844.66596,4235944766.888909
712.55951,42982007506.63283,7995940091.064936
712.60339,122510125280.99568,27017814612.745564
712.64728,66631882584.85554,17130016895.188185
712.6911,153251897948.2292,17418054555.495197
712.73499,160099906080.6735,6684773510.519726
712.77893,242112162204.3029,17746236315.955772
712.82281,296964687304.21515,46221246261.94001
712.8667,1014625163204.267,103173203405.15048
712.91058,889956548302.1171,143088710636.8424
712.95447,283300626979.4374,47969824953.39485
712.99835,183833428865.02808,21404542925.09191
713.0423,313394920202.9851,43042626495.48754
713.08618,668692734568.36,97636118521.15912
713.13007,997088235770.712,106492890723.3056
713.17401,298255286156.48584,35529334964.60543
713.2179,50883227470.0075,4698308260.569498
713.26184,24153103143.390347,4220152563.550811
713.30573,12508446240.67815,1303653079.1016314
713.34967,0.0,0.0
713.39355,179168668239.4684,12135203764.970612
713.4375,96279180225.05788,6570796819.942052
713.48145,45112764231.53787,6925942629.8498335
713.52539,205665422689.6584,27151019584.3984
713.56927,305852384514.97675,23671499131.63521
713.61322,1442475104067.214,180220578853.6902
713.65717,1389108314909.2075,195396097851.72128
713.70111,783668901495.4957,65327833683.32101
713.74506,1477819728924.627,149495789804.98538
713.789,2231102099075.7783,252477917948.83408
713.83295,754909566027.9667,74356701916.96526
713.87689,10260443798.4404,1409348661.556166
713.92084,26320044565.63652,2692728035.026287
713.96478,140109351822.05005,7232088948.446805
714.00873,77972980544.97763,4315762743.3958
714.05273,189751596336.23697,28671254684.357388
714.09668,235258806642.41736,42476542010.32805
714.14062,347094943307.9705,40985128765.48766
714.18457,633426149489.1392,60382990428.70746
714.22858,644670576988.2543,48295202450.733154
714.27252,522383938735.2966,17204639945.141872
714.31653,930127853190.2804,108117764718.0684
714.36047,1411933767994.205,247625950672.4628
714.40448,777491654798.1289,115200443008.48036
714.44843,256718574902.47943,31339435872.43629
714.49243,235687968674.7032,19465175061.49901
714.53644,364528863835.4168,43748868951.23429
714.58038,647835987017.1534,63498478100.99258
714.62439,1535384721832.0232,108030588200.72311
714.6684,2161142779941.105,225531894992.1304
714.7124,1875302882592.7488,262169199041.62125
714.75635,1302578722776.8862,156740611074.31818
714.80035,664677958346.0121,35960027711.94242
714.84436,572404371535.1866,31098636901.838936
714.88837,1401172624054.647,118037158623.9434
714.93237,1465876168889.021,255945543865.4482
714.97638,604170753699.4037,163324133432.32184
715.02039,231387860045.68607,58641566825.414246
715.06445,128089614032.8347,15910592865.67458
715.10846,188017179975.3929,17721298735.210823
715.15247,526994541144.0778,31420092028.15293
715.19647,567483237188.9045,14431831300.813616
715.24054,395805825684.0993,15565650809.001411
715.28455,535788123180.7481,32144795417.66912
715.32855,810317341272.1284,56771622125.1576
715.37262,804384539255.8981,79334916337.53171
715.41663,548019967016.98334,70884110448.8398
715.46069,600156739577.8046,54399654789.65043
715.5047,384381514961.577,13345467106.744576
715.54877,803882022446.3102,73565095714.07893
715.59277,1419603822346.6553,285772095838.82635
715.63684,1073741622364.9026,273895916720.0204
715.68091,1186644660353.8704,257884617465.0777
715.72498,1440014367304.767,177379609150.91168
715.76898,472949581765.7513,22254683156.62642
715.81305,256438683629.23425,11750223858.199116
715.85712,177765288973.59528,8961049595.256605
715.90118,281248731852.8547,10935117241.31586
715.94525,981307364146.0154,46821872680.45485
715.98932,1887629196711.735,183686430161.8357
716.03339,1436100886104.2031,248413252774.3592
716.07745,293771094373.17035,62203552397.41301
716.12152,152291809362.86746,27031715896.16772
716.16559,92629053570.15211,12027444943.624264
716.20966,80475077896.61104,12961728450.422049
716.25378,73313762442.1774,11004200259.924528
716.29785,50661524085.10346,5638726362.552671
716.34192,68684635310.13792,3959570185.6343737
716.38605,79091731417.50243,4064099304.327149
716.43011,40735803587.46971,2103967544.490416
716.47418,73745938111.33113,3232550161.152592
716.51831,87028761930.8657,9177587624.394829
716.56238,42413980331.96015,6952947110.595978
716.60651,1125319594.0364935,151968006.78466943
716.65063,63986442793.23676,3460895648.9185443
716.6947,129766866101.13718,2164401238.671958
716.73883,102231861603.31184,5334833343.897148
716.78296,35255211060.468864,2825452088.43198
716.82703,60973215949.9513,6000752527.572329
716.87115,107425525716.48566,11618298611.336657
716.91528,116317129120.2234,10321432577.425407
716.95941,219101460661.23105,19212191383.53345
717.00354,10008848090.005629,1041276411.0090967
717.04767,62570770903.54167,7564624237.832454
717.0918,33434187257.14842,3662610163.985704
717.13593,45043105817.31571,4017531820.954793
717.18005,33799507710.350235,3309298013.638811
717.22418,0.0,0.0
717.26831,171607788073.10236,20408138069.628464
717.31244,536748089676.9993,73278418693.0076
717.35663,1480730284721.1765,129981605324.31737
717.40076,1966225843709.7024,121342824802.86566
717.44489,917161409027.9348,59916591338.42139
717.48907,982526697384.315,61234229188.270325
717.5332,1025771832933.3308,63906858952.36483
717.57733,1158762243237.8755,124985459333.36555
717.62152,408634052275.2263,56624246062.8894
717.66565,276976959916.6399,19418220698.64303
717.70984,186039224161.27692,16681405187.091034
717.75403,269362746938.7396,42938536888.8031
717.79816,405663839003.5076,54174351193.98949
717.84235,960286206983.4944,102399174454.27696
717.88654,668443739486.7197,54383176156.03839
717.93066,357492111041.31525,37545013621.74536
717.97485,576092891979.4146,72653828987.4717
718.01904,1504298448.808893,206071168.36404872
718.06323,0.0,0.0
718.10742,484337827673.4869,61238831897.31727
718.15161,1176861797749.0847,167184393771.3155
718.1958,1107229087028.6245,133733684047.37495
718.23999,686838228073.8622,41175857504.59226
718.28418,310479685466.91254,9509183223.483303
718.32837,631394917423.914,28788642518.43285
718.37256,1306035860359.6672,122605288386.33894
718.41675,2348870059738.2407,303507386529.36523
718.461,3957527933639.559,412297077064.9949
718.50519,1076288640672.0884,91654375371.70712
718.54938,360784626290.85846,39548600565.771866
718.59363,219765313805.2449,24467152173.119846
718.63782,43650482041.16725,3719451627.2311335
718.68207,41013260390.07113,4236425170.3999166
718.72626,0.0,0.0
718.77051,40979673371.1349,3771703898.996547
718.8147,0.0,0.0
718.85895,10720410196.098112,1096419094.8351543
718.90314,0.0,0.0
718.94739,0.0,0.0
718.99164,0.0,0.0
719.03589,661298266524.3407,31500028272.22961
719.08008,614695541482.3118,45660737478.69186
719.12433,0.0,0.0
719.16858,0.0,0.0
719.21283,0.0,0.0
719.25708,102701386450.27496,4119286914.495116
719.30133,92194961371.85213,3622611931.4051824
719.34558,84293035262.44647,5728275048.31711
719.38983,82974900061.25327,9885900067.59547
719.43408,0.0,0.0
719.47839,154840713949.0843,28957832743.64141
719.52264,723904645547.6697,109442778488.83588
719.56689,1806277037552.1943,314196042543.7783
719.61115,1592235224846.9023,335730356658.48627
719.65546,1590741987859.9585,219095103300.7534
719.69971,691442151117.472,72000366865.86566
719.74396,302222442060.6894,45198939094.88261
719.78827,90893229675.52672,16270627201.897997
719.83252,238845190663.1596,46158941557.16732
719.87683,227793141099.5087,37189773925.45688
719.92108,374329855069.8354,50925894351.652695
719.96539,895657447176.9104,118472697799.22516
720.0097,973521433262.0063,142102964297.03745
720.05396,882637907106.4146,139886715803.2808
720.09827,1133098107505.859,166255962531.01334
720.14258,423433222903.6399,54427651679.96266
720.18689,0.0,0.0
720.2312,0.0,0.0
720.27551,0.0,0.0
720.31982,24775661706.39608,2575969952.5022926
720.36414,190201390747.74985,16964605529.672102
720.40845,131842445649.10216,10011858392.373516
720.45276,280703653242.2342,26691420435.28841
720.49707,432191216038.43207,55977498661.21329
720.54138,626681319126.8589,62836358712.97641
720.58569,599596159365.0364,35954677795.46783
720.63,1094261266764.6294,64787031404.11821
720.67438,136708921974.19316,9688335967.662806
720.71869,93566535148.93344,7541539980.605744
720.763,609516062152.7552,38798946026.76376
720.80737,449427456666.2983,23469555477.37216
720.85168,644344210718.8347,39793956780.20885
720.896,502613704139.9463,25052464320.705963
720.94037,848901094035.3976,57607627120.80724
720.98474,632070697309.8477,66425994453.94942
721.02905,556801803526.0696,55851949060.73615
721.07343,372441952434.6794,17528917435.290695
721.11774,287287484346.3382,9397419180.29384
721.16211,118470130931.0766,7033571346.140441
721.20648,46785056104.05324,2943935448.3074384
721.25085,77276008241.3286,4414042226.766491
721.29523,68936912344.37889,2900257483.085608
721.33954,4744977300.270818,272683113.2408797
721.38391,62043076009.57604,5556876475.699712
721.42828,292605882792.2373,19032571564.53152
721.47266,801853450817.8024,37738787122.45266
721.51703,653183884201.071,38147495826.777534
721.5614,199838038247.7496,14832072788.48445
721.60583,339766310757.07086,26956140400.95399
721.65021,776540782797.5708,64380253758.57084
721.69458,745052580855.9543,51700406851.67007
721.73895,409725344171.9919,34693540940.026184
721.78333,188649205074.8967,22888549814.013203
721.82776,33259014555.19555,3267390065.3805723
721.87213,106379045265.25424,10733678598.710257
721.9165,167220033733.37973,25097168992.078804
721.96094,374101984483.7526,49588908026.56186
722.00531,396472622072.1473,42925095328.13054
722.04974,0.0,0.0
722.09412,493143839089.3475,25312763568.99715
722.13855,1431191638571.0808,167465711815.8834
722.18298,1127706393533.9148,122187240630.05342
722.22736,813903627562.855,63019938886.270485
722.27179,608715644018.04,61627084244.8317
722.31622,360596427643.3938,47117754315.443855
722.36066,493833216371.32654,65595000027.98851
722.40509,882047553088.5594,64718981363.87714
722.44946,1049490726187.1927,138097471703.2171
722.4939,767186981757.731,77293359471.76762
722.53833,442676979962.0429,40605040593.70766
722.58276,298557808585.2643,20693088008.99666
722.6272,225146604372.85123,11854102950.431664
722.67163,111200280673.4132,10847101107.349413
722.71613,114235601030.30692,7401039080.332965
722.76056,183271351410.40195,20869968335.585827
722.80499,439763276983.4063,45064962841.28013
722.84943,1040809069134.7024,105359339350.96794
722.89392,1230527217407.396,146612566578.1924
722.93835,596754187360.925,68297963352.99428
722.98279,86972679180.37775,4215806557.087052
723.02728,70535375244.54573,7081066731.118213
723.07172,61432361402.75839,5797285404.464047
723.11621,80267901209.90865,7032715240.479736
723.16064,85042474141.2617,9838481027.809624
723.20514,96098135435.8845,8587878723.037258
723.24957,134950539863.6052,7046447892.467001
723.29407,277678185213.9786,6305061590.146167
723.33856,329823779109.004,19678189327.39215
723.383,202882956545.60056,20136390048.28793
723.42749,165319576491.61908,13031305504.135715
723.47198,246463789816.9092,6887059711.5016365
723.51648,703459031483.0536,42813208578.82867
723.56097,1416325569164.9702,51861038972.004845
723.60547,991434738549.3586,54231255209.75008
723.64996,294004284855.523,20591842994.60136
723.69446,109211765753.0299,7061742051.447786
723.73895,85401862866.95479,4244588507.0515327
723.78345,44393773321.27933,2569488635.801432
723.82794,39935236228.83588,2601506157.929225
723.87244,76643685438.55667,5307363267.820214
723.91693,95307481514.16414,5031680530.249088
723.96149,47111992338.959946,1886482681.043
724.00598,132838691181.77904,6865430723.481765
724.05048,390243493690.1606,25462763640.367832
724.09503,355682419654.15326,47398120211.14504
724.13953,72888789115.18018,10986472023.685184
724.18408,55328704455.10154,7149593054.895397
724.22858,48173125646.9539,4258576642.326292
724.27313,164540336059.32132,15509377904.155272
724.31763,175935970956.17065,27490289006.289165
724.36218,132091675985.59357,22371723457.05402
724.40674,0.0,0.0
724.45123,171266117371.06445,13727375637.14218
724.49579,0.0,0.0
724.54034,0.0,0.0
724.5849,0.0,0.0
724.62946,210795319368.75403,5480636480.889577
724.67395,265757559516.19415,30445223564.54068
724.71851,100145201226.5884,11228281288.157984
724.76306,171029043319.82608,7077454577.369826
724.80762,293560236942.57776,13580201317.147512
724.85217,170565519458.38712,7108936555.303218
724.89679,328260554451.14307,9419604573.5785
724.94135,699376510949.9354,50068979843.97707
724.9859,1242285773487.0728,147521650960.8274
725.03046,1247316399528.1558,103594044673.44336
725.07501,406513547267.2753,12216442614.696869
725.11963,339712366749.4039,18894354231.57392
725.16418,845551063241.6614,48523546113.98962
725.2088,469575118922.584,33808761211.69758
725.25336,242151959774.8496,17248034808.2157
725.29791,235646062378.7472,17640560892.25965
725.34253,743909960266.8062,88736994655.21292
725.38715,2008920966424.807,258835507293.88284
725.4317,2365250449833.373,282031744914.9764
725.47632,534396157174.0753,54769887641.69818
725.52087,230116318640.1779,18511243640.60804
725.56549,276936719476.9851,9325093300.635944
725.61011,507710235007.6179,47154728171.79723
725.65472,715274275065.7267,97260704716.40372
725.69934,629925857295.6119,41115192459.60551
725.74396,310415230379.1962,39130950488.7402
725.78851,298895730853.884,29012069833.369637
725.83313,212928972061.1977,22388819603.957657
725.87775,155302869639.40997,16474160517.413984
725.92236,174871986793.08652,12297335756.67357
725.96704,116380234932.62254,9606591239.74255
726.01166,4473328555.176483,610184321.2638255
726.05627,52557563111.0803,6361417425.143583
726.10089,225011178212.6213,28294405699.96204
726.14551,497564219345.6834,39797635461.493614
726.19019,876141171855.0471,68491432223.38986
726.2348,433756421775.2895,36459802073.73856
726.27942,0.0,0.0
726.3241,0.0,0.0
726.36871,202779894322.9304,24817566812.116573
726.41339,415872613630.899,51859097998.34305
726.45801,865310835211.1674,64989965107.20562
726.50269,1574447517194.0786,64928860175.59278
726.5473,1314595096914.0188,50512847848.97143
726.59198,925956197048.3984,63744674533.04335
726.63666,1581550017648.624,163870777867.08145
726.68134,1819000895693.812,190579371106.09415
726.72595,1565802441609.0132,83474028580.7084
726.77063,614700842612.1255,28117463714.503063
726.81531,228110340229.8288,14493504791.653852
726.85999,197820014231.89383,11197012038.385971
726.90466,297332548323.72394,8919296764.93268
726.94934,581341002304.5146,17617387572.21509
726.99402,781990969989.6832,20378822324.606773
727.0387,313928488603.3904,18215313329.363068
727.08337,216259561355.42697,19041918962.779877
727.12805,161826108654.89523,9062586932.372114
727.17273,173936111384.39984,9092401233.81746
727.21747,165993686856.17172,8753991019.18067
727.26215,204477203457.10947,16803296928.427809
727.30682,385674743739.6152,46504336656.83901
727.35156,398324323351.2924,36993982067.295616
727.39624,0.0,0.0
727.44092,0.0,0.0
727.48566,0.0,0.0
727.53033,83988979372.65305,9144927597.718424
727.57507,833445338151.1427,65118964875.38331
727.61975,511232012210.4106,46772763961.11205
727.66449,269428899186.4597,27811420715.83061
727.70923,176988035048.87875,24327624391.50784
727.75391,291070974422.64453,45786645016.35469
727.79865,732330574431.0524,103614821274.6484
727.84338,1166644920379.0522,139750246354.41818
727.88812,832314050074.4816,73208076073.32198
727.93286,693772923754.1532,46242516806.72196
727.9776,558442994333.8032,35711931218.379005
728.02234,215044985667.7274,13921971481.017937
728.06708,122125441963.38892,4552029137.832053
728.11182,140343430494.9683,3602585177.0627246
728.15656,196431209334.983,6891790296.386918
728.20129,185546609883.21796,20197053671.694054
728.24603,398879843781.3464,54339890818.85741
728.29077,535106619068.4186,67668674727.38334
728.33557,1026915047863.7576,88249712044.15274
728.38031,1422526767520.526,49603089082.883896
728.42505,2029175106033.144,36032127859.95799
728.46979,2810508449200.5254,121381193778.51408
728.51459,1693272832333.9775,218581761739.8696
728.55933,1754708806204.7556,377281225761.4578
728.60413,1322715480792.106,341736664276.1011
728.64886,491981416659.2154,114962878014.07582
728.69366,565668196756.2255,98937737940.28552
728.73846,876298203252.849,109309567800.98138
728.7832,888977038289.1472,102005539331.2986
728.828,1520644835017.495,184574943814.27423
728.8728,715747079268.2668,70526934161.56496
728.91754,298730386511.5446,24981387704.200462
728.96234,759467003968.6198,94729598823.3441
729.00714,803809854062.3838,97259271178.18233
729.05194,499787197486.8099,56000652922.576775
729.09674,790936668413.524,103445264704.86108
729.14154,655138196848.5083,44365583612.65691
729.18634,0.0,0.0
729.23114,252990921474.92224,20714574408.780106
729.27594,921096527501.6322,92547991923.92448
729.32074,2089716383060.6985,243726693356.37216
729.36554,2134416777711.5225,230998937300.5816
729.4104,859973900192.9672,76751296384.27008
729.4552,1333020074977.411,122574143645.26495
729.5,1070799799519.0824,77328659036.36263
729.54486,419174256169.8139,19588799803.46164
729.58966,216113972639.4144,9968853210.883242
729.63446,160424134950.23874,18720883090.330307
729.67932,169097725243.7935,28409949695.63693
729.72412,155789275933.4975,24621050742.339447
729.76898,264982262739.3153,19763743394.55892
729.81378,443127108310.1674,33583316924.19509
729.85864,366042486790.43787,43931917428.83466
729.9035,235674076718.59677,26269811063.77496
729.9483,433842293397.0151,36125607067.06849
729.99316,812145411131.2383,65335226040.60288
730.03802,891893312241.5957,90536397797.5475
730.08289,587077401204.8113,66935122930.83965
730.12775,270509971060.0692,34019037862.530552
730.17261,15909451765.871288,2470046903.3602247
730.21747,79605370617.5406,9710835985.922516
730.26233,29443675001.918427,2315281055.2728906
730.30719,43566027419.22467,3188319576.325183
730.35205,108547469918.91267,4738981819.403786
730.39691,314419956329.70306,24459135981.948875
730.44177,906655919706.2048,126528349435.4812
730.48663,2037956508462.5845,243899061662.7191
730.53149,625461905147.4525,50692115084.95412
730.57642,195761260577.49017,7987990022.470755
730.62128,109130218151.06116,8288920858.455295
730.66614,82023827266.43343,9756938943.448317
730.71106,121404212630.14954,12275160583.60498
730.75592,284731076280.204,24012904849.41219
730.80084,412896932027.3445,62752352326.39885
730.8457,173140309043.57703,32621710142.478096
730.89062,177098523159.37305,25300827699.571934
730.93549,248465306314.1389,36337509283.22731
730.98041,441432092783.1601,62403763714.79192
731.02533,532592704404.49774,35602308251.35215
731.07019,863570744060.1824,42616440419.01562
731.11511,1595973346323.4688,178010140399.43445
731.16003,1797912316235.8516,249199581529.77707
731.20496,1095714560842.3986,72790439258.2003
731.24988,767743978578.9238,27585847918.85931
731.2948,631454502494.8729,50547015102.135925
731.33972,626552649219.1703,51324451113.06079
731.38464,799932831805.1619,50869362805.88964
731.42957,426605828612.0479,19344761817.41064
731.47449,184376903655.1324,14407636188.031675
731.51941,313968633612.6544,44072408474.64987
731.56433,281041141891.4564,34242246904.832382
731.60925,155124753216.41904,11158696071.46224
731.65424,82683134978.11852,4959290076.227959
731.69916,0.0,0.0
731.74408,0.0,0.0
731.78906,103522934137.8744,12378952700.833277
731.83398,544013043635.8787,66427306469.15094
731.87897,1722599203605.7063,184208462738.4294
731.92389,1042886800208.9784,153562166020.96893
731.96887,1087408701975.1945,241138883775.40265
732.01379,981163724967.703,199848868883.2104
732.05878,1314990896351.759,201461190086.384
732.1037,1781209811921.1567,201965959164.2841
732.14868,682347479524.6671,53310418811.97675
732.19366,949278966070.154,95713656003.896
732.23865,730973400823.3055,84860500555.48537
732.28363,475279308688.6666,66936135199.47686
732.32855,640218150312.9595,91870791955.76808
732.37354,497107807672.6119,31863312551.3772
732.41852,317692542811.11774,7838434461.793719
732.4635,165752713520.23056,5635697118.780477
732.50848,79037256712.2837,3156901163.607151
732.55347,259973911497.55212,6659371064.769592
732.59851,155203371842.4991,6022482880.909286
732.64349,57813457589.866646,3068035797.89942
732.68848,80119958443.50572,5478024623.398504
732.73346,19780437251.71472,1440869076.2390788
732.77844,43269552905.79039,2888678787.7182093
732.82349,124419419719.76614,6572550336.184869
732.86847,362302823359.6738,13762195322.012678
732.91345,333704562406.76025,18498395717.861843
732.9585,90406961993.82063,10223386321.975206
733.00348,0.0,0.0
733.04852,216989271631.42963,20017934771.53481
733.09351,1168345094005.8352,120521674373.82465
733.13855,2665280893791.105,217390193878.9265
733.18359,1196463938251.2124,71413347404.55728
733.22858,481881973606.21216,38381697280.04288
733.27362,1427489900175.4531,180681139634.81183
733.31866,4300105450228.154,758202123477.6283
733.36371,2391638984860.8438,347099799444.61285
733.40875,895822953922.0342,182616802713.30545
733.45374,694857465203.1694,139122290776.43494
733.49878,2148037959821.0703,366332250898.28375
733.54382,4527484165169.675,752723007486.2245
733.58887,2626458134972.4297,397602231397.3357
733.63391,629551956909.43,85962200903.36684
733.67902,435478039497.5252,68615314972.12449
733.72406,405472415930.7675,82979129574.10085
733.7691,273585091965.6448,101996735812.5797
733.81415,309083619273.5311,107687351557.75272
733.85919,859259073079.145,178396974968.87082
733.9043,2100302890576.626,235284332449.04968
733.94934,2605202609514.921,323747183162.2515
733.99438,1505807451868.7695,177203909277.701
734.03949,670088176777.2037,70904058348.69868
734.08453,216907069757.4729,18336485654.29345
734.12964,546725179883.81256,111322755065.2569
734.17468,1849455294445.4563,400274201870.5952
734.21979,4380218302066.4585,937293754107.92
734.26489,2867473493665.556,1274621867424.4236
734.30994,763229322034.3037,287817349786.6934
734.35504,280379779733.1868,83316043681.19254
734.40015,101195443250.50133,18107379041.188816
734.44519,19581589380.71425,2666655365.4276505
734.4903,615888666381.4233,72606680768.67769
734.5354,1992819920375.9104,188559584511.77805
734.58051,4037910257234.97,586882367878.8922
734.62561,7612855205706.162,1305355591784.504
734.67072,3830594630465.722,634979139490.0709
734.71582,1129913404150.671,227541707978.7064
734.76093,966269829623.3192,190924441467.6237
734.80603,2342812509872.574,251882141756.45987
734.85114,2181339747742.776,349197710680.33386
734.8963,656521868076.9807,148074761694.67966
734.94141,219055155573.27332,46402811979.157005
734.98651,279113181435.58606,31821257792.67005
735.03162,512830098942.26825,45990916367.00576
735.07678,573695506313.9135,97540180896.75629
735.12189,400546719046.55634,52220133967.754906
735.16705,257961591872.5484,29069202844.43165
735.21216,143847094971.47775,29692250472.554398
735.25732,26679067932.397434,2816808287.6062927
735.30243,35992085938.452614,4534023050.856711
735.3476,148739709677.1554,7643921126.577358
735.39276,75076576085.69002,10752034911.23424
735.43787,81589807325.05713,17771614899.238075
735.48303,386191804773.4264,66678917751.00935
735.5282,0.0,0.0
735.57336,0.0,0.0
735.61847,0.0,0.0
735.66364,0.0,0.0
735.7088,0.0,0.0
735.75397,2800532022709.558,148672250762.69476
735.79913,4849055992164.754,546766626806.94977
735.8443,5023839031741.869,410829679867.0992
735.88947,2428986821518.154,181414903034.56268
735.93469,792656212685.1835,88090033535.98972
735.97986,1194133650747.4646,199867807895.0648
736.02502,2632017452538.488,516561280898.7784
736.07019,1053288666693.4254,258930927337.2172
736.11542,16753271265.22192,4699927594.685384
736.16058,245729117263.45392,64510605595.58042
736.20575,300694276792.38385,35818691369.06039
736.25098,383526920233.8942,28187359390.425507
736.29614,1159450640145.5251,96409645732.39244
736.34137,2814266732218.928,457591364464.2074
736.38654,1898679018885.872,294525583656.11865
736.43176,866833595040.5548,101500523874.0144
736.47693,363836743667.2203,54461783129.91897
736.52216,302499980388.85364,52882264325.51845
736.56738,0.0,0.0
736.61261,0.0,0.0
736.65778,0.0,0.0
736.703,69068471670.31285,3907468006.481608
736.74823,91030816800.30434,13886919137.103056
736.79346,109404596857.0078,20480226341.6969
736.83868,1105359934363.0637,255426624284.45563
736.88391,2419394263032.73,169321093188.26706
736.92914,1750745932059.669,123108268945.79834
736.97437,492704738215.06726,44429434656.3031
737.01959,381610930947.0042,32376264144.419422
737.06482,398280712883.2453,28219317042.089703
737.11011,822290158939.7516,102930276652.5725
737.15533,647425688662.1772,88743505695.5231
737.20056,268059991430.7172,33844838468.99501
737.24579,210343449988.30997,21894893725.836346
737.29108,158045465566.74887,22718299428.29916
737.3363,268582541018.628,15607613722.350054
737.38159,1152031045808.6812,73426376859.4005
737.42682,2965064260558.293,629659901926.3113
737.47211,2907866270097.109,911232066500.5468
737.51733,2430262336413.812,514123780344.3189
737.56262,557588333720.0754,67635871923.55167
737.60791,308796011264.5089,41214491867.3116
737.65314,102517207629.67332,9766414068.59119
737.69843,114691139729.58832,8847803844.319118
737.74371,243716154050.1824,36828393211.38545
737.789,90220246687.72585,19118597626.232525
737.83423,86272267963.89767,16981433541.232569
737.87952,9235523594.98019,2395464791.367927
737.9248,42262433041.04954,7942836673.388647
737.97009,129095324291.9792,18311661717.42371
738.01538,197453113591.7243,31625501400.48149
738.06067,94984194088.6026,7901859819.198201
738.10602,300663597214.2296,31096219933.356537
738.15131,477064123161.4201,61121474472.15253
738.19659,1229343036809.088,110892832926.14496
738.24188,2201116017216.897,292863655640.866
738.28717,1350297275056.7878,280837331083.4493
738.33252,550454078204.3115,144692550572.02542
738.37781,282296664942.2901,67105148571.96686
738.4231,647253187850.4675,122094554453.49034
738.46844,2615933773679.552,384834953831.6444
738.51373,3974680229079.1934,293259451611.0626
738.55908,2418117794673.622,113684652848.812
738.60437,720444085003.9689,94626143198.82658
738.64972,192486943329.86823,25516579491.17337
738.69507,173521774747.1418,9829015678.546425
738.74036,308198707452.44275,20754594358.53232
738.78571,427813053262.0007,37541512983.18637
738.83105,891865947478.1538,94087595341.6434
738.8764,2001562705194.9124,147599480651.01813
738.92169,2531321796997.3457,202934468913.46228
738.96704,2589522002999.656,275459406093.5115
739.01239,2044040675137.3936,236338911670.0384
739.05774,982999299305.122,46243482562.617485
739.10309,491123541593.9366,41478499617.375626
739.14844,550822797709.4277,38701894253.35455
739.19379,1093360590820.7056,75051740622.00319
739.2392,1959126847791.526,362867393695.8237
739.28455,2893350346015.565,620989867057.6271
739.3299,2970920629978.54,425270579553.7032
739.37524,2985106492449.1743,447018162503.798
739.42065,4853261755480.819,815855588071.8507
739.466,4531618386678.533,470015363671.5478
739.51135,3296045615180.27,284869850804.5233
739.55676,1987856651034.397,249340313458.08167
739.60211,0.0,0.0
739.64752,481704831057.79193,75231323373.54927
739.69287,2983772231404.342,492412970465.5194
739.73828,1388550341798.1704,243205969554.44662
739.78363,372343718190.0181,55999306132.61723
739.82904,259615946016.7094,37621030419.411125
739.87445,324438460354.4068,42732994434.30808
739.9198,664675713136.8047,31310933826.394844
739.96521,2000490217135.7827,184824177155.96198
740.01062,2062747107923.32,297983749745.2651
740.05603,868764539074.9601,118395687580.93707
740.10144,609689407215.4889,77424897856.58426
740.14685,117736024565.18166,7406066873.126514
740.19226,97141441470.0233,12023082247.132778
740.23767,343740604255.75323,63173003603.21521
740.28308,247904564609.53424,30779040555.36679
740.32849,332169998676.93555,39548970844.87843
740.3739,891306932203.2576,128217302725.33302
740.41931,2942810284279.73,432888549501.9129
740.46478,2131198615820.401,470961831141.6699
740.51019,521734244651.5148,135461362408.5348
740.5556,535987756978.1738,94173420663.89622
740.60107,1277393296741.1228,108312118361.74498
740.64648,1577491968653.5894,97366237417.28868
740.69196,1249483558261.516,142102475432.2776
740.73737,1365069007397.5295,179443608509.04752
740.78284,755576083573.0814,99570220860.53172
740.82825,247869115875.514,23728289087.78352
740.87372,79979289817.80112,5730365717.744383
740.91913,21270126300.27812,1514277935.12139
740.9646,70861260689.27429,5464256914.218776
741.01007,0.0,0.0
741.05554,0.0,0.0
741.10095,118359537505.66216,9592350869.923077
741.14642,78702666112.63377,8560985359.156708
741.19189,30297406237.4853,2648538639.454152
741.23737,277370820037.4332,26041106016.654297
741.28284,1167190716476.4822,112608737526.36978
741.32831,1248576476695.8022,59487040144.754616
741.37378,531084903856.8614,54733577158.28569
741.41925,177415675448.48743,29858827482.403378
741.46472,4870963316.399299,649209488.6521624
741.51025,239970857182.73773,21810444768.152126
741.55573,862092957156.9579,64048534492.1673
741.6012,846564521653.1757,99969976136.02904
741.64667,202898497096.58163,33762509125.287064
741.6922,135867076780.03693,22763235767.390083
741.73767,254036050299.19485,41205936608.569336
741.7832,977074491709.3226,154665217197.04156
741.82867,1903273945533.623,234874308198.9968
741.87421,1379191138422.691,120232079962.40778
741.91968,541094394061.6292,48249231246.99604
741.96521,457645911872.4685,49012547470.7127
742.01068,309681882379.6366,32803318206.078026
742.05621,521524688416.5387,57879484536.69744
742.10175,1738994856210.0205,193395662799.71545
742.14728,2664501722906.2905,245743408919.79364
742.19275,2312439357646.5366,212132489848.9477
742.23828,1652437341323.56,114438521531.7221
742.28381,753679403056.87,44540972208.65015
742.32935,352467997271.6616,30905419013.62892
742.37488,254585842619.3325,36974340072.72335
742.42041,165613780639.64243,30880105888.50468
742.46594,0.0,0.0
742.51147,0.0,0.0
742.55701,146266665690.64047,7772565426.528259
742.60254,155580234370.5242,5763421033.382524
742.64813,336292894724.8761,27807069272.86949
742.69366,902799816038.432,129167315678.52704
742.7392,1371706390236.3914,223490501714.45123
742.78479,544237872152.0213,96985092425.55562
742.83032,266390378556.2425,42761711585.53493
742.87585,461459747052.39056,47131189907.84249
742.92145,263804564136.3737,21685727757.1407
742.96698,578875000612.4121,76594491831.81071
743.01257,2025302510148.693,350361894466.5708
743.05811,5512944423393.955,703468171740.8326
743.1037,3415908582099.6685,200259343198.5261
743.14929,1243764465188.4722,84557038493.0109
743.19482,413848694218.3228,24863245393.588844
743.24042,230809213446.9605,18808890902.717117
743.28601,320835381731.82166,57641112934.40223
743.3316,654696367895.5526,91487144742.39458
743.3772,716247732532.5015,61643206304.35995
743.42279,510256483666.1976,56337924013.57381
743.46838,0.0,0.0
743.51398,0.0,0.0
743.55957,0.0,0.0
743.60516,219373849363.53668,16182730216.005646
743.65076,0.0,0.0
743.69635,2684165901.2379346,304991744.2266842
743.74194,158636157981.04053,16674287116.581158
743.78754,103571683465.67242,7511867358.689524
743.83319,191143612576.09268,10325158659.932634
743.87878,67518786322.86696,5342314127.5599
743.92438,194593744354.6845,14181767671.323963
743.97003,373945054765.26056,32329324121.58262
744.01562,897516110027.814,60699842868.76279
744.06128,812524260602.0674,47645988288.81384
744.10687,248434783272.492,35864383299.56651
744.15253,96049205521.34488,15064479243.56649
744.19812,113128507481.998,6697874613.905839
744.24377,351361552274.27655,5936946822.517169
744.28943,122379354555.73224,3194570429.700011
744.33508,113714389892.20868,7946578609.242231
744.38068,127490775754.77156,15159789476.755487
744.42633,26803719499.56645,3287222289.0255837
744.47198,51729573248.11708,5636821513.120409
744.51764,46485156346.993065,4164475391.186193
744.56329,39361049899.90425,4584770152.116073
744.60895,90657679416.7076,14832519833.481297
744.6546,177354172575.48,16783095277.685226
744.70026,650978554131.1044,32881332542.14522
744.74591,768764714091.2281,95840553519.77222
744.79156,558753967481.0619,94478821479.06752
744.83722,1737608811860.0156,201844051261.70023
744.88293,2138271518047.1472,230586119199.96487
744.92859,954297397924.672,144697966154.67334
744.97424,278353653154.55786,50423674225.601845
745.01996,234669121624.9001,39486196541.56598
745.06561,109460997316.04756,13361078343.949392
745.11127,72458993793.79395,7607627989.434923
745.15698,235496143757.44547,17923538001.259007
745.20264,312763162448.50256,12046826309.433456
745.24835,1169757094971.1753,37418093549.931526
745.29407,1460057252561.6802,123115928709.6666
745.33972,771094563718.3612,81397429423.02797
745.38544,224635351888.9843,12941491839.5941
745.43115,0.0,0.0
745.47681,0.0,0.0
745.52252,121234288492.73856,16370260507.198614
745.56824,160067380980.79367,17220432523.331814
745.61395,9420342978.953257,963209757.624013
745.65967,0.0,0.0
745.70538,0.0,0.0
745.7511,42910336466.85006,3485012070.168144
745.79681,146036210071.4007,13805662843.900415
745.84253,215827396992.64664,8692967307.203197
745.88824,309315357566.9047,14322356584.583654
745.93396,641416472400.6627,15521924910.041386
745.97974,562117359746.233,47970415317.64074
746.02545,226772309029.3804,26106832908.12129
746.07117,119594936420.4068,15109730755.519848
746.11694,125227834993.61948,5449044124.430244
746.16266,66800443308.01834,4384098431.896092
746.20837,143619291092.48593,17649920929.605602
746.25415,190983977120.94455,29289916652.621742
746.29987,94892332434.80492,8974576867.68481
746.34564,53505352207.76152,2702816481.8583245
746.39136,69155689820.91167,5105063595.020608
746.43713,77597072870.61273,4019024901.028612
746.48291,1062353942.80409,44798655.87852097
746.52863,37212532178.24067,3391279104.95906
746.5744,0.0,0.0
746.62018,0.0,0.0
746.66595,0.0,0.0
746.71173,0.0,0.0
746.75751,0.0,0.0
746.80328,515976282.89007664,115612496.33982602
746.84906,1002490059764.683,116631758852.7082
746.89484,885393789204.5547,16942572600.452097
746.94061,212472707410.9319,7655049468.448062
746.98639,65556206647.91831,3884076450.563465
747.03217,132781539593.5079,19245234150.26486
747.07794,0.0,0.0
747.12378,0.0,0.0
747.16956,0.0,0.0
747.21533,0.0,0.0
747.26117,0.0,0.0
747.30695,231656331841.69263,11093256244.35245
747.35272,391548475853.54175,11335998802.85884
747.39856,107206667527.14555,5932748578.795769
747.4444,32418833005.36217,2186235511.752555
747.49017,79430144186.19525,4187673482.344159
747.53601,290987619586.9465,27899386597.45634
747.58179,1480544595444.353,189979210437.53293
747.62762,1616855740026.8354,147558412224.77072
747.67346,554779357424.9521,18526985272.606358
747.7193,238074497148.65347,11800013813.08376
747.76508,355082763941.0322,23125417291.343678
747.81091,196459007295.06888,14947830522.363483
747.85675,158165943749.82394,7564378529.692363
747.90259,427523913380.22754,30204068200.1194
747.94843,1108919611866.4832,205491312399.22855
747.99426,1078077708200.605,254653813940.96652
748.0401,225866129600.01505,52871040778.39808
748.08594,0.0,0.0
748.13184,0.0,0.0
748.17767,7577429625.89916,660170092.1398653
748.22351,68000758926.146286,7995386918.727315
748.26935,68591952972.03951,10415312447.78476
748.31525,79352080394.60028,7681972888.494023
748.36108,65536259959.45629,3955000132.03075
748.40692,85340064315.57271,7234852859.532691
748.45282,57793029168.79335,5059220392.762298
748.49866,83750073998.27435,5608837717.017798
748.54456,59684928990.06325,9950083985.182417
748.59045,71915641319.13959,17852291461.76505
748.63629,72453980459.73514,14691368228.198458
748.68219,80980123717.35132,13985631924.790297
748.72809,116140092316.39992,16702555793.426908
748.77393,8683393972.557978,679588520.2598494
748.81982,25309681017.532497,1188222570.340862
748.86572,42359824440.014015,3052859126.9957027
748.91162,90117974770.94637,9164074955.07989
748.95752,81834272118.6979,7197289413.963947
749.00342,222845689333.53796,14659883980.328789
749.04932,776462585642.5707,45893274067.41869
749.09521,536602110629.986,39985241972.72614
749.14111,90554438718.98305,7243367551.478145
749.18701,0.0,0.0
749.23291,0.0,0.0
749.27881,0.0,0.0
749.32471,129191837679.94322,15523212584.01424
749.37067,209670149698.73755,14368754707.004406
749.41656,351457724574.3474,29719847541.80709
749.46246,913214396889.2356,91325351724.29044
749.50842,2669597666677.686,156345032379.0642
749.55432,2512185082666.859,109075305280.78186
749.60028,1879714280636.0088,181750626920.15628
749.64618,1265954694640.0818,181795649855.62787
749.69214,1078703268038.7043,155463052640.20285
749.73804,1074577801381.3872,180630359064.5315
749.784,0.0,0.0
749.82996,0.0,0.0
749.87585,0.0,0.0
749.92181,96268199397.90462,6081932295.371219
749.96777,13631059255.173843,775321206.2602211
750.01373,94287503111.49808,4397062281.806309
750.05969,53114783291.1123,2164054936.6946635
750.10565,70964283739.90366,5368909378.898858
750.15161,147448459995.40598,25734255855.990917
750.19757,262888399478.50552,47010771731.20489
750.24353,285462846064.97424,31704976440.78048
750.28949,208314635978.0086,28030406457.799507
750.33545,883931966987.1051,155193011430.3628
750.38141,631442274589.8246,83487202346.15723
750.42743,0.0,0.0
750.47339,0.0,0.0
750.51935,156989357248.04013,13666323718.305737
750.56531,95507287874.541,10726441537.097475
750.61133,24313806902.89529,2782403483.9344745
750.65729,9637149345.253078,1319233857.793033
750.70331,86694963827.98254,16981467090.159792
750.74927,153273685864.21396,28847929363.627773
750.79529,127134509603.75688,15812538094.287457
750.84125,290082809383.2982,27630107235.320786
750.88727,1383489910037.2124,100053299356.51888
750.93329,1312689467995.7148,109516924123.75966
750.97931,1549017707289.2017,187604190432.7289
751.02527,1820677111438.243,157348059121.1969
751.07129,434658001844.98334,36150430415.35692
751.11731,45239430467.96924,4674888395.362278
751.16333,0.0,0.0
751.20935,2132405036.2094464,213816152.96192563
751.25537,379734750633.3612,54144028936.20756
751.30139,497383860308.3521,59590563738.68857
751.34741,290593935708.36176,21231172256.146244
751.39343,390168422653.1403,22238394247.21735
751.43945,729108419061.9991,47019688436.10889
751.48547,1670957576236.889,116764707636.90468
751.53149,1032585848119.235,122686267835.0174
751.57758,733906777164.8872,92033997452.17249
751.6236,1316049174739.8198,135692791973.38776
751.66962,2054154764631.9036,179723400278.2728
751.7157,1711426075022.562,75160726050.20558
751.76172,1553207043684.2522,52430953282.98636
751.8078,673812450275.564,52110426258.920815
751.85382,368467592158.2782,37941195354.1142
751.8999,192404961125.03937,13551045609.365507
751.94592,187951471741.3566,8274363097.999679
751.992,269836256620.308,21523045246.64073
752.03809,619746492081.5303,62230491432.25069
752.08411,903582124632.3904,94279722615.1557
752.13019,647769599038.4849,45964241988.15191
752.17627,633884221727.6436,47290671095.199615
752.22235,636233170958.8937,45363832194.30291
752.26843,541940736715.5805,44254449612.49425
752.31451,1097798126635.1172,105287933515.27638
752.3606,1383291596690.569,121419803385.2854
752.40668,688216297189.0227,49162529252.51159
752.45276,502268102279.97217,39049454137.941055
752.49884,893103998692.6226,109028932436.32196
752.54492,729743367970.173,89854568606.7422
752.591,357841603140.5868,36450031325.70506
752.63708,546565876572.22656,43801153109.38834
752.68323,1653929673311.4883,150180173380.45013
752.72931,1931480178093.7395,143861241264.3877
752.77539,1300867833093.093,151655078663.77664
752.82153,541107637294.4289,83863226018.34615
752.86761,0.0,0.0
752.9137,0.0,0.0
752.95984,493274332492.5003,73596478336.71912
753.00598,1109197703089.6765,180379228701.18887
753.05206,1164251014635.9983,114519014114.75096
753.09821,769949478132.6775,76312110238.62338
753.14429,561895821180.4109,84243978260.46382
753.19043,244467530808.76535,39448308119.56795
753.23657,0.0,0.0
753.28271,0.0,0.0
753.32886,0.0,0.0
753.37494,0.0,0.0
753.42108,123902896704.6938,25160006811.338017
753.46722,150156233310.73843,28859898448.598896
753.51337,1307189977512.865,188734745691.18472
753.55951,2067300675490.7192,229435374606.73743
753.60565,1796146550484.6172,150915173363.0306
753.65186,1011764259769.156,38127502151.91813
753.698,2557520572286.0034,189733845137.7935
753.74414,2815782130114.072,353213921280.858
753.79028,2231108111076.0244,202221746193.52505
753.83649,2561961387880.42,85489524560.8453
753.88263,1139636533209.4934,83243091011.03226
753.92877,396276177488.3483,40082945023.05628
753.97498,770492723276.0353,51136548612.68197
754.02112,447042161233.86194,30058144315.92329
754.06732,129597220928.6094,11687745413.698544
754.11346,32918463205.57025,1996508871.469875
754.15967,156720698604.86136,11748656271.511248
754.20581,47194541866.16683,6089969369.969699
754.25201,138036497755.22064,23477182519.64342
754.29822,82585072951.63751,7942712142.410577
754.34442,196092160944.2328,24842372272.455467
754.39056,418855427980.6499,70315801541.92662
754.43677,1081622650558.8584,115951221296.80324
754.48297,1185633548241.6594,71537119187.45045
754.52917,0.0,0.0
754.57538,0.0,0.0
754.62158,0.0,0.0
754.66779,73655103163.2935,16137178214.881508
754.71399,236861599005.78165,38372862942.72869
754.76019,137935058497.57312,9245261344.780338
754.8064,180131665368.0317,15555225480.051573
754.85266,381205583409.0564,9690850576.390202
754.89886,467884611416.5215,38002811321.232346
754.94507,17865659534.621387,1017189500.112438
754.99127,0.0,0.0
755.03754,0.0,0.0
755.08374,0.0,0.0
755.13,184853481690.3419,21223818449.745914
755.17621,278730705764.75354,4389758110.688717
755.22247,875627762365.4552,74966535368.78659
755.26868,1932218028744.3137,166212058863.8143
755.31494,2163664323000.125,298010789257.43176
755.36121,1377698185806.2969,183337079162.1207
755.40741,1323024345505.7642,209762632385.1295
755.45367,905476341932.102,80436390055.9348
755.49994,520535586560.8491,41392881479.11044
755.5462,1123232686771.5747,137768846736.91907
755.59247,1777883742487.6697,214340672667.0261
755.63873,1861837798973.2944,172202044172.3424
755.685,924765063442.5016,66898576726.129776
755.73126,246375658747.2333,5460183110.195452
755.77753,107922142144.66672,9772645254.254826
755.82379,46683224042.66119,5438464766.832816
755.87006,0.0,0.0
755.91632,0.0,0.0
755.96259,0.0,0.0
756.00885,183791194740.2835,12387763445.17426
756.05518,0.0,0.0
756.10144,108665016432.3272,9792812067.643845
756.14771,283183851368.9144,28221024000.734142
756.19403,508108071752.8105,59516299444.11193
756.2403,1382507852752.2444,139998636873.9175
756.28662,1991237457448.47,62946692739.83117
756.33289,2643738660454.0386,188107657136.4992
756.37921,1026695719541.995,87421839623.71347
756.42548,476585276869.4017,41323626164.21112
756.4718,822006509485.9514,53543281146.54604
756.51813,489337057111.2949,32817359491.91073
756.56445,341470912765.0816,29145749115.020573
756.61072,320740867085.5687,16835543503.865477
756.65704,364791958354.104,24263686978.083427
756.70337,644613437618.1772,52333255552.4072
756.74969,1763604513371.45,204950043730.11127
756.79602,2410293384378.8,253025850705.8173
756.84235,314326845517.6281,50076461346.67726
756.88867,0.0,0.0
756.935,0.0,0.0
756.98132,658908296508.5092,80197948160.48732
757.02765,1275505449124.2993,157715081400.34512
757.07404,1783623223790.8752,133809685417.44405
757.12036,1687086515223.4387,117824580540.74171
757.16669,946398669425.053,174295837967.99615
757.21301,362952576976.533,76569684615.32288
757.2594,159885024040.5306,27448562795.03179
757.30573,618516268915.8809,79671327042.92711
757.35211,1902419296606.6584,131050779822.32677
757.39844,1807821121383.9883,149821083189.8117
757.44482,917165734882.7708,88924954243.7528
757.49115,489574527016.3382,54492897813.43518
757.53754,313873724015.2135,32290292118.071224
757.58392,462939299454.54224,38499874068.41324
757.63025,1362145518753.7363,65577389578.66714
757.67664,2321728600449.33,112318754640.57088
757.72302,5044169906380.541,605026905965.2882
757.76941,6418599324708.869,762620183071.2942
757.8158,3481986339896.8994,230991686730.7079
757.86212,1212931261966.503,76636047401.12589
757.90851,996332407541.4812,104823915275.97592
757.9549,863912962257.9575,84621102435.83426
758.00128,1045476261841.3068,112923472600.19832
758.04773,541105761682.8274,89305485520.27849
758.09412,245276223602.29333,44601999252.4583
758.1405,282949360294.9304,42908102938.78787
758.18689,381446737038.6429,29481381319.60441
758.23328,947541812451.0352,38821438403.48846
758.27972,2454759980924.2554,62591170349.44773
758.32611,3346839934712.7583,99493113943.37732
758.3725,2428036183642.2056,167191620986.38403
758.41895,1690938695651.853,62291498153.37456
758.46533,1060317660481.6372,55215732586.66249
758.51178,1015552681750.874,38924468755.827614
758.55817,944889372451.774,105123838352.08034
758.60461,516738495974.8373,83480148094.63542
758.651,158765750456.21896,11627275390.201908
758.69745,41362768069.0145,1322162752.1194642
758.7439,57066057465.09153,3177118048.6966205
758.79028,94550200302.1081,8514996596.978803
758.83673,101538366947.9777,10582902952.30524
758.88318,65877876429.87285,5300974909.777479
758.92963,142086665775.73846,7872224097.379697
758.97607,297872173227.8425,25968840003.211266
759.02252,293078960885.3018,28150254353.529724
759.06897,656190832932.6549,48404879200.07602
759.11542,319306706013.6069,19872929175.997826
759.16187,616685794593.5695,68257060609.60854
759.20831,3533566416569.6357,513028986338.2177
759.25476,2186860883506.9104,298626990386.47864
759.30121,681452356828.4224,81045074709.61452
759.34772,296632921281.0758,31516213798.633465
759.39417,334890147276.1252,35879720012.896576
759.44061,0.0,0.0
759.48712,0.0,0.0
759.53357,381798764171.0539,22364965083.805164
759.58008,2512415365621.504,150925630552.65848
759.62653,3849703665547.9673,580649007810.223
759.67303,2470950032013.265,342603103370.3416
759.71948,854623632882.6135,131614686188.5516
759.76599,422402083982.1669,68544183309.15492
759.81244,1142278167474.7534,84287018406.91753
759.85895,2556786287292.948,134254238357.88922
759.90546,2045300037978.6047,84837750931.25793
759.95197,622508255735.1742,34148842102.29457
759.99841,173594217146.1844,14583295580.117151
760.04492,268934764927.6349,31801923724.941727
760.09143,430226191077.9752,69199896800.07259
760.13794,863433947849.277,148899919058.16772
760.18445,1301369143365.15,208024436218.4977
760.23096,1219087495374.86,218593804186.39996
760.27747,74740271929.96896,15998109350.11918
760.32397,0.0,0.0
760.37054,0.0,0.0
760.41705,42749595660.21603,3822226792.8274274
760.46356,44823891859.92244,7460740595.256131
760.51007,120869507749.86128,18447572549.85743
760.55664,66544195022.53698,5844939557.002846
760.60315,0.0,0.0
760.64966,69084818191.5269,12215868762.50321
760.69623,114402924276.48483,28562147794.0106
760.74274,0.0,0.0
760.78931,0.0,0.0
760.83588,0.0,0.0
760.88239,0.0,0.0
760.92896,0.0,0.0
760.97552,68354719804.145546,3798540381.00892
761.02203,84256818492.87796,4024754724.3565874
761.0686,170897767271.78445,7103458787.847197
761.11517,288219359038.4838,19271595672.213825
761.16174,0.0,0.0
761.20831,0.0,0.0
761.25488,0.0,0.0
761.30145,13566278109.624235,955424753.021536
761.34802,0.0,0.0
761.39459,715418085583.1771,216174397273.36316
761.44116,1749277942562.6543,693943172011.9065
761.48773,1357659663225.9648,506594088757.00745
761.5343,808845131908.3711,199756264678.8215
761.58087,551583336285.8116,65591501445.80029
761.6275,381495861205.6186,70262346348.93303
761.67407,0.0,0.0
761.72064,90687605466.40125,16507889285.352816
761.76727,112738511838.9358,24572671619.066498
761.81384,0.0,0.0
761.86047,0.0,0.0
761.90704,0.0,0.0
761.95367,0.0,0.0
762.00031,410048913107.31256,205979905850.3409
762.04688,1270026430043.855,594041249872.4304
762.09351,2791440155835.0674,418746876954.9021
762.14014,2917613074148.537,145886732500.9257
762.18677,2244106155746.648,339698822276.9763
762.23334,3208686161943.598,886946454103.3505
762.27997,2023042702932.1133,548825193689.5024
762.3266,2564755917829.133,309562395213.8422
762.37323,5388414235794.496,365795660497.7665
762.41986,5017638005627.204,196335706610.45096
762.46649,1413571764519.5078,65684115264.10281
762.51312,924200553582.0676,133426266407.044
762.55975,3030092531122.8228,215123135472.19476
762.60645,3382624551534.897,704297859839.4865
762.65308,939891168390.3068,337068626398.72626
762.69971,168313365711.41934,41433932961.91734
762.74634,0.0,0.0
762.79303,280536571916.8295,50083742475.68556
762.83966,273348454751.4288,49849335953.17954
762.88629,478031895669.5641,72742270442.5303
762.93298,355381019372.60645,63824992019.50031
762.97961,572902974609.719,177473496124.061
763.02631,520150055760.9621,183907665882.07172
763.07294,271317603230.53604,54291774461.5534
763.11963,420235494578.13776,20621651430.23692
763.16632,1195908268182.7156,103619305315.99413
763.21295,3092731383879.7124,521679339117.913
763.25964,3078755443516.342,922737778847.4412
763.30634,1181799383521.6858,273547588791.44003
763.35303,450236432389.1213,38645523725.697945
763.39972,232390179227.0969,20727286336.938595
763.44641,208297504004.09512,29818750074.87507
763.4931,344018319162.5302,100889074050.16208
763.53979,308460130023.2533,144827823900.93176
763.58649,214323583329.78723,84255451291.41312
763.63318,249852974618.2032,27335353518.660564
763.67987,72485212562.4097,5581926874.836687
763.72656,0.0,0.0
763.77325,221283517786.71115,60939514423.85364
763.81995,175193278595.06503,45116683173.453545
763.8667,148068507683.82166,33500428817.489902
763.91339,94914304177.79684,20881412249.010807
763.96008,260924315930.00293,78146277856.16388
764.00684,0.0,0.0
764.05353,143406605715.21848,52057505805.704185
764.10028,269060465389.13467,77935876476.24838
764.14697,17201381269.580315,3647227251.681148
764.19373,109374246190.31126,11027660979.66587
764.24048,161913292817.5857,13900586364.911058
764.28717,479788375906.2562,31610454502.22142
764.33392,374698376392.7605,46542553508.44466
764.38068,1675398536849.9866,152713110513.22678
764.42743,2624398344488.752,269828468636.7438
764.47412,4232253997065.443,629642677325.1971
764.52087,2756818256937.167,514439813238.1978
764.56763,918451370670.778,170107495498.5419
764.61438,806830291995.9854,176684572492.4186
764.66113,1201009917038.0613,180131762855.10043
764.70789,1737221056852.7383,316398452324.5455
764.75464,2327517110171.4526,445102739695.33856
764.80139,2423383475937.156,303589962431.57654
764.84821,1824742063750.8853,120524225106.614
764.89496,1076547166268.796,161182213649.52286
764.94171,610129468002.3066,134671053007.17912
764.98846,402438164364.1519,68865758294.6001
765.03528,1092460220266.4373,138814388232.57016
765.08203,3168945970441.202,346989196495.2576
765.12885,5585980579445.503,523216930379.9576
765.1756,3397163615322.357,420552740034.0933
765.22241,695070218215.9236,79896538138.78484
765.26917,541985480191.1819,88187902699.84767
765.31598,525995816598.0657,130047444473.7522
765.36273,86136173377.47368,25519594935.44998
765.40955,0.0,0.0
765.45636,59695795150.46673,12644969229.133942
765.50311,0.0,0.0
765.54993,0.0,0.0
765.59674,0.0,0.0
765.64355,302644740428.9965,49683446878.11012
765.69037,168957553256.04868,36185391645.5642
765.73718,353098680789.2668,36269653243.10712
765.784,1110234775634.613,83200222870.06607
765.83081,2775048832105.842,330130702605.5821
765.87762,3603541634021.0576,269046483301.7688
765.92444,2124841581764.773,167530527509.3681
765.97125,1961456812071.492,295767195085.1421
766.01813,6235696542239.293,650347557155.2101
766.06494,7465483236136.134,380960752052.6865
766.11176,3398123621779.065,179684753663.25723
766.15857,779648642259.0602,99617067483.59496
766.20544,141024411418.8014,30209737220.74888
766.25226,18739833807.00381,4908129498.883659
766.29913,0.0,0.0
766.34595,251834469260.21896,44250119644.4624
766.39282,199861703846.3845,12151606922.141394
766.43964,323546749860.003,12027527412.923635
766.48651,1767675908361.043,191450518386.5902
766.53339,3744029977158.4233,681303871162.3586
766.5802,3048645299770.828,439571324835.3511
766.62708,637149911708.9417,74714504950.60237
766.67395,150918120846.30957,21491424552.733627
766.72083,226794909234.088,33017797551.077656
766.7677,93221080840.13112,9042256908.87597
766.81458,0.0,0.0
766.86145,53724093523.58144,8088513479.284802
766.90833,385939762942.5175,71029453568.3797
766.9552,283625464355.5293,44186015863.08794
767.00208,368293325365.978,30664839482.216614
767.04895,611100999298.2231,29629214381.45544
767.09583,229266506291.04788,20284050432.84492
767.1427,73142229450.69801,11699140678.443996
767.18964,270374058676.0876,55111576437.84013
767.23651,150824281083.69882,33872419387.97349
767.28339,1002137934694.8575,235491303234.15988
767.33032,491812815106.2108,95613718272.50432
767.3772,35427042966.87845,3822355407.557652
767.42413,60146104650.83684,2630896154.5336843
767.47101,261389668768.9437,14321799531.844564
767.51794,167994517510.29282,24133284662.353382
767.56482,0.0,0.0
767.61176,41847129855.1929,7228740924.64156
767.65869,207849946936.56857,39277539946.74995
767.70557,186053775428.91345,33232826563.92913
767.7525,218487031903.6741,17226414577.994568
767.79944,670410340413.4895,31076625269.022923
767.84637,1371375904052.8696,146041534464.8432
767.89331,1042844789426.176,106655647593.48544
767.94025,402612650233.5445,45926901527.533226
767.98718,79420037036.61946,12942381199.810658
768.03412,172499383049.44098,26848928690.350086
768.08105,119025526556.29951,12655236241.804672
768.12799,66149370240.92143,3865578590.697659
768.17493,215665447820.7125,23522266316.961254
768.22186,1377128672680.0327,219338029909.05463
768.2688,1649249908985.8865,310075977118.75104
768.3158,675712179720.0406,180018038271.87283
768.36273,223142345981.40567,47044980177.98412
768.40967,0.0,0.0
768.45667,0.0,0.0
768.5036,0.0,0.0
768.5506,0.0,0.0
768.59753,1255385561448.1147,106204298064.59776
768.64453,2259348038004.675,206824115309.01657
768.69147,2131570261742.1755,495248156362.538
768.73846,1352501590386.849,418720662672.66473
768.78546,2487708598111.188,727890438048.9224
768.8324,2429313046555.0386,517968626830.9476
768.87939,669323746923.7996,93151030135.58444
768.92639,16795943832.42126,2796252326.411856
768.97339,61841602354.26007,5859676302.804276
769.02039,90430025143.6027,7024970466.119871
769.06738,137231601931.82149,15013059604.236183
769.11438,139309191679.94162,13666941624.975368
769.16138,41875165676.71011,4737100441.953167
769.20837,116561022778.82968,16884283274.207735
769.25537,59776554150.220345,3939988962.063286
769.30237,196056027907.148,7714989732.942116
769.34937,541808567710.99896,31947304267.418278
769.39636,293178756402.57306,16869528136.45216
769.44342,136910322960.35838,9732140654.192345
769.49042,353969188733.16724,10913674574.47224
769.53741,70409973466.09235,6085442697.57964
769.58447,95904957399.54771,12808321862.879702
769.63147,285215179014.407,30944599741.080624
769.67853,36860893836.43665,2625315920.2017746
769.72552,128220349888.36424,7038953477.398827
769.77258,16766191673.792004,721955353.2684658
769.81958,30198318985.0109,612174656.832165
769.86664,0.0,0.0
769.9137,0.0,0.0
769.96075,0.0,0.0
770.00775,0.0,0.0
770.05481,29079995532.43365,5742736444.099461
770.10187,131054203875.80426,25912273146.263184
770.14893,0.0,0.0
770.19598,0.0,0.0
770.24304,0.0,0.0
770.2901,0.0,0.0
770.33716,0.0,0.0
770.38422,0.0,0.0
770.43127,1078564376344.4104,53729718381.70661
770.47833,2381049273717.8945,125654894684.202
770.52545,2739971450492.0376,218913341071.79272
770.57251,1360447460986.2715,177688897827.45145
770.61957,324288309361.94086,50867012507.20037
770.66669,45973514314.374565,5060895770.913988
770.71375,242441774873.44305,28545848716.26298
770.76086,313742200385.47974,39989100211.56116
770.80792,343328558243.1952,24240267155.31417
770.85504,439543248757.716,23437180546.475056
770.9021,781137070317.1746,19238908704.617664
770.94922,1872925210452.874,61555756220.8092
770.99628,2406110877015.9272,225848514418.06625
771.0434,1638272662344.4434,212755437381.71585
771.09052,1007132402095.2676,147175238733.34802
771.13763,501291453881.1512,22195282448.117035
771.18475,388151310688.3967,48112494389.60999
771.23181,586718014279.7781,70069430008.19568
771.27893,1437372727668.388,102452879611.52702
771.32605,2414447802364.0205,60249343121.46074
771.37317,3221417740406.376,332673816395.28107
771.42029,5437508955653.023,317229121732.8238
771.46741,5498703611437.17,547152055119.7343
771.51459,1966223595227.6687,106827933177.91216
771.56171,634132021109.6346,77394351041.557
771.60883,184887741464.1341,30430919038.83893
771.65594,150217705887.82022,27369631430.874744
771.70312,144381215164.39166,22585490656.87706
771.75024,196853574801.0167,38157688157.47754
771.79736,257206544142.3735,38111055832.32661
771.84454,351645800184.2669,33308126595.092583
771.89166,529152357816.99225,23457642130.753105
771.93884,1746187779698.9792,172343858557.62387
771.98596,4349234034880.729,765408223556.1908
772.03314,1750470663130.5186,342959839528.0977
772.08026,324482584300.75653,40602928943.65061
772.12744,189191039020.3225,18940279821.35363
772.17462,148898870882.8384,37200489256.75835
772.2218,104094528748.39474,32175516611.24151
772.26892,175071112420.02325,38693783007.88645
772.3161,0.0,0.0
772.36328,0.0,0.0
772.41046,0.0,0.0
772.45764,0.0,0.0
772.50482,0.0,0.0
772.552,417196997634.4182,29083005042.058376
772.59918,287174714078.6152,27074777775.72229
772.64636,27881678620.313374,2974550696.966025
772.69354,0.0,0.0
772.74078,196430572097.3547,10675367183.10946
772.78796,1900537887127.356,176858380791.14426
772.83514,1963756245840.236,187271344378.759
772.88239,2049064135776.9216,95797007194.10455
772.92957,1245158853902.9072,62553591310.25975
772.97675,628376635728.0261,76303045918.94633
773.02399,1898874499313.7224,253330845235.10043
773.07117,4725365993971.862,692138241020.5734
773.11841,4422803497715.246,528134619875.75024
773.16565,1576150035728.8247,247037268650.47617
773.21283,884242570454.1447,145558222244.5099
773.26007,446475076030.2036,43581562767.869415
773.30731,182202655679.47437,21405039021.275894
773.35449,433413955450.2908,48156677398.08423
773.40173,1129799802517.945,122119194245.05733
773.44897,1587278382094.2666,156659951632.64398
773.49622,785961471117.943,81654066537.39507
773.54346,230585924348.52664,16870099148.911991
773.5907,129051055859.87376,8856580588.317709
773.63794,259406598600.2078,24013019222.900627
773.68518,80472744181.40599,5052099594.685863
773.73242,0.0,0.0
773.77966,0.0,0.0
773.8269,32041364332.01116,2066152380.027816
773.87421,0.0,0.0
773.92145,0.0,0.0
773.96869,0.0,0.0
774.01599,7746448804.606817,626055074.5690182
774.06323,109803118644.66869,21729179072.374077
774.11047,203632974126.83545,39352767748.48161
774.15778,41582915657.88212,5949130148.511907
774.20502,0.0,0.0
774.25232,3449719368.6342144,918955422.0439758
774.29962,77627763691.16832,16536144693.704458
774.34686,1846763743.2742643,185605739.61864933
774.39417,10692887416.24996,1624794574.2994306
774.44147,157547394640.28488,30557864561.43286
774.48871,176828137011.23676,21267324227.427475
774.53601,351419016503.08453,23765174004.336075
774.58331,282624291458.4517,19193006657.337337
774.63062,113479231762.8408,8932945644.829302
774.67792,37515192666.3616,4817485567.209987
774.72522,219879503286.50964,51228312714.44529
774.77252,591183701811.1206,162711149246.00302
774.81982,447765040340.9348,85067218181.27252
774.86713,212130322898.0524,27492847471.627323
774.91443,531263614284.5344,54364924061.6832
774.96179,1241861045986.9644,58115502210.594734
775.00909,1335776131944.5852,60057782515.45135
775.0564,600387930515.8293,42525633230.09142
775.1037,16939185985.58493,1300640845.4946797
775.15106,0.0,0.0
775.19836,0.0,0.0
775.24573,0.0,0.0
775.29303,0.0,0.0
775.34039,12324358468.5015,1437808281.7618728
775.3877,552049601814.0308,56325574103.52335
775.43506,678029500690.5845,64025076033.59446
775.48242,1505691867847.588,188900093410.76797
775.52972,1813898414073.5803,217596992315.374
775.57709,801726405392.9685,122054525896.40292
775.62445,0.0,0.0
775.67181,0.0,0.0
775.71918,62326365712.17323,13934106126.691517
775.76648,265435996852.54617,48465473479.1933
775.81384,549609741431.0524,67817672050.00615
775.86121,676486369277.058,79989493523.10005
775.90857,297258564535.90643,29758275470.5202
775.95599,66397677566.70398,5588460657.000477
776.00336,33636168988.42677,4850230138.177198
776.05072,4462257025.003729,694872410.9636914
776.09808,0.0,0.0
776.14545,31921226352.036263,2339375518.644565
776.19287,47909679966.90563,2773766968.2592306
776.24023,0.0,0.0
776.2876,0.0,0.0
776.33502,42097683933.52993,8395780552.082478
776.38239,54591880527.046684,7334096024.213524
776.42981,64358724838.27308,2927286503.009677
776.47717,45369011380.85226,4330253691.534154
776.5246,0.0,0.0
776.57196,0.0,0.0
776.61938,126017593542.99033,8305727474.907652
776.66681,473958483296.372,47245491057.79804
776.71423,240071241754.31204,20782032840.865093
776.7616,205380216890.7664,11780833004.538853
776.80902,211798170608.9201,23186549159.74599
776.85645,172837734568.2847,8683722767.207642
776.90387,665343532391.1675,75425229153.46712
776.95129,1216759678446.4414,123449701056.64268
776.99872,755591713342.4552,96356376407.8063
777.04614,0.0,0.0
777.09357,0.0,0.0
777.14099,0.0,0.0
777.18848,0.0,0.0
777.2359,0.0,0.0
777.28333,35024837471.758446,4865090965.052858
777.33075,196814085993.06943,9015300000.10736
777.37823,226438553937.9188,17681806889.42599
777.42566,298031473843.88354,29122671261.318203
777.47314,203972017637.24365,24331363224.52095
777.52057,307199756371.50525,38903303683.08437
777.56805,1448332615780.6294,108238226394.10645
777.61548,2327002218665.2373,31485917112.176758
777.66296,2164832329972.8516,107267977621.39084
777.71039,2358404515685.7485,107138649962.13484
777.75787,1343200555951.7473,139308718520.5781
777.80536,336381303870.9255,21827898940.158085
777.85284,210652374508.96323,30288689581.20485
777.90027,176026113809.97748,12063477440.916752
777.94775,933998344644.9304,108938048920.69148
777.99524,1957010681656.068,348687414998.9467
778.04272,1354745243298.603,202176254188.16177
778.09021,200682889495.7661,23686673079.361523
778.1377,71090134256.95198,5319857372.982187
778.18518,116827947747.18134,16872624991.105324
778.23267,80098236780.1093,13700679306.897629
778.28015,73430274771.32973,4410406265.199952
778.3277,0.0,0.0
778.37518,0.0,0.0
778.42267,0.0,0.0
778.47015,157330044761.22177,5958816586.946775
778.5177,833523362664.718,34868647334.37774
778.56519,329390703954.6891,10209645310.209742
778.61273,0.0,0.0
778.66022,0.0,0.0
778.70776,434763268520.6515,31970835045.588776
778.75525,1654726817208.2815,200457464777.53543
778.8028,1504439076005.3132,240257690942.8641
778.85034,755318211208.2375,120370314214.88162
778.89783,1311377227661.51,191070042000.78415
778.94537,1464387264067.025,118979272698.10466
778.99292,990870871934.0664,99799564151.52055
779.04047,801317334969.8594,85328954840.29999
779.08801,1353518561368.29,119218046764.38512
779.1355,1319912277834.0232,111900262448.3575
779.18304,284609942277.9439,45044550364.43881
779.23059,356299997009.2899,36770121330.93306
779.27814,2522724678873.367,151376668735.67456
779.32574,2483658019384.9497,138184376970.30447
779.37329,723414920616.2092,58878656643.91953
779.42084,227541435574.2458,19498274711.39033
779.46838,168822924300.53406,10344569106.769447
779.51593,118587576382.30608,11416946109.8349
779.56354,75632010099.69366,4776864065.510225
779.61108,104017468969.7094,11626400410.617195
779.65863,137805298094.00385,18279767004.853004
779.70624,0.0,0.0
779.75378,0.0,0.0
779.80139,0.0,0.0
779.84894,0.0,0.0
779.89655,41225474288.62315,2462848817.5949097
779.94409,107985634926.98083,2937249501.277857
779.9917,116134109860.7092,7388210114.825171
780.03931,160436656233.92267,9649136480.58035
780.08691,153579910704.27335,12807463644.790075
780.13446,0.0,0.0
780.18207,0.0,0.0
780.22968,0.0,0.0
780.27728,175887743512.5978,15044173771.567596
780.32489,0.0,0.0
780.3725,0.0,0.0
780.4201,0.0,0.0
780.46771,0.0,0.0
780.51532,0.0,0.0
780.56299,86691334001.3517,13556839969.587198
780.6106,114940446398.76768,17290249850.147217
780.6582,115002535188.97916,7325555478.083393
780.70581,131562045756.1783,3829678872.721901
780.75348,112489649799.01505,5589810023.0572605
780.80109,268737357737.55835,25583116050.974304
780.84875,320050619770.3076,32165657586.730675
780.89636,324975923526.43805,22670068947.758465
780.94403,224868688428.16376,19569346745.66764
780.99164,452244246575.5968,72428446197.57858
781.03931,1013481632406.287,170903798850.9708
781.08691,516735075175.79,74459161950.90456
781.13458,272643009153.821,38411288471.48572
781.18225,247257910450.98663,26470181921.588665
781.22992,218310249441.51056,14390635998.00978
781.27753,327196193163.0125,20717382112.57723
781.3252,690899590221.9563,28217283116.35709
781.37286,2464276608397.5786,148442650879.70874
781.42053,900121504307.447,97257639858.31567
781.4682,253872889737.9296,18157705339.624096
781.51587,331723453415.34424,24568490212.68668
781.56354,737878935734.5222,57010437800.00131
781.61121,2740205524572.754,214042603631.50995
781.65887,3289378969431.093,319086877091.4654
781.7066,1151889233993.9597,116569029770.28716
781.75427,636591396733.8452,91280812176.87569
781.80194,1688495898486.0513,245381609831.54407
781.84967,1313154108611.6316,179230902964.7966
781.89734,818770659912.8486,137634352542.65445
781.94501,1026731842758.9346,211742902851.00745
781.99274,2658787879317.6675,538087649133.157
782.04041,1731760499729.2932,217931529552.53
782.08813,634574033941.7931,35465595212.67466
782.1358,1281284438392.6426,99192879586.02798
782.18353,1806749775253.8088,165436507879.804
782.23126,1093789145652.1698,81035497482.42293
782.27893,0.0,0.0
782.32666,0.0,0.0
782.37439,0.0,0.0
782.42212,154399665965.70508,5936334407.608783
782.46985,391911978870.2996,24625078024.18939
782.51758,897499253233.9878,105002902755.35275
782.56531,443781614219.1328,71140233123.8686
782.61304,0.0,0.0
782.66077,0.0,0.0
782.7085,140188010209.09927,6183311190.214589
782.75623,353642783703.28534,43086974369.33822
782.80396,409136691345.6051,53945062601.598206
782.85168,921730733193.3196,88303470888.11389
782.89941,1336922552990.797,89328289808.8513
782.9472,1691921811171.2234,97912507931.6836
782.99493,2964855396922.69,168448622559.8268
783.04266,2829484787093.7344,187559454093.4959
783.09045,806711137471.3248,69112657935.45311
783.13818,190966787442.8813,25848386160.564484
783.18597,26819188660.18269,5405355031.842174
783.2337,164878684378.5398,31294420956.940407
783.28149,341670611583.5775,58684855926.198906
783.32928,227055370986.03677,38712796386.34618
783.37701,193507961868.7421,30078825500.092545
783.4248,364365476050.5911,58741536222.03778
783.4726,305276863316.5148,40203823764.00158
783.52039,191064409753.3921,15109688021.4626
783.56818,196482626418.6652,11396296373.654531
783.61591,305395646093.37555,14685367263.8754
783.6637,813110166701.5918,45528968045.95064
783.71149,3153533322698.4766,255384163104.8284
783.75928,5609923062909.912,256976383743.07837
783.80707,4098246951540.108,418485005764.59247
783.85492,1461523312142.4602,182564015444.36887
783.90271,580395249120.1519,127752692933.14784
783.9505,416742585261.62,95084777769.2867
783.99829,592004880770.2794,99704037906.7738
784.04608,1970646680696.9355,125849625870.79971
784.09393,2755813387179.743,182956756757.67767
784.14172,860812247110.6318,74680872436.08638
784.18951,0.0,0.0
784.23737,0.0,0.0
784.28516,0.0,0.0
784.33301,449384585152.99774,46946264737.222885
784.38086,492003103395.1276,52423622716.264656
784.42865,172972506377.82025,23363510120.03272
784.4765,135933704015.75526,16045833430.291285
784.52429,173287723462.9785,16709959043.737885
784.57214,153692776210.4565,10210327933.048124
784.62,186603373404.71463,7853848261.638471
784.66785,150140157294.3139,12843819601.797735
784.7157,252683001084.71744,23328004770.12533
784.76355,494314914287.3728,23670816559.44418
784.8114,0.0,0.0
784.85925,0.0,0.0
784.9071,893362863394.7231,39022972837.2552
784.95496,774040399992.0405,63219049802.48198
785.00281,131109483963.89304,10445866167.346275
785.05066,433422300325.0481,82054671356.80144
785.09851,564752138091.1945,90163660238.85793
785.14636,2031850499456.1511,243530050782.46652
785.19427,1104883330394.3447,110949372712.51804
785.24213,1165436078064.8435,148710406724.21237
785.28998,1726897203404.8289,452466862646.248
785.33789,870017120242.6344,214516715574.26883
785.38574,481620275656.2756,81157455142.93097
785.43365,1385999702018.328,118544944377.36942
785.48151,2385125030284.014,148014700856.00146
785.52942,686781547766.2493,44415013681.70243
785.57733,426443730905.54346,44023312191.53984
785.62518,857034261323.6565,154221286528.97458
785.6731,1122197627623.0525,121639485650.18845
785.72101,524500377159.8436,29839927775.73484
785.76892,728534626867.5073,148291319577.40417
785.81677,2027976781298.088,266947885130.8803
785.86469,2499395046612.383,355790208617.7074
785.9126,1830102228049.707,250299422417.5048
785.96051,2759496861874.9478,238966874257.13336
786.00842,3709405370341.0776,532080693018.4138
786.05634,4269506575679.2974,372431448590.9831
786.10425,4286681046361.373,479539614586.0852
786.15222,5167325328850.959,629317031575.0363
786.20013,3977377555590.12,181796669143.06277
786.24805,1532750922594.4326,33948826164.068672
786.29596,2613615888841.4854,200019400330.4364
786.34393,3120180014738.996,246437516047.2769
786.39185,1745406644665.4578,131717689191.81352
786.43976,1858766228381.609,199843175114.4569
786.48773,2514316683527.3853,328837440427.0776
786.53564,2113300846407.516,129997411902.52078
786.58362,3630534682128.317,141799422661.35803
786.63153,5105357712569.226,504446646355.0104
786.6795,2464143567913.1685,379157850099.9238
786.72748,597514285992.8052,82680605341.52039
786.77539,380447206401.7984,33948600201.07133
786.82336,241750835419.11176,15536305532.809216
786.87134,36369880560.664,1104314146.6302674
786.91931,135574277968.67932,5423470085.745808
786.96729,202060597905.13144,16778176266.778122
787.0152,131206937435.47797,8402023834.621608
787.06317,271920997081.79227,8499707993.18617
787.11115,203861814921.57516,14274038549.559795
787.15912,732934482682.8687,64771754129.60352
787.20715,2552208161429.596,134355005203.40848
787.25513,3242176411277.373,280721679018.9083
787.3031,4316240721262.348,775854307022.9608
787.35107,3226741849755.3496,479889411207.8296
787.39905,871969063815.5652,43593762546.58269
787.44708,314667896561.2848,7022675850.138352
787.49506,372307430189.0739,22703168579.395653
787.54303,866436239887.0123,120610729885.862
787.59106,1283008595519.35,163015857145.20023
787.63904,681795106331.8308,86433050191.79297
787.68707,272988297774.32852,46416198715.35056
787.73505,47434608626.57503,6897988514.92694
787.78308,0.0,0.0
787.83105,0.0,0.0
787.87909,0.0,0.0
787.92712,0.0,0.0
787.97516,199259153533.53143,27920555016.5888
788.02313,141723801392.71942,13670599076.417427
788.07117,124738643972.77776,5158540632.198618
788.1192,92961144421.704,3562905789.2094555
788.16724,198453938588.82013,10906229162.4381
788.21527,575235352057.0304,22370670599.246475
788.26331,1628594352160.964,79545449310.55907
788.31134,1683202734485.929,208671009912.38492
788.35938,1900331617060.4265,398614752162.73376
788.40741,5683772840724.788,1130647348513.679
788.45551,10564872167848.082,1304364467581.481
788.50354,12081411392508.629,981387677366.3806
788.55157,7518034545203.085,606767558600.9114
788.59961,2500357789392.124,187964564474.33737
788.64771,495502887572.40656,32741066455.7089
788.69574,58984256858.4652,4170716584.84076
788.74384,2233555835111.06,99411629821.34268
788.79187,2203874425388.562,143241923103.27032
788.83997,478343624137.6673,81971166847.61824
788.888,417265704415.732,96860298248.01505
788.9361,116273675075.65813,18612067164.16091
788.98413,0.0,0.0
789.03223,0.0,0.0
789.08032,689426615319.822,20043990173.66597
789.12842,1716331567795.7869,96181451991.08846
789.17645,2170832888343.321,282437616775.5139
789.22455,1977860660873.8247,286740121483.2874
789.27264,260613539869.198,38257583848.03515
789.32074,43430922074.13011,5085685764.148792
789.36884,343948540149.65,44543619494.05572
789.41693,648085918864.8739,65421609879.34537
789.46503,233205324636.80664,29571983771.547733
789.51312,0.0,0.0
789.56128,80177828220.93237,3428958412.531486
789.60938,323821297507.0973,24096991831.30925
789.65747,164238802274.98428,9309070610.394745
789.70557,199816311719.88025,10700154807.272903
789.75372,435319010043.034,42133710173.83916
789.80182,291151758173.0785,40807130477.70771
789.84991,255883534858.96652,44078970943.29202
789.89807,110495383365.16808,19848478054.132545
789.94617,94773385274.07317,8825125021.008146
789.99432,71040228685.10495,5815008175.315415
790.04248,329068509358.8991,30789527093.83269
790.09058,117605861729.50816,6637737776.133122
790.13873,97054254607.695,1873963963.5116584
790.18689,0.0,0.0
790.23499,68586923691.37383,8538279611.516513
790.28314,0.0,0.0
790.3313,315841740314.8856,35103446376.62622
790.37946,1306779174766.0232,165798560528.8496
790.42761,3421683562649.2847,301253636394.0264
790.47577,5550252480760.232,226629949124.23355
790.52393,5872940420454.116,191682989569.0571
790.57208,7034533061531.755,618120997404.7885
790.62024,7256127085394.801,1105473243657.0457
790.6684,1981586367678.048,554113349039.6455
790.71655,741717794497.3685,182626419714.6233
790.76477,1845750821835.116,414555599674.02966
790.81293,5016937855941.342,1869545615097.6091
790.86108,5813908352753.967,1893601771467.3635
790.90924,1298794208407.7927,318071738334.73846
790.95746,267471534071.0535,111003521588.434
791.00562,41908383818.84349,16985132982.970806
791.05383,0.0,0.0
791.10199,289508380389.68896,117634750405.65688
791.15021,0.0,0.0
791.19836,16947985142.205986,807279135.9557358
791.24658,0.0,0.0
791.2948,0.0,0.0
791.34302,40766891684.29054,9300679285.30549
791.39117,27596759028.22629,8085729283.686166
791.43939,15452596761.505856,5092850724.015258
791.48761,110779775533.76135,57435877286.913086
791.53583,503821691708.7709,242908043224.28412
791.58405,2651477642549.6064,1130093111618.0576
791.63226,4884810678275.559,1344574426338.5076
791.68048,3498799459378.549,912735917326.1882
791.7287,737564257041.8027,210772829273.23413
791.77692,327552072368.8024,40172895902.40945
791.82513,0.0,0.0
791.87341,308965153098.0331,67112140764.05992
791.92163,0.0,0.0
791.96985,443780752830.8977,93135586682.88994
792.01807,321012668308.6046,131045963011.05247
792.06635,524724802082.6409,199971902271.05917
792.11456,111722083283.53912,32848206150.67185
792.16284,0.0,0.0
792.21106,0.0,0.0
792.25934,0.0,0.0
792.30756,0.0,0.0
792.35583,537966922329.1735,82924947537.20772
792.40411,150269715887.00027,52941182857.06394
792.45233,399919518968.7112,145973302145.702
792.50061,414455201762.6341,100343019698.7951
792.54889,547107286747.87823,114718443741.03166
792.59717,449177471184.10425,85331557280.45018
792.64545,295297318912.2422,73402771931.47577
792.69373,399948834114.6617,98084863418.8116
792.742,508082356431.3596,76500206546.20108
792.79028,1890604345405.9348,229539960841.8953
792.83856,3865130605767.74,484356250344.6122
792.88684,2188292268938.1543,537218456814.0028
792.93512,947574588915.1012,293991281117.64746
792.9834,462944693205.2899,115069629670.5111
793.03168,256553321932.27945,31443651682.09256
793.08002,287077879646.7835,67137873466.31789
793.1283,681016113611.9703,154811843320.05545
793.17657,1421826322094.6729,324736832022.59344
793.22491,458329858094.53394,86986768510.88652
793.27319,503621508071.3017,84984780864.53049
793.32153,290497706753.0594,61790685100.29355
793.36981,0.0,0.0
793.41815,0.0,0.0
793.46643,181843074578.1012,52454149017.40961
793.51477,310418373229.8413,48203718082.6158
793.56311,993279191643.629,115107206238.36343
793.61145,1310118824758.2305,230514906190.81525
793.65973,905025305947.1562,110779968732.77403
793.70807,493450375507.58734,74793602784.48805
793.75641,502116533074.7192,84149397256.90105
793.80475,1317165012210.7725,272204760907.13745
793.85309,3868431770371.89,1183139995019.526
793.90143,4813942627134.12,1148706996125.578
793.94977,3181975364328.1743,600088459213.0382
793.99811,4706367472644.936,1424648916279.9272
794.04645,6864381876497.5625,2032994566255.3325
794.09479,4139959171558.743,1010265448189.6384
794.14319,2011714955519.786,635770445918.5771
794.19153,1493575067391.159,448763744422.4289
794.23987,1050038682225.7316,229797929760.69104
794.28827,2405706539274.1934,451867805004.6936
794.33661,6196705674432.026,1165227727963.286
794.38495,6376435978020.208,806375944693.6118
794.43335,2149499196674.2595,222666322731.73044
794.48169,1586548555471.5403,295840654312.1341
794.53009,1519230406139.74,412693244147.2638
794.57843,1141153006207.5637,326220954555.6196
794.62683,1078202975816.1226,215454860201.55484
794.67523,1466636895789.298,171512553404.96948
794.72363,2098434452363.4644,264399753368.6032
794.77197,2601875545151.1333,302177246074.4483
794.82037,1058151724809.7748,56536467821.64014
794.86877,523910808891.9211,35520287050.897385
794.91718,228878763372.08423,38329488083.27067
794.96558,161362261045.75034,38388883970.109566
795.01398,292396577799.6705,63686808559.43923
795.06238,62023109442.28976,10457849332.520782
795.11078,263287228456.25854,34438647067.21687
795.15918,465362741971.50336,74723575160.95328
795.20758,307102707839.5649,48072970718.060005
795.25598,225069982946.0224,14228965087.47248
795.30444,369563798274.0922,42092780722.65749
795.35284,822552964428.1987,229217376119.35703
795.40125,1520676051265.5789,487048853265.9271
795.44971,2285640278458.703,425114084528.0513
795.49811,2466791323291.9614,420038484144.6663
795.54651,2669201803856.2456,408803510761.48975
795.59497,1595839438391.1255,173441787960.27866
795.64343,446608359491.77167,83717565076.17188
795.69183,0.0,0.0
795.7403,97802449300.75291,7382626905.748769
795.7887,152033168261.413,14582372441.653929
795.83716,205402520684.7447,19885205121.8942
795.88562,202658682466.41528,26654868345.974644
795.93408,0.0,0.0
795.98254,16217530489.131613,1511473972.4510057
796.03094,135708529898.42996,11770949950.008324
796.07941,192286271536.17517,27467293266.114807
796.12787,71760336447.99377,16201117016.50666
796.17633,2640076862.02819,622104270.9530385
796.22479,62470806924.56616,14127082485.414335
796.27325,113922947957.47804,17999749192.585373
796.32178,7229803345.834398,451784059.42628646
796.37024,2589549013.6022696,117370782.50856864
796.4187,49493904068.6238,6002755278.607648
796.46716,0.0,0.0
796.51569,0.0,0.0
796.56415,0.0,0.0
796.61261,0.0,0.0
796.66113,45333723372.663,10514995658.896046
796.70959,39038857638.60114,8983445299.770733
796.75812,126738277456.73604,34866161665.249275
796.80658,317291328614.8858,53401584652.805885
796.8551,214320338090.8621,23891207610.016933
796.90363,78231505805.16217,14991069093.292274
796.95209,169864831120.25024,33866663195.134785
797.00061,183873557775.4685,32078046899.3999
797.04913,71833092164.81535,9855193497.711206
797.09766,57087426359.91809,6269841945.327584
797.14618,153309634107.7638,42005131999.89339
797.19464,88047286089.92497,34612767240.753494
797.24316,141603298364.94275,38129674648.610985
797.29169,529977276184.2287,95365843065.74911
797.34021,1018415048481.1952,277233519706.6298
797.38879,2564723495687.1187,481086055994.3872
797.43732,1334350708813.0715,25078925558.00727
797.48584,605034546356.5134,63832337922.37913
797.53436,1444149246446.1912,19899984900.863403
797.58289,1717864706191.39,76017809419.80202
797.63147,1206618004955.2234,212631982710.07144
797.67999,2673770920567.7246,418672604703.6039
797.72852,8377033298770.732,1606156129334.7354
797.7771,10188001226137.297,1580734263273.9805
797.82562,4114489312934.432,227890115923.2261
797.87421,3182469597748.071,51437815692.13384
797.92273,4575943378002.934,369916078139.9796
797.97131,3419604503371.6504,109465358468.06471
798.0199,2619653439172.8174,42083816274.147446
798.06842,2035949560841.956,71052556166.54495
798.117,91126158038.60867,7116716092.119354
798.16559,0.0,0.0
798.21411,0.0,0.0
798.2627,145440964789.84735,19328507092.221333
798.31128,36490765769.71805,10559795261.500326
798.35986,0.0,0.0
798.40845,521187429742.53625,117784683842.78027
798.45703,2467960517424.169,371632593400.0552
798.50562,3109224532206.096,261300783640.53363
798.5542,2689762675727.6934,120444792418.6844
798.60284,1365645623886.3726,85617212888.37921
798.65143,611540273771.0504,114388460901.97768
798.70001,191407705869.943,28246959954.00096
798.7486,179312635306.5167,11244487904.50804
798.79724,0.0,0.0
798.84583,0.0,0.0
798.89441,151947778785.71722,15290796430.4059
798.94305,89818170214.70953,10616400571.38742
798.99164,155827225730.5872,17127754310.342516
799.04028,186933542661.90976,18635044345.34977
799.08887,217057731377.6765,16188480213.271446
799.13751,313027150804.1588,26873857041.03165
799.18616,553144125711.2039,37358043205.70808
799.23474,1322023791548.706,69737877796.40814
799.28339,1605491493444.9712,146476448048.28848
799.33203,902787107334.6476,167818821668.31314
799.38068,227887847411.6682,30011137465.96168
799.42932,63488553092.833046,7151905363.755893
799.47797,130115790501.44267,19116553681.31617
799.52661,261588827561.3108,25244191293.02488
799.57526,317234253273.41174,28688101303.31159
799.6239,588854304056.6606,61120181370.55818
799.67255,535548079411.2878,34103647890.19082
799.72119,2843481759229.3584,379658838103.0432
799.76984,3882937045979.1865,601885710117.5544
799.81848,3063711563434.974,426240733277.64215
799.86719,2539620512978.5586,452472017697.21576
799.91583,3842942175558.327,911535402859.084
799.96448,4922892733385.086,1325215842190.0696
800.01318,3964304220986.861,1032908476255.4937
800.06183,1775884162062.9048,361630617998.4628
800.11053,479889379076.0638,81628849848.2909
800.15918,342525584298.2572,49569926012.947975
800.20789,330542865935.67725,30406023018.112247
800.25653,217202783639.4345,17551296822.452934
800.30524,207904112279.80304,19109075067.5046
800.35394,390108025963.5002,30681222917.039604
800.40259,1088049778447.6976,126319567720.46696
800.45129,3322526551424.214,489439566670.5059
800.5,4356273786918.452,551445083516.4502
800.54871,1124188002242.4253,151703022625.31485
800.59741,290095980111.8429,38158448872.67041
800.64612,232552616025.4048,19073756324.38114
800.69482,81275341385.96858,5688782205.377056
800.74353,63243243823.03454,5454699065.480563
800.79224,99807335429.05087,7221699146.608199
800.84094,241313796714.64044,19817287871.70324
800.88965,0.0,0.0
800.93835,0.0,0.0
800.98712,0.0,0.0
801.03583,302972077730.87463,49163667612.35116
801.08453,582520140560.6422,87703232241.50378
801.1333,2014735926301.5376,193798512961.28308
801.18201,3823850872753.318,478372495262.3042
801.23071,1421995885015.4917,292642746318.35284
801.27948,250837454935.80923,49898524232.90144
801.32825,263147262883.85043,43438039706.84897
801.37695,1317898351355.7456,352247892487.2523
801.42572,169641735222.3084,52549482960.00297
801.47443,0.0,0.0
801.52319,208463985659.5824,19114514915.92162
801.57196,0.0,0.0
801.62073,114666900802.2157,14858102590.656548
801.66949,190081790358.6764,20541442930.699745
801.71826,151222778961.5762,8151437965.430847
801.76697,0.0,0.0
801.81573,78642278383.70099,4135627678.499612
801.86456,252803663296.83875,21582775185.268555
801.91333,1198657729866.1514,76926647833.79105
801.9621,4105821654295.4033,463047916970.7904
802.01086,2795322363727.067,435771119875.33466
802.05963,822198615135.6885,106442339535.94804
802.1084,449234067613.7121,56281196204.521416
802.15723,1486305024916.8584,168706761912.2306
802.20599,1438444280383.672,273128350739.94748
802.25476,562040936786.508,85097298483.06302
802.30359,107899407243.01813,10657581821.636095
802.35236,0.0,0.0
802.40118,0.0,0.0
802.44995,145945415469.14783,32662150015.78822
802.49878,92651973353.77112,18402478749.69647
802.54755,0.0,0.0
802.59637,195005407974.5272,27674384585.5133
802.6452,652743009145.2893,63119904463.66545
802.69403,727607662039.5424,61611780318.04369
802.7428,266737820991.60947,13335757702.58644
802.79163,82653524301.5554,6215538511.906231
802.84045,396194794354.2821,37309667837.98466
802.88928,865883851187.8303,98162240239.5132
802.93811,1035639004901.0144,124792819784.70663
802.98694,1313609882063.0017,137098591352.60487
803.03577,3228414970936.1567,263780174580.31412
803.08459,4177912792990.8936,264593215252.3661
803.13342,1585317974442.4202,104656459493.33005
803.18231,389331897831.9564,76387329213.42561
803.23114,13954442054.145498,1171138677.8737252
803.27997,79481676134.77971,7370133833.41801
803.3288,45345977215.01214,3476436186.7627106
803.37769,76963414877.07835,5787797886.15886
803.42651,178870575161.03558,15254431117.859837
803.4754,169943232666.13452,24010046665.62426
803.52423,13548530093.080122,1515786510.4723644
803.57312,303309146393.4275,46473009522.126526
803.62195,712053911785.8684,127562372446.57492
803.67084,1050421177799.9524,63432128163.40225
803.71967,0.0,0.0
803.76855,0.0,0.0
803.81744,0.0,0.0
803.86633,295072985810.5504,56924346103.96961
803.91516,215286690249.4422,25584460803.015945
803.96405,441214421926.61707,53365064624.9917
804.01294,847506790193.6451,56913306295.07867
804.06183,614534856524.0334,81791835179.59834
804.11072,610319195768.5194,97829438495.6989
804.15961,1715976895715.975,230791688921.2122
804.2085,1295895250499.984,191029957512.55872
804.25745,421873626124.0625,23876846428.16773
804.30634,686912711428.3376,40984140944.50009
804.35522,259906271530.33975,17268769890.982853
804.40411,667438642104.1161,26852286980.913937
804.453,439045751049.7427,32400484074.946835
804.50195,308715814639.8748,35175367858.07746
804.55084,254375487652.1026,40465283144.789375
804.59979,173424815551.95648,25771349391.994926
804.64868,255178311154.3687,40882452585.96779
804.69763,147700004224.65906,29462596010.879227
804.74652,56810114661.66459,13651291191.13002
804.79547,0.0,0.0
804.84436,0.0,0.0
804.89331,0.0,0.0
804.94226,69314284301.54163,8376288199.587823
804.99121,991458223244.7916,108826567855.51695
805.04016,260610145626.53207,45855861595.65727
805.08905,0.0,0.0
805.138,703370830045.1184,84717949756.12216
805.18695,755881767457.3716,68108085142.43308
805.2359,1128416700431.11,99256352574.78964
805.28485,722733864914.9211,146282069707.70514
805.3338,744062863522.2731,179539188289.7352
805.38275,1390602919728.959,214587440993.6524
805.43176,553258031161.2832,22627572915.339622
805.48071,357066616339.3252,29766305583.730865
805.52966,246248679763.2437,35984725516.218414
805.57861,0.0,0.0
805.62762,0.0,0.0
805.67657,0.0,0.0
805.72559,0.0,0.0
805.77454,0.0,0.0
805.82355,0.0,0.0
805.8725,0.0,0.0
805.92151,202292781850.02725,14563868914.829052
805.97046,191373179479.1908,9539243153.32317
806.01947,77066784147.31738,3161842372.8379955
806.06848,150438580656.19043,9305327425.102385
806.11749,881573018762.5908,77287140242.46877
806.16644,2070029676973.9763,155613908747.94318
806.21545,2217028909624.675,128183285594.0976
806.26447,3016640928845.3267,283161762973.6314
806.31348,4324140030704.493,626362626030.7146
806.36249,2721593037381.746,351340339713.283
806.4115,668674491399.2332,61526234260.8918
806.46051,383206554572.7093,22398816286.126263
806.50952,297505757673.2321,20321697611.361366
806.55853,372895487821.4113,29276653753.70755
806.6076,830973154208.5294,60899552881.62004
806.65662,821761862913.1394,42702064288.51839
806.70563,295584419765.8439,8250463170.630071
806.75464,265643848325.4906,11890074927.58344
806.80371,286590646693.7935,20108292261.770638
806.85272,581557564872.7689,47602989374.73599
806.90179,1650209244333.631,127342762178.87811
806.95081,1748241821522.6052,202346767813.7845
806.99988,569234936622.2612,102861724050.42064
807.04889,133112542408.80498,27518038854.234707
807.09796,0.0,0.0
807.14703,0.0,0.0
807.19604,0.0,0.0
807.24512,0.0,0.0
807.29419,119763593935.6104,8837359086.18461
807.34326,41643338398.18455,5598095638.340696
807.39233,93931180718.02228,20308597404.737934
807.44141,21530010160.1856,5043856680.567442
807.49048,0.0,0.0
807.53955,0.0,0.0
807.58862,201335118265.8277,35302420147.676735
807.6377,1224555519684.6377,149828853099.6735
807.68677,2681162277872.293,135472729690.0888
807.73584,1796608883792.1729,78176188562.48708
807.78491,577569799832.9147,38243334976.7762
807.83405,522986249815.105,57023637552.66454
807.88312,856955067969.9489,75400833936.98761
807.93219,1239669398833.941,106433068182.13734
807.98132,2213964095074.526,430144416351.4398
808.0304,2505175180788.7983,438153329579.2127
808.07953,3537670279173.9487,453337980418.88007
808.1286,2533534505128.19,408797400150.58594
808.17773,745093605068.9338,111506460327.67851
808.22681,703929731468.6906,105928288274.20345
808.27594,1423859336041.1714,282504974062.07404
808.32507,1447310532700.1538,257559241571.16055
808.37421,1119236826074.8345,181494714842.84875
808.42328,2216062634981.793,356711891167.9735
808.47241,2134158941376.1333,169933064881.2454
808.52155,2488859055695.9893,86259571350.82663
808.57068,1511057482650.8962,86653786089.80568
808.61981,301642802203.3122,9609502818.979109
808.66895,105653389671.4216,9445228767.44904
808.71808,57576343615.323,5381366718.517189
808.76721,181267042706.41013,16057083906.174278
808.81635,126239296074.98663,8784349974.944206
808.86548,0.0,0.0
808.91467,130086778719.56868,9282975124.856634
808.96381,23297286715.82148,2055236555.050933
809.01294,195837134028.26083,6203523564.9705925
809.06213,394821848287.3302,23353485387.856205
809.11127,681088818090.8347,36984667428.75451
809.1604,1869393918010.8533,238925242896.28595
809.20959,4531736377585.859,1083169061175.7162
809.25873,2452230164123.556,571770561238.9492
809.30792,438573604300.4034,23260063016.64909
809.35712,696469351274.8802,168326993188.4368
809.40625,1633605365258.6672,425913128510.6058
809.45544,2599457720051.5845,296349228247.6495
809.50464,1264582067902.839,128921834151.6463
809.55383,262480457090.53525,17200442833.20922
809.60297,363978229868.9137,39019177566.82192
809.65216,1172717462898.9822,114958737492.22572
809.70135,2848681604750.599,143175221305.93515
809.75055,2179031273179.6,579925546722.4102
809.79974,741095041066.7654,260293509466.06143
809.84894,393592745919.0992,124506556039.01912
809.89813,171522941197.02686,29255310662.9412
809.94733,465485674992.7325,75999424031.65877
809.99658,1178640605399.0427,202387248781.0565
810.04578,1196504233838.0415,106173000276.39291
810.09497,0.0,0.0
810.14417,262845151240.09192,17593901270.284992
810.19342,87519236337.24022,8629368554.114931
810.24261,0.0,0.0
810.29187,0.0,0.0
810.34106,0.0,0.0
810.39032,0.0,0.0
810.43951,0.0,0.0
810.48877,0.0,0.0
810.53796,604298718343.0093,74902539434.87526
810.58722,1465477891926.7903,107498145126.6004
810.63647,2860593452790.9707,510424604486.4907
810.68573,1519016784309.3906,301367136779.4868
810.73492,0.0,0.0
810.78418,0.0,0.0
810.83344,0.0,0.0
810.88269,0.0,0.0
810.93195,0.0,0.0
810.9812,49069593599.80973,7598949086.255865
811.03046,94612984562.14748,10103216777.546047
811.07971,35620374646.23089,4746780150.632107
811.12903,22786440084.42889,3582651130.9638195
811.17828,32780051405.940407,4999835781.051299
811.22754,36244411880.14361,3038803616.5922003
811.27679,2365158003.503708,132687324.4472656
811.32611,405923816044.39215,42604235403.95535
811.37537,507184253309.61865,78825924276.883
811.42468,281392786474.5445,31664783529.454597
811.47394,0.0,0.0
811.52325,0.0,0.0
811.57251,0.0,0.0
811.62183,0.0,0.0
811.67108,471576046577.92487,124921400684.3492
811.7204,257172421513.5635,41522260905.22948
811.76971,68508837140.715065,8556300967.172683
811.81903,118943909059.27435,17490049568.932434
811.86829,182113967583.4052,31287455252.948364
811.9176,309156900038.4641,50882748116.04392
811.96692,342693122037.33887,31862192919.90709
812.01624,0.0,0.0
812.06555,0.0,0.0
812.11487,0.0,0.0
812.16418,235819781334.2275,33526139255.810497
812.2135,391836643179.56384,74561032454.44664
812.26288,142301601993.3294,21476382496.885155
812.31219,100830626331.29382,14944992462.580362
812.36151,355096560553.43195,54822786577.70038
812.41083,645493602434.9646,84686796423.58936
812.46021,980011128804.2756,118487258840.45944
812.50952,1381129164795.1543,175045670133.7681
812.55884,1335728851202.8638,178037298502.97678
812.60822,394862807395.84906,42931675941.77382
812.65753,199938056188.39432,22042117795.01322
812.70691,134702942433.66014,18961620432.38222
812.75629,0.0,0.0
812.8056,0.0,0.0
812.85498,0.0,0.0
812.90436,0.0,0.0
812.95367,985241670252.5112,81212591491.5779
813.00305,2073122467170.9128,168347704123.2646
813.05243,474256570894.69006,48557544390.84733
813.10181,0.0,0.0
813.15118,0.0,0.0
813.20056,0.0,0.0
813.24994,0.0,0.0
813.29932,265072091401.58328,21453323617.64184
813.34869,251929149796.27463,24506259288.19491
813.39807,234605362484.0565,29866257400.07586
813.44745,79385853341.68784,11635897842.950027
813.49689,0.0,0.0
813.54626,0.0,0.0
813.59564,135175923208.29768,16909487504.643396
813.64508,495090545565.4721,50904738267.56942
813.69446,1125589514993.4077,160431052972.3306
813.7439,2591427345617.376,388404024374.2698
813.79327,3595786096533.8325,517181784113.6846
813.84271,4633884651864.382,726760278200.4531
813.89209,4383182814106.93,687766897147.1538
813.94153,1609394542666.8472,257324147434.84183
813.99097,596721146082.4711,91809817351.44916
814.04034,1472395134746.8198,205827684429.0882
814.08978,4447862824175.714,254493712507.249
814.13922,4789817892511.032,577140105734.0586
814.18866,3424618678019.3667,537955287636.2198
814.2381,2364662150948.5986,334823129236.13324
814.28754,859506632328.4243,135401738156.00568
814.33698,477592855068.8686,110173603567.15248
814.38641,331625413702.4048,39489814532.6867
814.43585,419130336908.8462,15345440461.581572
814.48529,145344667591.25626,8342941480.530913
814.53473,0.0,0.0
814.58417,0.0,0.0
814.63361,114307769664.1147,14735570859.523762
814.68311,566385769349.5638,43216676252.333
814.73254,650944024587.0131,73193422735.86542
814.78198,0.0,0.0
814.83148,0.0,0.0
814.88092,0.0,0.0
814.93042,11424906233.45992,874402166.3152772
814.97986,246995213958.022,11135313807.447838
815.02936,148208151459.42764,5685671110.540952
815.07886,715846154798.6449,82447644790.62642
815.1283,995227108199.406,129778615390.14989
815.1778,600609635972.4374,44492483136.20879
815.22729,173719150744.318,32133661064.989647
815.27679,80079621561.8271,14362499717.993168
815.32623,227488942079.0728,41387042979.38919
815.37573,0.0,0.0
815.42523,0.0,0.0
815.47473,0.0,0.0
815.52423,0.0,0.0
815.57373,94110120316.51486,4144870022.279615
815.62323,0.0,0.0
815.67279,0.0,0.0
815.72229,0.0,0.0
815.77179,102155658652.41618,11236615903.759945
815.82129,177346751304.39722,31470429553.917965
815.87085,90704527407.45268,6832557349.117373
815.92035,31810513786.275887,6281992948.540385
815.96985,332617428325.44794,69029155240.92525
816.01941,177174286284.3327,37741385014.08725
816.06891,236871126768.48373,49019568087.76203
816.11847,757602683280.5433,129809719848.08824
816.16797,527888482462.0426,49132600715.64858
816.21753,256243052663.36047,18441926859.544533
816.26709,539899516572.23694,24380471777.180218
816.31659,1177610512783.4011,81586678298.6312
816.36615,0.0,0.0
816.41571,0.0,0.0
816.46527,0.0,0.0
816.51483,626870010043.8881,59400817200.53468
816.56439,411933905723.8277,29866031460.785168
816.61395,513219700090.335,38094802837.69428
816.66351,599894613378.48,102900696065.93358
816.71307,393399835285.0596,99516383173.18124
816.76263,0.0,0.0
816.81219,0.0,0.0
816.86176,0.0,0.0
816.91132,118744216286.96704,11362364183.426369
816.96094,550222158371.8696,79893187176.82204
817.0105,768932089394.9374,134111747394.5898
817.06006,1112650260359.281,195186029007.59723
817.10968,2054195524410.4497,420025404980.5405
817.15924,3547190220489.57,759887702489.0631
817.20886,6749039026189.302,885642671152.2064
817.25842,6538442891531.975,1087697378220.4928
817.30804,4144020996469.4985,945938647816.9633
817.35767,3219055697031.4463,685026230436.4185
817.40723,1586092099112.2893,237348314721.41104
817.45685,694919751324.2395,95349693747.0789
817.50647,187244721791.0168,37401470238.78769
817.55609,276463887095.5068,58104426803.74649
817.60565,268179126985.6212,35759454155.24229
817.65527,445711629572.3453,52404139717.00358
817.7049,448974734376.7906,89302364320.19398
817.75452,1407158670956.7754,319363486422.30444
817.80414,4045990798399.396,717500219365.3792
817.85376,5813655476554.33,947504844870.4424
817.90338,4924170138345.767,850498261233.6371
817.95306,1443867587755.7395,222283804217.6488
818.00269,52542342336.44702,5840364831.25983
818.05231,261456932383.12213,26291704032.63528
818.10193,0.0,0.0
818.15161,0.0,0.0
818.20123,632344320796.1016,32727984080.3291
818.25085,801032782121.6283,57848493347.0425
818.30054,1706598125764.5137,197088463445.2296
818.35016,3827260676542.831,455078206626.0188
818.39984,2094660273310.6208,156078957341.08603
818.44946,699708571639.4417,37217412390.79623
818.49915,242953625820.09256,14862070769.866917
818.54883,0.0,0.0
818.59845,0.0,0.0
818.64813,0.0,0.0
818.69781,765812177341.8479,41314728361.637474
818.7475,1800337605689.784,136395297069.8095
818.79718,1315666890712.4731,58901534164.72053
818.84686,518655773492.1173,33544756736.001274
818.89655,1263692429348.7952,96657560794.81396
818.94623,2079921746990.2844,185063003699.0704
818.99591,0.0,0.0
819.04559,0.0,0.0
819.09528,200273323871.77493,24257554459.59824
819.14496,586559505765.5453,59507033676.12585
819.19464,0.0,0.0
819.24438,0.0,0.0
819.29407,0.0,0.0
819.34375,0.0,0.0
819.39349,394859271988.4439,31968078330.46104
819.44318,1258981575910.841,123631486260.21529
819.49292,2747193421025.1265,457982502828.9495
819.5426,2028125983455.9512,466856990300.7908
819.59235,907370369415.687,183986144521.3704
819.64203,1863392271443.5757,139884173025.47565
819.69177,2114845594789.3347,366636393076.2703
819.74152,579580967250.3721,106152146977.60963
819.79126,341514138530.4848,64531727742.2442
819.84094,833628628218.1185,115265468649.9232
819.89069,2842740069400.0625,148787042884.87003
819.94043,3711544099612.407,132901354339.04968
819.99017,1845654605824.493,118131957217.28218
820.03992,885637065373.4136,46911121510.39624
820.08966,947959797445.7554,48350033805.95062
820.1394,636491142151.9424,64068176580.748505
820.18915,390394170961.4608,36800183097.51364
820.23889,317762629427.8957,31363707784.885235
820.2887,168401016768.0248,23900066517.23675
820.33844,176558658153.14587,26296372153.912197
820.38818,316290852627.43835,40740663103.98232
820.43793,150100319083.74298,18361018533.864704
820.48773,0.0,0.0
820.53748,0.0,0.0
820.58728,0.0,0.0
820.63702,2243329836077.8657,297911791220.93787
820.68683,5108564381129.181,402054543854.87024
820.73657,3531930811039.476,624144308134.9426
820.78638,1501352912486.2756,192992211047.6993
820.83618,554618878978.9423,42856018310.391525
820.88593,581338726883.1885,43383771897.82098
820.93573,1816486211710.0496,287270843105.90643
820.98553,7264280927824.985,1379774016246.0835
821.03534,8562460904419.461,1542018479387.5547
821.08514,5542914469129.224,889468115800.1201
821.13495,11134963065398.44,1609966811162.9917
821.18469,8314411281441.306,1327752965757.2273
821.23456,1551237692195.1711,85752266310.82019
821.28436,0.0,0.0
821.33417,0.0,0.0
821.38397,0.0,0.0
821.43378,61265366737.49755,17253516082.919674
821.48358,526393620292.2072,143702408503.7007
821.53345,325455466438.86456,82511299031.20575
821.58325,0.0,0.0
821.63306,355955915342.262,30908642376.44342
821.68292,1455872216891.5427,82236742659.55554
821.73273,1373666936047.9077,132504553807.61072
821.78259,535363739681.4552,48813906841.89208
821.8324,291762248802.82056,59513392997.69687
821.88226,491627497416.0117,140004493045.49176
821.93207,1116440506492.381,294133430423.6194
821.98193,1810987733181.748,367975633317.5033
822.0318,2587561494891.361,169318240965.06982
822.08167,3293610081995.837,168314093832.23056
822.13147,3389030868239.5034,244460935047.4597
822.18134,3931156548717.984,1120351000149.3008
822.2312,2404834688297.1323,623708278644.0309
822.28107,1020333357100.867,129577037662.66605
822.33093,149905744506.49805,8793433173.575888
822.3808,413037804377.5558,35219926669.96265
822.43066,515205099873.53375,70756510894.33676
822.48053,496530596186.6168,59791385875.51916
822.5304,1216025446040.568,138607366468.17914
822.58026,750707491383.6069,55372126420.04652
822.63019,607703048115.1223,38393398579.89732
822.68005,0.0,0.0
822.72992,0.0,0.0
822.77985,0.0,0.0
822.82971,117148715572.71507,20440915887.993217
822.87964,727129083775.6927,53724940250.80148
822.9295,0.0,0.0
822.97943,721713955028.4092,247676034459.7053
823.0293,3812595673879.416,1188649211603.5764
823.07922,2958600833519.876,696533907231.8795
823.12915,1276739929773.3447,256127784026.8021
823.17902,559568630589.7312,151530026858.1039
823.22894,745809701260.9723,347979596062.15564
823.27887,482619268014.332,344677283753.726
823.3288,253399427565.0047,205379385495.4665
823.37872,503081899760.1948,346376808765.1888
823.42859,219856931447.55685,105569224531.55472
823.47852,186955617041.92856,64659667521.54427
823.52844,859990378956.1069,279058452508.1367
823.57843,644419157511.1235,187376576027.83463
823.62836,1415659041589.535,298818704575.5896
823.67828,1350430929590.4128,263365540565.65408
823.72821,1239635736467.7322,371339452122.2105
823.77814,1287866162101.0034,490245251040.7595
823.82812,0.0,0.0
823.87805,0.0,0.0
823.92798,0.0,0.0
823.97797,0.0,0.0
824.02789,25098296050.93057,9681767162.538616
824.07788,569783803191.3015,174218963229.8865
824.12781,1133965450355.008,318538554215.1999
824.1778,4207790786324.4,1513373777198.4973
824.22772,9033609298627.52,3578468710886.548
824.27771,6336992448766.006,1641789077098.4717
824.3277,1598750904084.224,200055400938.30145
824.37769,594822893773.1641,131416659357.45816
824.42761,466531320159.29846,125077991757.14578
824.4776,288670453956.6433,61219011825.358
824.52759,101264856408.44272,14560805702.486477
824.57758,694467834073.4077,167553621361.70218
824.62756,1033199424160.184,373797697449.479
824.67755,2939769164202.7188,847312093413.4944
824.72754,5370401492236.325,514039108307.8182
824.77753,4914390880486.205,181298103563.84387
824.82751,846690003474.6498,54033277640.72878
824.87756,1152035708400.1304,78184906717.1499
824.92755,468735043064.3145,22745988939.07445
824.97754,0.0,0.0
825.02753,456756352738.12775,61112371566.39383
825.07758,485911045131.86224,38164915248.78527
825.12756,396921043900.14594,20281263111.527187
825.17761,541508734170.3996,79464500156.77396
825.2276,501486613184.22864,113493242699.64134
825.27765,1411465174612.0044,391751985262.4567
825.32764,2783656992886.8643,323056057246.75616
825.37769,6005449251468.642,514232732876.16943
825.42773,6316322911050.785,2202034145509.681
825.47772,4481495248595.803,1376577276941.5933
825.52777,3447345421848.477,960040085006.7526
825.57782,1711375228173.99,301574328264.1012
825.62787,1943378429974.3,71228919116.46512
825.67792,2657878267705.252,223131842622.28564
825.72797,3602704670569.8306,326749495675.5995
825.77802,7280563081590.437,1274921437625.3882
825.82806,7558532450557.078,1163751323989.0554
825.87811,1633069494771.176,152537809262.2489
825.92816,1499424460947.4807,67960605357.8961
825.97821,4630105151307.645,403975518007.33936
826.02826,9360602712713.805,1087714045289.2812
826.07831,4643985570907.296,397038641564.2437
826.12842,1865038565262.609,167279091387.08408
826.17847,1471611786631.421,59856305618.2888
826.22852,1609579390910.058,261262338021.19516
826.27863,121037135600.25728,33464529673.39016
826.32867,0.0,0.0
826.37878,1575420251527.8066,74365330125.6743
826.42883,1763994374004.5078,495239428945.5938
826.47894,0.0,0.0
826.52905,0.0,0.0
826.5791,0.0,0.0
826.62921,356556157106.08466,54687729331.82247
826.67932,944461885557.7432,114529266244.26028
826.72943,3135205877404.19,465408038990.7736
826.77948,6719365538166.579,1335940573707.7793
826.82959,10509261043016.91,2612530491581.4785
826.8797,9669066536535.08,2156456950020.6072
826.92981,3070023102147.3384,718791260444.0021
826.97992,8256016631831.416,1881266178313.7368
827.03003,20729931408920.703,7839215556545.983
827.0802,20193720199401.457,8134939257816.685
827.13031,12495120555620.889,3542946935424.032
827.18042,4041446830258.069,876733652649.428
827.23053,1263879419798.4302,337562841393.45215
827.28064,506925765895.9429,103187424691.01132
827.33081,1008937734852.5032,183554148634.07507
827.38092,212345016921.0466,52550398812.67893
827.43109,818064695962.8883,129762720673.92323
827.4812,826355364843.297,60593306718.1176
827.53137,1528460284521.5833,60362559022.50112
827.58148,2341521605016.868,363070873068.4948
827.63165,4430632610320.905,1161204883224.5017
827.68176,13732204950425.88,2714930775829.381
827.73193,20599491410135.76,2839098484352.074
827.7821,12870465670370.662,1115665980846.751
827.83228,3060256274102.747,392648936146.2188
827.88239,1303208672151.588,217020698708.10364
827.93256,973753649183.3304,119003422772.70186
827.98273,1648393571043.7898,232897084001.53268
828.0329,3307511390703.364,559459048960.2153
828.08307,3177151468657.503,274344873779.47357
828.13324,1071269136266.7882,165231339069.4809
828.18341,782341205263.4446,205709284613.7029
828.23358,0.0,0.0
828.28381,363932948972.9324,52003811783.71274
828.33398,40294958143.76415,3877083657.3127046
828.38416,476475129832.5885,43801469651.35077
828.43433,303620627505.6893,37337283263.158485
828.48456,0.0,0.0
828.53473,0.0,0.0
828.5849,0.0,0.0
828.63513,81527818229.40862,10652332371.725636
828.6853,98179401708.24232,11937434653.29672
828.73553,0.0,0.0
828.78577,19493266661.006798,5704103096.310154
828.83594,127112987373.96414,38817828849.16261
828.88617,471908329414.1415,103396131408.27148
828.9364,1254263862954.3853,246790217897.72327
828.98663,1492407023418.0442,362602524480.2756
829.0368,1394865462050.1155,341664908607.0308
829.08704,443377102876.9849,67712734075.72699
829.13727,585939052277.7216,50797246984.33419
829.1875,498405872457.18335,50977022279.186966
829.23773,0.0,0.0
829.28796,0.0,0.0
829.3382,0.0,0.0
829.38843,138420787157.30408,58512798410.25947
829.43872,378289897812.0459,159509184602.70883
829.48895,142841599062.49332,71110161821.57147
829.53918,330192958887.47687,148533827357.2684
829.58942,453257036900.6508,151048462273.69943
829.63971,602759850366.1421,178376824300.277
829.68994,584920198334.983,122498866344.85011
829.74017,222864041348.5638,30881382547.371902
829.79047,451932320466.2011,35179355932.82783
829.8407,43574947690.77365,7689803942.191271
829.89099,76580811760.49438,19337170743.98391
829.94128,388457719814.7572,78331729145.75201
829.99152,37254900545.69802,7170320351.285775
830.04181,98761552476.62212,21365721047.93924
830.0921,0.0,0.0
830.1424,0.0,0.0
830.19263,0.0,0.0
830.24292,326480903487.0092,111584784423.8973
830.29321,188809031092.6404,61190322548.03015
830.34351,384204840212.48834,114641975698.87589
830.3938,734425017260.7535,271176027922.084
830.44409,1690143184832.5024,470851860857.6727
830.49438,3493118064927.425,592424678948.2677
830.54468,2812628661828.9604,375404191964.99536
830.59503,519104935565.47125,94613889255.20728
830.64532,97971593968.76968,7924494902.368511
830.69562,43499077111.8059,5962433188.360225
830.74591,396736592298.3043,86273691235.92128
830.79626,682396568458.5848,171839460756.09277
830.84656,1160452439065.7312,112454536159.96255
830.89691,1494405597182.6309,139208821917.7527
830.9472,605412464893.7903,138537416933.94443
830.99756,493198378476.3143,75382064833.9238
831.04785,625111479051.3878,46062572516.54586
831.09821,800017527678.2937,70110283967.48615
831.14856,2391029534406.6274,232306901216.46777
831.19885,3567723744106.217,420753411706.1668
831.24921,1602477431168.0757,66428645590.4087
831.29956,0.0,0.0
831.34991,0.0,0.0
831.40021,0.0,0.0
831.45056,270341527754.32855,30129370307.22504
831.50092,266444966572.76215,55561060643.34863
831.55127,19652212926.43201,6511377906.493696
831.60162,0.0,0.0
831.65204,0.0,0.0
831.70239,56704975344.92451,2668181061.7610145
831.75275,553659477887.2755,96335699943.70757
831.8031,272524081612.4852,58390743572.88777
831.85345,408199671738.7029,39456622960.29823
831.90387,267829326592.6273,38327773386.40153
831.95422,175557946590.70978,38876883128.54241
832.00464,146528719991.2921,48865266952.61258
832.05499,95875422143.26376,32648133596.769592
832.10535,721673730903.7384,183137751548.30627
832.15576,1090815968458.4572,170810147715.8006
832.20618,703395322325.3326,57459406331.811615
832.25653,189646326756.73184,5459137521.14933
832.30695,18332906804.59104,933897929.2346516
832.35736,384694069215.88574,11034083981.934734
832.40771,782680816064.8889,68448514882.36774
832.45813,1542057994453.8208,347373504230.0754
832.50854,304189886667.50433,88391523610.71451
832.55896,84465248196.8856,16747016432.79881
832.60938,338305295683.9624,48170260024.16695
832.65979,41297612352.6673,6156852724.019979
832.71021,218468888676.7006,26966173721.811897
832.76062,103423756864.3946,11147512015.874971
832.81104,159429071603.36755,20679446385.15084
832.86145,0.0,0.0
832.91187,187783373787.24484,18946826110.649044
832.96234,619277237455.9469,75372827676.53389
833.01276,1396043436515.974,280000295859.6334
833.06317,2586833312947.5884,488966849669.2824
833.11365,7454400807803.25,1017042355250.2017
833.16406,12487792598640.94,1315244512548.117
833.21448,7318296802056.565,676375494585.1155
833.26495,2457576725097.1035,289745877056.0222
833.31543,735308595690.5619,105864135955.6582
833.36584,219449064556.09045,37014466010.723885
833.41632,94968217834.2538,16125892423.060364
833.46674,66764149385.61386,10695052638.295715
833.51721,222445673273.15863,20736054140.545773
833.56769,356798048390.2794,11563713688.157837
833.61816,290559568933.06006,19153166884.91575
833.66864,216239543333.228,33117370299.181107
833.71906,527356607114.6557,93806454058.3516
833.76953,827395588929.9795,114528491128.33188
833.82001,982513859750.1422,115400705152.86736
833.87048,641766270763.3076,114372046392.70836
833.92102,45824134361.5179,12785452806.713394
833.9715,0.0,0.0
834.02197,0.0,0.0
834.07245,0.0,0.0
834.12292,0.0,0.0
834.17346,0.0,0.0
834.22394,47938357400.922966,8455696819.311051
834.27441,480284697054.47406,104207991494.57127
834.32495,1037109391027.2728,296949496305.5171
834.37543,1287923425390.574,295996419116.9475
834.42596,281752864170.6902,36718065022.67802
834.47644,110065542557.7042,6289740094.552715
834.52698,260761194423.75317,9385367161.493984
834.57745,0.0,0.0
834.62799,0.0,0.0
834.67853,0.0,0.0
834.72906,242684456418.48297,30760918132.973
834.7796,89700457552.68884,7031675226.925756
834.83008,146963066928.94418,8728600505.764597
834.88062,346424072690.8012,28293831661.52901
834.93115,0.0,0.0
834.98169,0.0,0.0
835.03223,0.0,0.0
835.08276,551606634835.8927,38337401929.42768
835.1333,2091996099777.332,105347835809.66518
835.1839,1964939425931.3635,166805998871.37933
835.23444,610475731528.9893,64559854476.51702
835.28497,238601832474.825,45417643069.32943
835.33551,367672218649.5022,102795974305.7846
835.38611,0.0,0.0
835.43665,0.0,0.0
835.48724,0.0,0.0
835.53778,0.0,0.0
835.58838,0.0,0.0
835.63892,0.0,0.0
835.68951,0.0,0.0
835.74005,0.0,0.0
835.79065,0.0,0.0
835.84125,0.0,0.0
835.89185,536905496432.7842,89046649280.85204
835.94244,505786362619.6031,112982622914.17842
835.99298,1076032053636.471,255687745113.8902
836.04358,2495439341918.024,452935837418.96295
836.09418,2813150359756.3447,432103521903.1815
836.14478,677157345046.684,137156644389.85384
836.19537,0.0,0.0
836.24597,148281385378.12897,10005310854.50856
836.29663,133544518745.27884,11455343910.538078
836.34723,368795688401.7484,51202842083.841
836.39783,0.0,0.0
836.44843,0.0,0.0
836.49908,0.0,0.0
836.54968,0.0,0.0
836.60028,194557438218.75125,13998809535.108738
836.65094,9437817868.80664,1463933619.4149055
836.70154,884160826387.7362,152528560594.2932
836.7522,2648963708286.863,539421869473.908
836.8028,5121132580868.108,540106093230.69855
836.85345,0.0,0.0
836.90411,0.0,0.0
836.95471,0.0,0.0
837.00537,61972938298.163,4453640335.372718
837.05603,98782234805.9862,13418176816.047665
837.10669,381928137325.5092,65782613421.15258
837.15735,237885864738.4961,29202604440.630512
837.20801,20045168553.742504,5391725493.640665
837.25867,0.0,0.0
837.30933,250207753523.02316,26472976808.56644
837.35999,154536725333.18298,16737985741.423674
837.41064,14644649259.24302,1519290712.6805005
837.4613,61137974807.995415,3301668930.405576
837.51196,0.0,0.0
837.56262,0.0,0.0
837.61334,84841741927.3141,2690070706.9907517
837.664,1064279996230.0708,85538368897.37883
837.71466,1299753981110.9146,153473505028.91388
837.76538,1959676944649.0205,187516938994.51
837.81604,126332007555.64978,11188271872.400768
837.86676,0.0,0.0
837.91742,0.0,0.0
837.96814,0.0,0.0
838.0188,0.0,0.0
838.06952,554458736814.1433,47541737547.45367
838.12024,473475912853.5923,41963008220.757935
838.17096,643792219502.6454,58125403708.98002
838.22162,364028273488.2907,49107211926.7527
838.27234,0.0,0.0
838.32306,152778248140.0,18687541678.561825
838.37378,232757593215.5233,15614717336.014608
838.4245,179253523577.0598,16772666088.794004
838.47522,127350581464.40918,13065646871.297443
838.52594,0.0,0.0
838.57666,177237034942.50208,17505682049.020546
838.62738,869350045408.6942,98747953317.86488
838.67816,1634867694139.368,173932649783.56223
838.72888,1163386128219.256,139914143671.43594
838.7796,0.0,0.0
838.83038,0.0,0.0
838.8811,0.0,0.0
838.93182,0.0,0.0
838.9826,0.0,0.0
839.03333,0.0,0.0
839.08411,0.0,0.0
839.13489,131059748795.06204,7642675368.469323
839.18561,171084794832.75293,12648606697.58654
839.23639,467106095153.47687,63895110293.335335
839.28717,1746907327243.3523,371571629084.6756
839.33789,6210089241232.277,1385511599431.7632
839.38867,10043021389563.592,1251615578202.7256
839.43945,3540920207249.3853,281829686081.5441
839.49023,790175401398.8032,116703809196.92513
839.54102,31608676514.72933,3678387904.037334
839.5918,0.0,0.0
839.64258,0.0,0.0
839.69336,0.0,0.0
839.74414,0.0,0.0
839.79492,0.0,0.0
839.84576,977136192472.8824,114208233095.30928
839.89655,1984531720679.3325,289761665385.00653
839.94733,841503626976.9939,146194400264.0985
839.99817,380052030143.9508,48572385444.596016
840.04895,652915554293.4574,25567785230.248043
840.09973,0.0,0.0
840.15057,319453557464.4129,41865282465.079605
840.20135,1096141673131.036,227182096190.57117
840.2522,3993200800950.903,929059038189.3997
840.30304,1783902286350.2727,313875546592.58057
840.35382,569964417021.9252,50077330100.88188
840.40466,259500237640.76025,11671183337.885963
840.45551,1297342999888.7212,122074147053.65298
840.50629,1375854954854.7625,136254647190.97237
840.55713,984165002605.1084,119361252866.11015
840.60797,767827103722.9092,89804364871.92444
840.65881,322613774428.006,29709304312.152283
840.70966,0.0,0.0
840.7605,0.0,0.0
840.81134,0.0,0.0
840.86218,0.0,0.0
840.91302,0.0,0.0
840.96393,0.0,0.0
841.01477,0.0,0.0
841.06561,373976206111.2274,96712896187.4353
841.11646,781015488376.5972,139452188364.06467
841.16736,257800229824.37964,32235093067.80952
841.2182,150310339219.56265,29483534683.17693
841.2691,402197589403.2563,57206865684.65966
841.31995,303774248611.4965,34209928940.331875
841.37085,386004671641.2147,62507802162.24706
841.42169,1131784406646.339,414627552268.19824
841.4726,1917227519148.7764,324599621900.53094
841.5235,1740722358418.0688,204318823215.038
841.57434,833274897473.8518,151032255554.93784
841.62524,719214939904.9467,69883370295.53194
841.67615,0.0,0.0
841.72705,0.0,0.0
841.77795,0.0,0.0
841.82886,0.0,0.0
841.8797,0.0,0.0
841.93066,217384596899.56448,25855112331.58284
841.98157,71022991920.02483,17585585696.523193
842.03247,140371023123.56326,27679393233.149525
842.08337,140968252723.44067,18623776977.52869
842.13428,176397080019.67798,23583576428.050472
842.18518,0.0,0.0
842.23615,0.0,0.0
842.28705,0.0,0.0
842.33795,0.0,0.0
842.38892,0.0,0.0
842.43982,0.0,0.0
842.49078,0.0,0.0
842.54169,0.0,0.0
842.59265,0.0,0.0
842.64362,0.0,0.0
842.69452,156412177223.33502,11555409146.783497
842.74548,112023051277.47214,6732286274.732472
842.79645,549763315731.3024,45283771618.6978
842.84741,1853597817407.0276,132425926674.7912
842.89832,4334732036994.1934,431345292966.855
842.94928,4308406266025.3926,485880261048.1786
843.00024,335557761348.2871,30153766521.74089
843.05121,0.0,0.0
843.10217,0.0,0.0
843.15314,0.0,0.0
843.20416,1026171404921.2748,176378515379.09625
843.25513,1867788514843.359,184204830472.58377
843.30609,1096862733637.9296,121271373086.991
843.35706,836392832167.3682,89322401593.6617
843.40802,536101172438.0327,56338569539.96268
843.45905,1124501015602.9338,122322715870.7558
843.51001,2729245259258.346,250323178128.13696
843.56104,2616088808846.742,166987123684.28546
843.612,1656527278860.957,54269474631.13131
843.66302,2662621015059.768,127626771299.6577
843.71399,6515165928111.855,518227178034.9822
843.76501,6957706533402.231,933439854669.9828
843.81604,1069460635413.009,236172894877.05157
843.867,824780950112.5905,179558467670.55118
843.91803,417483894913.30206,56278497194.756485
843.96906,129434924261.71098,9329291052.00084
844.02008,148006671649.0744,6720836215.861477
844.07104,312220087562.65906,22941473852.110443
844.12207,1252214534558.9573,147625766032.72424
844.1731,2804120584306.1924,339040574811.1614
844.22412,1334455527136.7476,136853369011.47227
844.27515,0.0,0.0
844.32623,0.0,0.0
844.37726,0.0,0.0
844.42828,250776094644.15363,25838016243.84975
844.47931,0.0,0.0
844.53033,0.0,0.0
844.58142,1089985204200.744,189558501722.35373
844.63245,1440439536727.139,299806987573.33124
844.68347,666370141824.1471,99949145342.01184
844.73456,427708731462.3594,34183541888.61926
844.78558,376909175781.6496,21395244643.34453
844.83667,839839880763.2358,68290265054.55219
844.88776,336617001320.5059,72422644049.0047
844.93878,846873371353.9972,257288110247.1724
844.98987,2883485214715.318,744232317449.0063
845.04095,3952824994135.367,452517380380.5848
845.09198,514445932365.3876,12335364835.187284
845.14307,963018404644.2592,60682169227.625854
845.19415,674970083040.3685,93050099920.71742
845.24524,0.0,0.0
845.29633,0.0,0.0
845.34741,0.0,0.0
845.3985,0.0,0.0
845.44958,0.0,0.0
845.50067,435074771708.937,19578780438.998272
845.55176,0.0,0.0
845.60284,0.0,0.0
845.65399,0.0,0.0
845.70508,0.0,0.0
845.75616,0.0,0.0
845.80731,0.0,0.0
845.8584,0.0,0.0
845.90955,2764685787961.856,172416814841.0627
845.96063,5312829996671.811,589938868699.2009
846.01178,363775152680.25214,23649473556.538147
846.06287,0.0,0.0
846.11401,0.0,0.0
846.16516,0.0,0.0
846.21625,417996255165.5936,111859769446.71844
846.2674,0.0,0.0
846.31854,0.0,0.0
846.36969,0.0,0.0
846.42084,0.0,0.0
846.47198,2485270856979.4644,545248220834.3345
846.52313,6600386272910.321,1330215783585.9478
846.57428,12018914055459.535,1500380460842.547
846.62543,11798394831414.99,1553533449425.6487
846.67657,3129993499385.581,584525015646.5846
846.72772,906496716850.1992,156417258973.32898
846.77887,598910146557.8739,65379087865.07476
846.83008,503831923474.9504,67699201074.41107
846.88123,179176903210.52576,13782289102.653444
846.93237,0.0,0.0
846.98358,0.0,0.0
847.03473,0.0,0.0
847.08594,661215105801.8738,12948273390.594458
847.13708,801710504919.5938,69179097296.5464
847.18829,1151782792275.9558,160445057988.98282
847.23944,1605135244557.689,70583091555.27512
847.29065,2287303247099.2563,249568741227.18097
847.34186,366988329440.8514,83599215326.90233
847.39301,0.0,0.0
847.44421,0.0,0.0
847.49542,0.0,0.0
847.54663,0.0,0.0
847.59784,0.0,0.0
847.64905,0.0,0.0
847.70026,971101136743.0214,196306030281.4735
847.75146,2903968080268.4844,618020968861.8497
847.80267,3831370198052.5854,854129145076.2281
847.85388,1318109212757.59,188300931654.1577
847.90509,0.0,0.0
847.95636,242058703189.39948,40215366650.548096
848.00757,1209038122932.5366,78890855055.84811
848.05878,1073052792702.8835,117011954273.74931
848.11005,785000916667.3156,146363968139.03674
848.16125,961964380504.7534,204472938908.88925
848.21252,810757030437.0513,234437611853.32385
848.26373,0.0,0.0
848.315,0.0,0.0
848.36621,0.0,0.0
848.41748,0.0,0.0
848.46875,0.0,0.0
848.51996,7704622771.85854,658223198.6802771
848.57123,167566390914.53864,9776017168.373304
848.6225,0.0,0.0
848.67377,0.0,0.0
848.72504,0.0,0.0
848.77631,0.0,0.0
848.82758,300200303368.3007,28522533570.18521
848.87885,92322001744.0699,10187918982.701187
848.93011,149084990743.7025,24589411094.42508
848.98138,303401537069.80475,59932513705.62772
849.03265,410616359151.6866,79242147789.52614
849.08392,406057548087.4209,60553342828.34613
849.13519,1443865423014.5857,212904545901.66608
849.18652,2013594532190.164,415454617173.6981
849.23779,340063577744.90405,71789245183.62468
849.28912,0.0,0.0
849.34039,0.0,0.0
849.39166,0.0,0.0
849.44299,0.0,0.0
849.49432,0.0,0.0
849.54559,0.0,0.0
849.59692,0.0,0.0
849.64819,0.0,0.0
849.69952,557666941669.3094,61469084771.490814
849.75085,552904649034.1084,66373397693.26641
849.80219,1162880698527.2073,144038858521.73978
849.85352,1433159795887.9844,103006298534.77644
849.90485,3495798353659.926,62915371676.44815
849.95618,8032726532338.987,296291659384.3711
850.00751,6393990604112.369,539174375976.5507
850.05884,1892429443648.162,275950451434.9343
850.11017,1055147089253.2688,155084149441.71643
850.1615,0.0,0.0
850.21283,0.0,0.0
850.26416,0.0,0.0
850.31555,0.0,0.0
850.36688,0.0,0.0
850.41821,310159089896.4528,30091182023.592342
850.4696,4152977488999.5137,261798932315.42587
850.52094,2755530916447.3804,221028216271.9423
850.57233,486181476989.89465,68058531401.43816
850.62366,238441816902.6892,38716829651.79725
850.67505,1087943285622.2318,243648388572.67285
850.72638,3187128573923.6465,654556860599.3477
850.77777,2401759315454.043,664950267807.2285
850.82916,3714824446523.918,1371406435173.4507
850.88055,6504782204203.894,543566900091.1933
850.93188,3903121279571.69,752063381673.8203
850.98328,2263619598112.589,291620123831.2524
851.03467,5966357831177.766,947006265629.0504
851.08606,5001332551428.773,596035225417.5082
851.13745,1667158314361.9153,192508561211.58124
851.18884,637027320165.4674,134309088620.58192
851.24023,820011985618.8853,130328560500.60002
851.29163,522355193008.77936,40587231148.40409
851.34308,1033091852426.2776,73213503468.17569
851.39447,530404852530.0111,37641423160.976654
851.44586,0.0,0.0
851.49725,0.0,0.0
851.54871,0.0,0.0
851.6001,0.0,0.0
851.65149,0.0,0.0
851.70294,0.0,0.0
851.75433,0.0,0.0
851.80579,0.0,0.0
851.85724,0.0,0.0
851.90863,0.0,0.0
851.96008,0.0,0.0
852.01154,0.0,0.0
852.06299,0.0,0.0
852.11438,0.0,0.0
852.16583,418164108736.1777,58910625369.002106
852.21729,172600394645.10242,15671061000.387798
852.26874,196864021705.5562,10207851708.531446
852.32019,137648746974.0371,13238899665.180094
852.37164,723873382181.6924,81820087530.09077
852.4231,0.0,0.0
852.47455,0.0,0.0
852.52606,0.0,0.0
852.57751,1365591607451.7158,198846499857.8329
852.62897,319465140088.1242,59796048782.37443
852.68042,0.0,0.0
852.73193,391072953713.8591,40113464289.29397
852.78339,584215672785.8885,38611264721.16087
852.8349,429337180008.24536,53101763514.51807
852.88635,1513287312223.0308,328476315133.6538
852.93787,4713441670929.193,1281104060697.0762
852.98932,4988042525072.467,1392542800397.3848
853.04083,965001579573.21,192216143427.2765
853.09235,500196850572.5874,73861026390.89589
853.1438,41125166529.24308,5592254154.796213
853.19531,686007300681.4285,93689720576.17838
853.24683,3973172889787.838,579820916298.3285
853.29834,5308869273483.432,704300236362.869
853.34985,3627691998.5639534,378048480.92460096
853.40137,0.0,0.0
853.45288,0.0,0.0
853.50439,0.0,0.0
853.55591,22337165027.374573,3863198156.921319
853.60742,385289053055.5767,120723959091.37968
853.65894,21799906407.01754,6381233831.139379
853.71045,0.0,0.0
853.76196,0.0,0.0
853.81354,0.0,0.0
853.86505,0.0,0.0
853.91656,0.0,0.0
853.96814,0.0,0.0
854.01965,0.0,0.0
854.07123,564338484394.1576,122740637786.73096
854.12274,640845012459.6056,112983685838.75008
854.17432,0.0,0.0
854.22589,0.0,0.0
854.2774,0.0,0.0
854.32898,0.0,0.0
854.38055,680528269658.7313,241565364184.45425
854.43213,740107447448.5319,242748814215.4181
854.4837,2043371445059.3264,404621993110.49976
854.53528,2812116617161.0547,415742625258.66266
854.58685,537754843747.96,133928590025.83604
854.63843,0.0,0.0
854.69,836328044937.253,252652607805.06235
854.74158,0.0,0.0
854.79315,0.0,0.0
854.84473,0.0,0.0
854.8963,0.0,0.0
854.94794,2521333069395.76,256917516642.6229
854.99951,880444140256.5763,132441488208.13818
855.05109,367908877914.6773,109706586290.35738
855.10272,612121682186.7428,145447234738.55725
855.1543,493423034003.11584,138378946076.06906
855.20593,636610545411.682,256695704478.8978
855.25751,0.0,0.0
855.30914,0.0,0.0
855.36072,0.0,0.0
855.41235,0.0,0.0
855.46399,0.0,0.0
855.51562,578181387211.0817,126242257235.0568
855.5672,354322605107.0401,82088410338.28793
855.61884,553443866764.5852,44875670998.12774
855.67047,413713267517.21686,48061156339.60712
855.72211,344784632067.5649,66190596303.27693
855.77374,359990948315.2039,82356211860.53976
855.82538,0.0,0.0
855.87701,417189675756.7538,9454498018.092052
855.92865,205399090402.75647,13617818402.390057
855.98029,258082755740.7248,30539213467.947
856.03198,158408908685.2575,30885554252.78184
856.08362,477053095685.9295,7635859959.322389
856.13525,1234954721726.27,375970018738.8677
856.18695,5308065390842.293,1859913469698.2063
856.23859,9263921776675.871,2876630358177.462
856.29022,5905869727134.985,1664425626322.554
856.34192,6211165461034.978,1512267257709.4858
856.39355,6842522105260.413,1360944467310.411
856.44525,2412523851223.386,814030575233.8837
856.49695,1212712073593.2517,555119678686.115
856.54858,2402453964984.9614,834461368994.946
856.60028,1965608601743.7627,624948251977.8405
856.65198,1396369236929.9858,612209235061.9119
856.70361,466020276219.36017,154658643336.63815
856.75531,0.0,0.0
856.80701,0.0,0.0
856.8587,919938921555.7618,190431558415.806
856.9104,674080804095.3031,104384047623.10043
856.9621,100151695883.6768,21337124047.107533
857.01379,338395789594.71844,64407420946.27389
857.06549,438319962661.3704,77406504840.5115
857.11719,831162690128.7955,195443905293.06976
857.16895,1696640897610.2273,344776632304.012
857.22064,4218972459083.772,724486800294.4651
857.27234,6417658530497.036,938879245508.7556
857.32404,4927158316305.956,389459395522.4029
857.37579,1190519104181.3523,438117434799.6816
857.42749,1030050974757.9716,749597947600.4276
857.47925,0.0,0.0
857.53094,50497428843.76345,16458889124.520231
857.5827,0.0,0.0
857.6344,303228475212.198,120387550137.66708
857.68616,0.0,0.0
857.73792,411276529340.89264,73483943903.0822
857.78961,117956882984.26808,45418459669.443794
857.84137,917311577817.081,444736300841.0399
857.89313,561554844377.5422,174777655994.10742
857.94489,1661780657390.0483,263198867596.5253
857.99664,9749657748943.822,2165779767982.3784
858.0484,13104551602349.96,3723606464656.21
858.10016,6422264899309.98,1379515281040.1348
858.15192,457680015619.7956,71901846845.6468
858.20367,0.0,0.0
858.25543,0.0,0.0
858.30719,274942550238.30664,51154386797.0424
858.35895,0.0,0.0
858.41071,0.0,0.0
858.46252,1489923987618.4226,458784188568.6678
858.51428,0.0,0.0
858.56604,0.0,0.0
858.61786,0.0,0.0
858.66962,0.0,0.0
858.72144,302574567916.1482,178172991107.32132
858.77325,0.0,0.0
858.82501,0.0,0.0
858.87683,729326272537.5818,850606035381.0988
858.92859,0.0,0.0
858.98041,0.0,0.0
859.03223,288410830965.827,152891632743.6957
859.08405,619791785239.5253,218586466816.05725
859.13586,1208054380789.6987,232957387595.4325
859.18768,1955327914918.732,432545969985.33
859.2395,1230680336375.664,377137978049.8861
859.29132,914841832919.806,322014928995.5317
859.34314,3876779416934.6265,1218254483127.7808
859.39496,7810225225410.003,3046643305664.5635
859.44678,4106082611678.051,1674532206599.8987
859.4986,2587583767541.4062,751515032244.4836
859.55042,4835028064332.543,1537136237629.6204
859.60229,13716985009436.422,5651693509491.803
859.65411,25968859111812.543,10786979624137.947
859.70593,12282451106247.115,1551243735446.22
859.75781,2661669548952.6035,972678152135.1976
859.80963,219396783825.3788,101357913076.60666
859.86151,515776431301.7242,48850658853.90675
859.91333,445477735140.9376,72548691642.05844
859.96521,0.0,0.0
860.01709,0.0,0.0
860.06891,712804666698.5055,197188309848.24603
860.12079,1324058130636.5928,409139059012.9424
860.17267,0.0,0.0
860.22455,0.0,0.0
860.27637,0.0,0.0
860.32825,617024012532.9032,206911437883.8416
860.38013,5030993347.897811,2200620830.616767
860.43201,0.0,0.0
860.48389,0.0,0.0
860.53577,606073898768.7609,435917557195.57166
860.58771,603011560071.938,396114164040.2541
860.63959,700617495736.2286,411307110511.1444
860.69147,0.0,0.0
860.74335,0.0,0.0
860.79529,452502213730.2606,196974458476.83304
860.84717,272940351864.12967,67717205036.56948
860.89905,0.0,0.0
860.95099,214066611925.68463,31140099771.922688
861.00287,961311392911.5752,329743593097.3024
861.05481,660380826092.6727,192345711699.49048
861.10669,0.0,0.0
861.15863,0.0,0.0
861.21057,0.0,0.0
861.26245,0.0,0.0
861.31439,375687305617.6584,75019723236.39937
861.36633,0.0,0.0
861.41827,887063415670.715,317741335627.74243
861.47021,964941532135.3324,139617949745.19525
861.52216,1364611727294.799,131561985441.76276
861.5741,1726085374939.238,248641418068.04776
861.62604,329940471707.6282,65704892595.94265
861.67798,0.0,0.0
861.72992,0.0,0.0
861.78186,44756360271.403885,6805872009.332741
861.8338,0.0,0.0
861.88574,0.0,0.0
861.93774,219695003167.9188,34564733671.60261
861.98969,524147443779.8616,83779162629.51518
862.04163,798716391978.002,89048513616.3325
862.09363,1402957607851.8206,245261280268.851
862.14557,921889231315.6052,303387368480.99115
862.19757,829864541821.2616,346962063772.98944
862.24951,1618885112570.746,605179264245.8997
862.30151,2093645429679.9324,492266534013.0444
862.35352,1393451758928.3254,388691603221.6581
862.40546,4752851613415.583,1316302567682.5825
862.45746,24705673433515.457,4268583873972.277
862.50946,27695738078931.48,6382187659043.848
862.56146,6642793196510.323,2260429544945.332
862.61346,1435795302376.974,397888082791.7231
862.66541,0.0,0.0
862.71741,417731411633.7108,46918155971.32701
862.76941,0.0,0.0
862.82147,397960246531.7221,140473440095.19003
862.87347,97776761538.03584,55620043751.5902
862.92548,0.0,0.0
862.97748,515972497363.6271,274238678879.63147
863.02948,932642720411.9512,284908826276.4598
863.08148,17003670039.005718,3826474020.904429
863.13354,0.0,0.0
863.18555,0.0,0.0
863.23761,0.0,0.0
863.28961,763841482789.162,82650416524.8309
863.34167,379741827339.8801,45038262218.06899
863.39368,0.0,0.0
863.44574,0.0,0.0
863.49774,0.0,0.0
863.5498,976571046895.664,210812149447.0744
863.60187,403693496015.1507,28586985064.653168
863.65387,0.0,0.0
863.70593,0.0,0.0
863.758,92334040042.1668,13089287945.62986
863.81006,0.0,0.0
863.86212,0.0,0.0
863.91418,0.0,0.0
863.96625,65013517624.73647,25770588917.84691
864.01831,456817758264.9328,162287451183.48135
864.07037,1181414514151.026,309089201413.33057
864.12244,420428750304.5759,104406357692.232
864.17456,175603182583.2821,61593264980.70382
864.22662,202744282974.02625,45720684027.21672
864.27869,18547715446.025124,3641950085.53864
864.33075,1507513184335.807,588156825082.951
864.38287,4670221901848.812,1005487537885.0536
864.43494,6362710937882.998,461209235020.7613
864.48706,3381372866462.0,1057863441669.9816
864.53912,65435374525.02454,35361241428.87333
864.59125,0.0,0.0
864.64337,54963700229.3952,27568569681.72298
864.69543,283262731909.2522,69719010894.96034
864.74756,0.0,0.0
864.79968,333931111129.9594,132284234706.25069
864.85175,552975406216.0361,263411530264.13992
864.90387,149130284987.58127,70578162647.00873
864.95599,0.0,0.0
865.00812,410678040908.9143,57640670341.78863
865.06024,338944788287.9993,34158511632.87125
865.11237,458649686212.32446,83005393208.73822
865.16449,300884427826.7465,71894917842.54497
865.21661,375581018247.7191,93854213296.43562
865.26874,152966260634.7457,4731745207.358877
865.32092,350514491548.5576,69663635461.72075
865.37305,278716457792.25165,67543336803.759605
865.42517,0.0,0.0
865.47729,0.0,0.0
865.52948,356519867679.0802,58320459673.33551
865.5816,398320809536.28656,113764241152.16422
865.63379,222672560218.5128,49884423952.08736
865.68591,444590393891.5968,126819833125.36955
865.7381,761854674874.3561,283189520960.71155
865.79022,0.0,0.0
865.84241,0.0,0.0
865.89459,0.0,0.0
865.94678,45619970262.76623,2533821867.8963966
865.9989,80017100145.28282,13566059288.668076
866.05109,367681076940.1884,68615236595.8749
866.10327,0.0,0.0
866.15546,375189290326.52185,31867675728.84809
866.20764,0.0,0.0
866.25983,0.0,0.0
866.31201,0.0,0.0
866.3642,0.0,0.0
866.41638,338084335758.859,93539179939.50858
866.46857,106215953284.7819,29555210704.844807
866.52081,0.0,0.0
866.573,0.0,0.0
866.62518,0.0,0.0
866.67743,0.0,0.0
866.72961,0.0,0.0
866.7818,0.0,0.0
866.83405,13509637938.918415,3934374149.5169134
866.88623,0.0,0.0
866.93848,0.0,0.0
866.99072,0.0,0.0
867.04291,408512268905.2626,92949731682.19257
867.09515,1065275699415.5222,193369066397.5062
867.1474,500318535899.5881,90087455638.33856
867.19965,354574137750.34033,61066319035.88259
867.25183,0.0,0.0
867.30408,0.0,0.0
867.35632,0.0,0.0
867.40857,593965469100.6113,154197741454.19186
867.46082,0.0,0.0
867.51306,417762617017.5431,147999199901.23633
867.56537,3958481077881.0034,973837055484.1842
867.61761,5943763653816.194,1002515688000.3048
867.66986,2424727775252.976,413916804809.7808
867.72211,852521169835.9175,90625020425.01198
867.77441,1004751484070.1564,99524307090.29564
867.82666,747493164215.8544,136884331625.0908
867.87891,1332670649152.8003,293967007469.3297
867.93121,4520329514078.672,739640487668.5944
867.98346,8286873839823.121,1107953047366.7708
868.03577,5511512595717.202,1376896833617.0498
868.08801,1606540356982.2856,338188616133.5164
868.14032,1031464663509.1052,118280761023.88045
868.19263,1086029470268.6093,210439697628.8676
868.24487,1333600977028.7932,257583592329.74887
868.29718,2894880796215.4746,310191517357.74713
868.34949,4297823952185.93,455855064620.3405
868.40179,4075951685955.323,685727219503.7382
868.4541,10413206658113.752,2696867330986.971
868.50641,18561729277696.6,4125540083211.746
868.55865,8277864541250.169,1674430046139.3354
868.61102,2309536478905.6104,836101627256.5232
868.66333,1536465123720.0847,335236062615.3118
868.71564,1843857495564.2136,349838717557.7385
868.76794,2100449135023.887,498123275845.87256
868.82025,4676252821439.721,1103279742628.2317
868.87256,2002584821476.1477,223300389269.0776
868.92493,181379036288.73215,10189172837.142294
868.97723,194878276603.9633,28360122051.22307
869.02954,291103047384.7288,46608202330.7196
869.08191,237855139783.90363,20682157668.351536
869.13422,353960559735.1606,108317203510.6822
869.18658,190183928473.43555,41997098976.79671
869.23889,17939891231.914345,2871825144.013212
869.29126,226007859594.88507,40141610344.6127
869.34363,682399554249.1797,132206410362.18144
869.39594,2349319395535.207,236330922024.191
869.4483,1391253212468.6348,73456034825.546
869.50067,519275516461.6174,78816542704.00478
869.55304,593151009470.6501,98938208709.95348
869.60535,846846022737.8126,126467210817.7918
869.65771,598577050682.8274,239707824734.6796
869.71008,0.0,0.0
869.76245,0.0,0.0
869.81482,0.0,0.0
869.86725,0.0,0.0
869.91962,160802545896.34116,22530448455.627186
869.97198,454116262754.01245,134818271704.6095
870.02435,638064648999.4115,173825406128.60388
870.07672,416096796255.6444,46081054128.47698
870.12915,50437019456.95337,7537878727.421854
870.18152,645697657456.5997,120734664267.1416
870.23389,406025042064.4774,56724380950.791664
870.28632,2310647706394.108,670861889062.6606
870.33868,6994169428058.035,2138427526642.3708
870.39111,4320183051201.936,994486339081.2512
870.44354,704904883570.4014,170698297360.8878
870.49591,150904518304.99442,37318542388.856544
870.54834,0.0,0.0
870.60077,476633610366.8447,50750449058.25968
870.65314,1078199927322.0828,217311696399.4371
870.70557,666889297476.3488,117099070095.75052
870.758,115832402337.343,15539478795.980057
870.81042,256966861370.89062,33424795225.71193
870.86285,784259288249.5428,153921861441.99713
870.91528,287755463732.8968,42651950036.11966
870.96771,226350525594.37,29459878700.982105
871.02014,115167962070.21648,30202647808.958454
871.07257,621441155772.2197,177527625591.8252
871.125,1616944384096.9695,224971292619.7221
871.17749,4853267477689.201,630926302889.8914
871.22992,8306512119425.566,1287937153345.1306
871.28235,5269412648249.271,824143992370.1306
871.33484,881872712986.448,83905510596.38174
871.38727,272408539575.71136,43167934293.18591
871.4397,0.0,0.0
871.49219,0.0,0.0
871.54462,644779869185.8943,292085200721.58734
871.59711,37768907237.54974,18785323902.756943
871.6496,169788060068.50412,79693039771.80843
871.70203,0.0,0.0
871.75452,0.0,0.0
871.80701,156077410799.84348,35747299394.34622
871.8595,473395417019.2551,69006186890.16974
871.91193,0.0,0.0
871.96442,0.0,0.0
872.01691,0.0,0.0
872.0694,0.0,0.0
872.12189,484051205172.7608,162834248293.80148
872.17438,0.0,0.0
872.22687,0.0,0.0
872.27942,0.0,0.0
872.33191,375504234172.4096,87637152079.90857
872.3844,0.0,0.0
872.43689,167852313129.76062,26040191047.928303
872.48944,1009850199073.7932,231173582362.6743
872.54193,576222697760.3246,108871897320.7987
872.59448,278132135266.6317,57753714228.742485
872.64697,1455325802085.2249,225452247037.6293
872.69952,2684035277490.9434,234055394717.2167
872.75201,732207818981.9911,94275971416.2472
872.80457,339067874148.71893,20748631023.70898
872.85706,1234834253768.849,162080380971.3091
872.90961,1345423848946.2886,249024250578.362
872.96216,238517781104.5909,49159571002.67177
873.01471,0.0,0.0
873.0672,0.0,0.0
873.11975,0.0,0.0
873.1723,0.0,0.0
873.22485,0.0,0.0
873.2774,0.0,0.0
873.32996,124531524259.2263,13132119360.829468
873.38251,0.0,0.0
873.43512,0.0,0.0
873.48767,0.0,0.0
873.54022,0.0,0.0
873.59277,1123628621990.245,225987047409.16504
873.64539,335819084008.6976,56637909459.52502
873.69794,340312662677.7024,32674990143.6697
873.75055,365969097381.4702,21878127630.975983
873.8031,915905131009.704,91618819682.13104
873.85565,738896992265.8881,141285816839.94565
873.90826,2653707108317.4443,77383866189.71017
873.96088,4701561734875.309,1074505437036.2672
874.01343,1934649557528.2769,326092320234.228
874.06604,0.0,0.0
874.11865,0.0,0.0
874.17126,0.0,0.0
874.22382,0.0,0.0
874.27643,158799076231.22986,74404155393.34702
874.32904,0.0,0.0
874.38165,0.0,0.0
874.43427,235481156565.2889,93418493285.7218
874.48688,0.0,0.0
874.53949,451793833743.054,77304596306.26877
874.5921,346409047173.9422,73257600329.11334
874.64478,0.0,0.0
874.69739,220229736401.5452,45223403772.84751
874.75,205622999683.6388,18091256025.061543
874.80261,228537510380.3591,31896833126.268578
874.85529,485011679887.3003,43456064525.70302
874.9079,0.0,0.0
874.96057,0.0,0.0
875.01318,0.0,0.0
875.06586,79749727136.7637,30750036898.642982
875.11847,102451600214.06412,63497759014.30016
875.17114,183130305621.5836,85536133704.9096
875.22382,535564529466.2375,112982949364.57286
875.27643,457543082976.53766,65921974910.9885
875.3291,629673340036.4314,44742514471.745735
875.38177,2237058953144.289,278506403938.4883
875.43445,5496312076291.869,799118083549.5543
875.48712,5153000424498.285,396780664096.7584
875.53979,1729815592640.5315,165170521769.42
875.59247,755925596269.0956,37124556175.74552
875.64514,383305494207.4864,14469185673.668936
875.69781,687887076522.4318,118833994071.0184
875.75049,1207253881724.201,245298806146.4288
875.80316,801123321822.2157,136193834723.2874
875.85583,469293347865.3621,48245854990.43652
875.90857,31577150833.363453,2981602772.528191
875.96124,42533127551.23252,6778706621.729636
876.01392,44378716811.66742,9134019862.882528
876.06665,0.0,0.0
876.11932,0.0,0.0
876.17206,0.0,0.0
876.22473,75025374563.12129,6542482823.305931
876.27747,300870699100.05115,25762653083.13956
876.33014,313269441873.7826,45840680351.900604
876.38287,454065577492.4345,79361498961.80551
876.43561,8835265915.933882,1167921296.809981
876.48834,307981578081.7206,21591642865.618465
876.54102,0.0,0.0
876.59375,0.0,0.0
876.64648,445509789002.8567,113669988432.82072
876.69922,388548655184.5978,118546632556.71182
876.75195,0.0,0.0
876.80469,1022163987998.1426,143008968239.84247
876.85742,24802109958.566685,4077248421.789805
876.91016,0.0,0.0
876.96295,283709629637.3143,59866710896.75954
877.01569,0.0,0.0
877.06842,259946364769.47217,30600696632.57407
877.12115,0.0,0.0
877.17395,0.0,0.0
877.22668,0.0,0.0
877.27948,572799718329.781,168687710872.97507
877.33221,0.0,0.0
877.38501,165502284947.96478,39208953580.123245
877.43774,312872157371.87305,39016712716.68286
877.49054,370512433815.2563,60794265340.94532
877.54327,666748347126.3445,106011606073.13605
877.59607,1003833134430.8936,149462787782.2203
877.64886,4180040376975.2456,1126722596274.8218
877.70166,3200837493267.949,242405602806.97955
877.75446,1061806744087.4108,113824642261.63988
877.80719,632282228600.3561,66850154490.33249
877.85999,189883745482.1138,27897262609.67649
877.91278,209364060009.3289,36478169059.5867
877.96558,221825015597.96808,48326909356.74761
878.01837,0.0,0.0
878.07123,25136406081.18211,9728168713.87868
878.12402,518389277644.52594,206392501797.49463
878.17682,115335862964.11449,20471490835.24123
878.22961,0.0,0.0
878.28247,777680862737.3569,239159174187.1098
878.33527,1298114283662.9363,302891045789.5252
878.38806,468103462321.9424,73166527277.2778
878.44092,0.0,0.0
878.49371,840867958494.917,156552838485.0314
878.54657,2490014132073.452,436218675530.47015
878.59937,1022848226885.124,242901534692.75543
878.65222,0.0,0.0
878.70508,0.0,0.0
878.75787,305352194033.60754,83752600211.5341
878.81073,431398207870.93744,101844826071.69331
878.86359,0.0,0.0
878.91644,0.0,0.0
878.9693,0.0,0.0
879.02209,337078576318.8148,46608125459.49251
879.07495,85849161194.14629,17514182307.33073
879.12781,158130717306.1152,39602470964.43976
879.18073,541248668669.1478,136045208301.8226
879.23358,453038888412.1051,120616898956.29614
879.28644,0.0,0.0
879.33929,0.0,0.0
879.39215,0.0,0.0
879.44507,1346722073754.142,135742821917.11153
879.49792,4714436216896.29,399887036600.6746
879.55078,9954188763435.48,1590974154381.9949
879.6037,6606306695901.313,1940574694047.2456
879.65656,784118344151.9558,296169765662.0527
879.70947,0.0,0.0
879.76233,0.0,0.0
879.81525,1143706521455.12,27282883875.256985
879.8681,76575208491.08885,5559924554.223289
879.92102,246016112232.13025,25826699028.26172
879.97394,0.0,0.0
880.02686,652437074346.0583,98522314548.6432
880.07977,0.0,0.0
880.13263,0.0,0.0
880.18555,0.0,0.0
880.23846,1213376797932.81,348372734060.0875
880.29138,4921933829964.717,1408137475810.6648
880.3443,4607619466540.258,1204435579292.0295
880.39728,1409367818820.7983,287693679663.08905
880.4502,0.0,0.0
880.50311,0.0,0.0
880.55603,0.0,0.0
880.60895,0.0,0.0
880.66193,81288827858.54329,13625965146.186577
880.71484,0.0,0.0
880.76782,259868122070.49823,91956910539.17184
880.82074,0.0,0.0
880.87366,551707247211.3524,63806557821.30007
880.92664,146616975534.61636,13360923310.834366
880.97961,577947771314.9373,23741393792.029022
881.03253,0.0,0.0
881.08551,0.0,0.0
881.13849,0.0,0.0
881.19147,0.0,0.0
881.24438,1061247772753.9032,133879576206.29384
881.29736,477700575821.2142,154758028277.93344
881.35034,204881054600.16296,70385412182.09895
881.40332,2639255308307.2783,639363260556.2703
881.4563,4897494879811.699,865127367340.7119
881.50928,1838903775676.5872,296231313321.2169
881.56226,456829267966.2811,112444516052.43924
881.61523,0.0,0.0
881.66827,962775317248.6523,205418171517.6
881.72125,452941637507.3552,84903364126.14076
881.77423,659641109606.8884,207027731207.79214
881.82721,510917010104.80536,121695108481.06396
881.88025,716205390856.961,163593919409.0046
881.93323,307986353023.00867,66600835763.009056
881.98627,628727330098.4523,154948019302.98352
882.03925,601286095940.4882,320225313077.4531
882.09229,28594271349.03902,19329723249.471336
882.14526,0.0,0.0
882.1983,144372002695.26184,47882259377.64557
882.25134,0.0,0.0
882.30432,130118381911.67848,19474084859.87202
882.35736,285119327454.4493,53612547960.64454
882.4104,24829183162.14866,2952353626.655714
882.46344,0.0,0.0
882.51648,0.0,0.0
882.56952,0.0,0.0
882.62256,480950107034.4562,109743981618.50424
882.6756,0.0,0.0
882.72864,0.0,0.0
882.78168,0.0,0.0
882.83472,0.0,0.0
882.88776,937047252469.8684,265433571111.1627
882.94086,738160396876.6497,95606390980.91618
882.9939,882281007411.7067,140304005604.47565
883.04694,433891139712.3277,100343423281.04292
883.10004,289599085615.61566,74455452968.85587
883.15308,0.0,0.0
883.20618,0.0,0.0
883.25922,0.0,0.0
883.31232,381362934161.294,60853265021.1161
883.36542,1584737853009.5452,487116105059.5169
883.41846,4328182190737.303,939790836669.176
883.47156,6067726169884.448,1034662845410.1918
883.52466,3436444972338.8647,765685381936.9515
883.57776,1077060883314.8496,242648633716.2616
883.6308,386565670115.4249,88756695908.92534
883.6839,360925446760.0521,41127068790.5301
883.737,303226716077.149,20909749770.60107
883.7901,1100127202848.5544,233924428724.3417
883.8432,1213638478373.9878,321443530893.95123
883.8963,330200331790.97327,50821737495.68396
883.94946,234739901446.09265,29808579825.167397
884.00256,0.0,0.0
884.05566,551200820660.7991,43191395731.23913
884.10876,342876488509.72125,47532265213.325806
884.16193,264067560319.30524,44225097146.44327
884.21503,470759384705.41626,38954783730.71903
884.26813,669619486739.0415,86926764394.42177
884.32129,54366305679.80752,11800013881.879507
884.37439,0.0,0.0
884.42755,246903318702.98752,58815712397.522575
884.48065,862980070091.9225,220690256891.5324
884.53381,1558914956221.8184,404994377653.5801
884.58698,2566435161529.448,674853572494.598
884.64008,3532131941896.24,973855320966.9316
884.69324,2495181973459.514,514620301931.7778
884.7464,0.0,0.0
884.79956,0.0,0.0
884.85272,0.0,0.0
884.90588,0.0,0.0
884.95905,44497195064.61338,11300202729.48621
885.01221,721451698227.3384,258530700710.5089
885.06537,586660478571.6362,203653752197.2595
885.11853,578393155638.812,157612499812.00552
885.17169,910158082644.3706,200130760080.63232
885.22485,1226008713029.356,257300695785.1814
885.27808,1895585993187.925,378255081836.3103
885.33124,6130972749789.514,836678777063.4338
885.3844,9233203499214.863,1244861197623.649
885.43762,5111443491966.692,936543739793.4152
885.49078,1664917666613.8865,368260017791.5968
885.54401,861427375757.143,214602525543.5356
885.59717,429623186739.896,129179124795.36214
885.65039,933995506106.8788,381345243766.1756
885.70355,814342098679.2936,227721530835.92484
885.75677,726274449776.3118,101292528677.70589
885.81,886332330241.6211,146861010140.67264
885.86322,1030917064029.2133,178010268641.18973
885.91638,131317429689.50784,22316230206.474075
885.9696,0.0,0.0
886.02283,0.0,0.0
886.07605,524531680195.1473,54462349821.29883
886.12927,692730851795.6423,92763069686.9462
886.1825,576936864086.2761,113458115720.00958
886.23572,869096242740.077,165742384492.42703
886.28894,4492723499640.607,379528019995.6821
886.34222,9260242464284.45,494197899219.9223
886.39545,8006068307976.929,1115226730258.2456
886.44867,3537553260351.041,851954902619.9614
886.50189,1490256853825.6443,396520843772.9938
886.55518,1382736943711.8225,205785984766.0156
886.6084,828213713390.9945,111689318696.84874
886.66168,284245811767.41003,57699329221.833244
886.7149,340177279811.90515,38602848194.8276
886.76819,859175414819.3065,64770914477.42332
886.82141,496184511984.3071,55234559811.53349
886.87469,43753073994.54094,4994675882.638543
886.92792,390461325587.8184,52016508257.05136
886.9812,193506217850.94855,50134606340.64111
887.03448,273522772639.1636,35760531837.6423
887.08777,198341192571.93707,26667859274.54764
887.14105,0.0,0.0
887.19427,474289054532.8684,40427560902.25721
887.24756,105150712183.40865,31452768711.75551
887.30084,239465675962.5459,45063246673.50438
887.35413,146087823790.3334,27710560277.20788
887.40747,504577853471.0617,71747805879.032
887.46075,710241615510.4215,103332658246.87515
887.51404,746930978373.1536,72583429879.12495
887.56732,191399666959.76837,21896069284.47705
887.62061,0.0,0.0
887.67395,269799538347.15808,112898918419.90036
887.72723,0.0,0.0
887.78052,0.0,0.0
887.83386,221859501271.1576,65979786913.936745
887.88715,0.0,0.0
887.94049,121101530020.33047,49756477768.27338
887.99377,329361057561.6241,90075269617.12508
888.04712,520905480683.70856,61073734462.2812
888.10046,344442199062.28326,63604232300.33378
888.15375,646344001392.2705,92893756486.48526
888.20709,287402976241.2719,40875562344.57138
888.26044,725648171285.9729,106527862777.9864
888.31378,634632312264.9078,127931216625.54729
888.36713,0.0,0.0
888.42047,0.0,0.0
888.47382,0.0,0.0
888.52716,0.0,0.0
888.58051,1033841928964.6002,117283930988.07346
888.63385,480537340579.3059,18822959594.75586
888.68719,941358777927.6564,30428866368.46967
888.74054,551161009382.1813,90800777572.853
888.79395,1417230290733.912,335148941002.4719
888.84729,2403093648357.503,538258258380.40704
888.90063,806705254574.5255,203980336996.2925
888.95404,323964660715.5358,89050485677.50287
889.00739,1095097235302.4224,242684977394.6677
889.06079,1319949947559.9668,243254277602.94543
889.11414,1383444860813.4458,255812414187.36465
889.16754,1000154344315.3788,117059585418.62769
889.22089,918534583620.486,148449833046.03
889.27429,0.0,0.0
889.3277,71983910292.97095,26686517499.10265
889.38104,765326649336.8964,224407033983.90973
889.43445,695655151405.6091,185706651044.86356
889.48785,367264263637.9167,77191210252.73024
889.54126,655620666243.69,118128979538.04382
889.59467,1285600309700.85,267158304132.4313
889.64807,754711542261.3165,104702738324.53082
889.70148,0.0,0.0
889.75488,141857839517.66348,56255296676.1488
889.80829,1186691579326.3965,543777223041.9016
889.86169,1174411913455.0227,507714965476.1634
889.91516,1634649771329.7815,642773207028.8055
889.96857,1010644040994.0352,286262675579.80945
890.02197,748054483479.0017,170935619530.05692
890.07538,61751973946.33805,16710834937.918531
890.12885,11718105507.296202,2398728323.390996
890.18225,590172694585.0354,122279470102.48842
890.23572,0.0,0.0
890.28912,1047422404854.3217,167146327414.96793
890.34259,968706280835.2596,174305245099.9943
890.396,497023380367.13446,48316867950.31938
890.44946,1384587857144.1897,184383980724.2999
890.50293,3939416378351.529,1273207193493.4487
890.5564,6025614197501.76,2447293594251.8345
890.6098,1899525986870.1587,575053913625.6174
890.66327,239922323175.84235,47671036456.84623
890.71674,1129950016060.1042,267833522950.5726
890.7702,0.0,0.0
890.82367,332127049408.1145,240491396592.8681
890.87714,458447319237.3511,411378454497.554
890.9306,702654031878.4105,503360974450.0475
890.98407,0.0,0.0
891.0376,868143837521.8314,246639426047.0771
891.09106,1036333933788.5056,396808021492.54175
891.14453,252906026115.1653,87240322798.34808
891.198,104329040589.11252,29778723305.90479
891.25153,56337645427.74978,13431771278.282124
891.30499,147978718589.19562,40130980064.65849
891.35846,164460617253.8734,44411943617.82464
891.41199,280818492268.199,53906496352.5566
891.46545,854661516644.8545,253801595212.3289
891.51898,229792005616.6774,33091331695.446983
891.57251,0.0,0.0
891.62598,134649817173.65292,65774567024.8664
891.6795,332310248841.8294,158428383070.3807
891.73303,0.0,0.0
891.78656,225919817259.98587,103283583763.09926
891.84003,888556586684.8673,355086669342.63135
891.89355,1155279256512.0876,553776647870.1962
891.94708,2419864467693.625,1334012224150.6528
892.00061,11696117896563.986,7455954854108.992
892.05414,14483318691280.111,9745217643874.87
892.10767,5141248282776.904,3933229069769.272
892.16125,1446628309467.8833,801945214512.3589
892.21478,1112284355803.1296,262064210032.72928
892.26831,0.0,0.0
892.32184,0.0,0.0
892.37543,0.0,0.0
892.42896,0.0,0.0
892.48248,0.0,0.0
892.53607,172074860689.82227,34000828962.114204
892.5896,1042447836719.8558,223630645742.03305
892.64319,0.0,0.0
892.69672,0.0,0.0
892.75031,152921896819.21677,38409328129.5456
892.80389,0.0,0.0
892.85742,0.0,0.0
892.91101,352102582633.22833,40847519785.43688
892.9646,646699446157.2294,81050025523.27379
893.01819,550359251058.3644,88033067280.79903
893.07178,0.0,0.0
893.12537,398031313876.6901,86675215485.1453
893.17896,797999278295.8826,195963089012.30112
893.23254,320702330147.4281,64952701929.67001
893.28613,11607287099.576357,1338639023.1470828
893.33972,694474081377.6371,61975552718.63416
893.39331,1101895222143.2708,170539734480.7346
893.4469,0.0,0.0
893.50049,0.0,0.0
893.55414,53596847357.97838,12624989930.928171
893.60773,162728049303.246,91778629708.84076
893.66138,0.0,0.0
893.71497,210127940603.0864,77022847682.84718
893.76855,693012481479.4779,101172384979.97185
893.8222,101434330895.3954,15682950306.902508
893.87585,857315985021.1976,204174444739.6124
893.92944,0.0,0.0
893.98309,0.0,0.0
894.03674,0.0,0.0
894.09033,0.0,0.0
894.14398,678621461236.7339,114875147488.13828
894.19763,0.0,0.0
894.25128,0.0,0.0
894.30493,0.0,0.0
894.35858,0.0,0.0
894.41223,1047819151010.4054,306169530762.52045
894.46588,141137843879.5496,47232892317.71711
894.51953,0.0,0.0
894.57318,0.0,0.0
894.62683,0.0,0.0
894.68054,784515339483.5607,204460692436.94
894.73419,1153914778130.6372,540000755336.458
894.78784,0.0,0.0
894.84155,744555442349.588,204084881619.15585
894.8952,0.0,0.0
894.94891,145925108314.96167,25509761908.67939
895.00256,979387495287.2128,245764051469.97745
895.05627,984257970887.8969,189863178027.8393
895.10992,672065324968.6272,101073545416.96422
895.16364,620642720252.6237,95080536992.15256
895.21735,0.0,0.0
895.27106,1865453387250.6409,367692270073.0586
895.32471,569469759054.4377,148691201872.96124
895.37842,1396606129086.0947,492592595779.5064
895.43213,16759028409315.656,1782010371983.5789
895.48584,17915948545765.418,286083802071.0878
895.53955,6233394400673.143,837689461984.213
895.59326,3751176353544.044,1428377699134.8892
895.64697,2429528133545.356,1223144374034.0225
895.70068,0.0,0.0
895.75446,0.0,0.0
895.80817,0.0,0.0
895.86188,0.0,0.0
895.91559,0.0,0.0
895.96936,1396986907229.7249,627759882503.6991
896.02307,449667924627.2551,207582109501.89023
896.07684,0.0,0.0
896.13055,0.0,0.0
896.18433,3962278442999.627,3054284752255.265
896.23804,0.0,0.0
896.29181,0.0,0.0
896.34558,0.0,0.0
896.39929,0.0,0.0
896.45306,0.0,0.0
896.50684,27185202268.59228,7061759799.890557
896.56061,1494419093242.422,481290967437.0078
896.61438,608371946463.5486,244811136979.4428
896.66815,0.0,0.0
896.72192,0.0,0.0
896.7757,141512952943.90414,35684198047.47329
896.82947,0.0,0.0
896.88324,991575645099.6356,169017229554.4439
896.93701,0.0,0.0
896.99078,0.0,0.0
897.04456,5307378759539.004,3868799704926.588
897.09839,0.0,0.0
897.15216,0.0,0.0
897.20599,2572630972122.6265,1853963894915.472
897.25977,0.0,0.0
897.31354,0.0,0.0
897.36737,0.0,0.0
897.4212,0.0,0.0
897.47498,2052232008681.368,473632173663.8353
897.52881,3476723302796.579,1492860408728.1516
897.58264,61774291770.69412,23277303438.9578
897.63641,0.0,0.0
897.69025,1226657804310.1692,634547187164.7876
897.74408,1927812858608.152,1494199434597.04
897.79791,2350866669613.3687,1664583242968.4097
897.85175,2544083375750.558,1383038021378.711
897.90558,9928220717576.102,8020967048406.162
897.95941,20723836098620.547,22489493713314.586
898.01324,79728519602673.8,84355690021025.14
898.06708,60967265839524.336,51499381342696.47
898.12091,19413824954748.246,7654437846684.902
898.1748,3246944488936.413,673991877226.5867
898.22864,2886473621354.8203,1226497309875.436
898.28247,5295265467754.587,3132877781409.164
898.33636,1066667060420.552,650104960709.8613
898.3902,0.0,0.0
898.44403,0.0,0.0
898.49792,0.0,0.0
898.55182,2326118806806.629,659249094547.3276
898.60565,2489722764679.042,1467403016604.1248
898.65955,0.0,0.0
898.71338,0.0,0.0
898.76727,1447675124209.8057,696382047191.8333
898.82117,4416848730749.305,1741458476264.379
898.87506,0.0,0.0
898.92896,0.0,0.0
898.98285,0.0,0.0
899.03674,928826647550.9312,573969917845.6133
899.09064,0.0,0.0
899.14453,0.0,0.0
899.19843,0.0,0.0
899.25232,0.0,0.0
899.30621,0.0,0.0
899.36011,0.0,0.0
899.41406,0.0,0.0
899.46796,1000596702763.4584,852469021301.4738
899.52185,882889933041.9631,474033735336.6495
899.57581,0.0,0.0
899.6297,266495479475.72897,343844384221.7487
899.68365,0.0,0.0
899.73755,0.0,0.0
899.7915,1557817756652.6023,817266510835.9497
899.8454,207849667634.122,39530532670.644745
899.89935,0.0,0.0
899.95331,3085105547374.83,1745279565576.5046
